5 0.09059474412171507 0.12546125461254612 0.10926694329183956 0.11439114391143912
10 0.2966804979253112 0.12638376383763839 0.11479944674965421 0.10516605166051661
1 0.49792531120331956 0.12361623616236163 0.09958506224066391 0.1033210332103321
14 0.7040110650069156 0.1282287822878229 0.09405255878284924 0.10516605166051661
7 0.9094052558782849 0.12453874538745388 0.12309820193637622 0.10516605166051661
2 0.0954356846473029 0.3726937269372694 0.11065006915629322 0.11439114391143912
16 0.2952973720608575 0.37084870848708484 0.11479944674965421 0.11070110701107011
15 0.5027662517289074 0.37177121771217714 0.10926694329183956 0.10885608856088562
18 0.7005532503457814 0.3643911439114391 0.10926694329183956 0.11254612546125461
8 0.9045643153526969 0.3736162361623616 0.0968188105117566 0.1014760147601476
13 0.09751037344398342 0.620848708487085 0.11203319502074692 0.1014760147601476
3 0.2946058091286307 0.6143911439114391 0.12171507607192254 0.11439114391143912
6 0.49792531120331956 0.6190036900369004 0.09958506224066391 0.11254612546125461
19 0.7116182572614107 0.618081180811808 0.11756569847856156 0.11439114391143912
12 0.9073305670816044 0.6180811808118082 0.1355463347164592 0.11070110701107011
9 0.10165975103734441 0.867158671586716 0.0954356846473029 0.09594095940959409
4 0.301521438450899 0.864391143911439 0.10511756569847856 0.10516605166051661
0 0.495850622406639 0.8708487084870847 0.11756569847856156 0.11070110701107011
17 0.7005532503457814 0.8736162361623614 0.10926694329183956 0.11623616236162361
11 0.896265560165975 0.8699261992619927 0.09958506224066391 0.09778597785977858
