5 0.09612724757952971 0.20746887966804978 0.08990318118948824 0.09958506224066391
10 0.18118948824343015 0.20850622406639005 0.06915629322268327 0.10580912863070539
1 0.2558782849239281 0.20954356846473027 0.07468879668049792 0.1037344398340249
14 0.3291839557399723 0.20954356846473027 0.05809128630705394 0.1037344398340249
7 0.4073305670816044 0.212655601659751 0.08713692946058091 0.10995850622406639
2 0.0947441217150761 0.40871369294605814 0.08160442600276624 0.09958506224066391
16 0.18049792531120332 0.4066390041493776 0.08713692946058091 0.0954356846473029
15 0.2627939142461964 0.40871369294605814 0.07192254495159058 0.1037344398340249
18 0.338865836791148 0.40663900414937765 0.07468879668049792 0.1037344398340249
8 0.4218533886583679 0.40663900414937765 0.08575380359612725 0.1037344398340249
13 0.0947441217150761 0.6047717842323651 0.08160442600276624 0.10995850622406639
3 0.17704011065006917 0.6047717842323652 0.08022130013831258 0.10580912863070539
6 0.25933609958506226 0.6058091286307055 0.07883817427385892 0.1078838174273859
19 0.34232365145228216 0.6047717842323651 0.08437067773167359 0.10995850622406639
12 0.4343015214384511 0.6047717842323653 0.0968188105117566 0.11410788381742738
9 0.09405255878284927 0.8029045643153526 0.08022130013831258 0.09958506224066391
4 0.17289073305670818 0.8039419087136929 0.06915629322268327 0.09751037344398342
0 0.24688796680497926 0.8039419087136929 0.07607192254495158 0.09751037344398342
17 0.32641770401106496 0.8070539419087137 0.0829875518672199 0.1037344398340249
11 0.40733056708160453 0.8049792531120332 0.07883817427385892 0.1037344398340249
