5 0.3595588235294118 0.31029411764705883 0.07794117647058824 0.05588235294117649
10 0.43529411764705883 0.31029411764705883 0.06470588235294118 0.05588235294117649
1 0.4941176470588236 0.30588235294117655 0.061764705882352944 0.061764705882352944
14 0.5514705882352942 0.30514705882352944 0.05 0.0661764705882353
7 0.6095588235294118 0.30661764705882355 0.06323529411764706 0.060294117647058824
2 0.35588235294117654 0.3808823529411765 0.07058823529411765 0.052941176470588235
16 0.425 0.3801470588235294 0.06764705882352941 0.0514705882352941
15 0.488970588235294 0.3801470588235294 0.057352941176470586 0.0514705882352941
18 0.5470588235294118 0.38161764705882356 0.05882352941176469 0.054411764705882354
8 0.6095588235294118 0.3823529411764707 0.06323529411764706 0.05588235294117649
13 0.3544117647058823 0.4632352941176472 0.07058823529411765 0.052941176470588235
3 0.41323529411764703 0.45955882352941174 0.061764705882352944 0.0514705882352941
6 0.47573529411764715 0.4624999999999999 0.060294117647058824 0.0485294117647059
19 0.5404411764705883 0.4602941176470589 0.0661764705882353 0.047058823529411764
12 0.6139705882352942 0.4580882352941177 0.07205882352941174 0.045588235294117645
9 0.3566176470588235 0.5397058823529413 0.0661764705882353 0.047058823529411764
4 0.4161764705882354 0.5397058823529413 0.05588235294117649 0.047058823529411764
0 0.47867647058823537 0.538235294117647 0.0661764705882353 0.05
17 0.5448529411764705 0.5411764705882353 0.0661764705882353 0.052941176470588235
11 0.6110294117647058 0.5397058823529413 0.060294117647058824 0.05588235294117649
