5 0.11619718309859155 0.10526315789473684 0.2136150234741784 0.15789473684210525
10 0.3380281690140845 0.08771929824561403 0.18309859154929584 0.17543859649122806
1 0.5352112676056339 0.09868421052631579 0.1784037558685446 0.16228070175438597
14 0.7018779342723005 0.09429824561403509 0.13615023474178403 0.16228070175438597
7 0.8779342723004695 0.08991228070175439 0.20657276995305163 0.17982456140350878
2 0.10563380281690142 0.3289473684210526 0.20187793427230047 0.16666666666666663
16 0.3157276995305164 0.33333333333333337 0.19483568075117372 0.17543859649122806
15 0.5105633802816901 0.3355263157894737 0.1666666666666666 0.17105263157894737
18 0.6901408450704225 0.331140350877193 0.1643192488262911 0.16228070175438597
8 0.8873239436619719 0.32675438596491235 0.1784037558685446 0.16228070175438597
13 0.10680751173708919 0.587719298245614 0.19014084507042248 0.16666666666666663
3 0.29694835680751175 0.5942982456140351 0.17136150234741784 0.17105263157894737
6 0.4765258215962442 0.5942982456140351 0.17370892018779346 0.17982456140350878
19 0.6643192488262912 0.5986842105263157 0.18309859154929584 0.17982456140350878
12 0.8814553990610328 0.5964912280701754 0.2089201877934272 0.17543859649122806
9 0.1068075117370892 0.861842105263158 0.17136150234741784 0.17105263157894737
4 0.2934272300469483 0.8662280701754387 0.1643192488262911 0.17105263157894737
0 0.4823943661971831 0.8596491228070172 0.19483568075117372 0.17543859649122806
17 0.6819248826291079 0.8684210526315786 0.17605633802816897 0.1929824561403508
11 0.8732394366197183 0.8618421052631576 0.1690140845070422 0.17982456140350878
