5 0.23235294117647057 0.2426470588235294 0.1411764705882353 0.08235294117647057
10 0.36397058823529416 0.24411764705882355 0.11617647058823528 0.08823529411764706
1 0.48014705882352926 0.24558823529411763 0.10147058823529412 0.08529411764705883
14 0.5911764705882353 0.24705882352941178 0.1 0.09117647058823529
7 0.7227941176470588 0.24558823529411763 0.14264705882352943 0.08235294117647057
2 0.21911764705882356 0.42573529411764705 0.12941176470588237 0.08676470588235294
16 0.3536764705882353 0.4235294117647059 0.12794117647058825 0.07647058823529412
15 0.4823529411764706 0.42720588235294116 0.11470588235294117 0.075
18 0.5985294117647059 0.4294117647058823 0.1029411764705882 0.07647058823529412
8 0.7272058823529411 0.4286764705882354 0.1338235294117647 0.08382352941176469
13 0.22279411764705884 0.5941176470588235 0.10441176470588236 0.07647058823529412
3 0.3411764705882352 0.5911764705882353 0.10588235294117647 0.07647058823529412
6 0.4558823529411765 0.5963235294117647 0.10588235294117647 0.08088235294117646
19 0.5904411764705882 0.5970588235294118 0.14264705882352943 0.07941176470588233
12 0.7588235294117647 0.5985294117647059 0.15882352941176467 0.08529411764705883
9 0.22058823529411764 0.7544117647058823 0.1029411764705882 0.08235294117647057
4 0.35 0.7544117647058823 0.13529411764705881 0.08823529411764706
0 0.49191176470588227 0.7529411764705882 0.125 0.08823529411764706
17 0.6316176470588235 0.7625 0.1191176470588235 0.11029411764705882
11 0.75 0.7529411764705881 0.11470588235294117 0.1
