5 0.10720720720720721 0.19044117647058822 0.2108108108108108 0.0985294117647059
10 0.30990990990990996 0.19117647058823525 0.16576576576576577 0.09411764705882353
1 0.4783783783783784 0.18897058823529408 0.14954954954954955 0.08970588235294118
14 0.6630630630630631 0.19779411764705884 0.1513513513513514 0.09558823529411764
7 0.853153153153153 0.19338235294117645 0.2036036036036036 0.09264705882352942
2 0.09279279279279277 0.41397058823529415 0.16396396396396395 0.08970588235294118
16 0.2891891891891892 0.41470588235294115 0.2108108108108108 0.1
15 0.4810810810810811 0.4161764705882353 0.16216216216216217 0.1029411764705882
18 0.6648648648648648 0.4161764705882353 0.15495495495495495 0.1
8 0.8612612612612612 0.4161764705882353 0.2162162162162162 0.0970588235294118
13 0.09009009009009007 0.6198529411764707 0.1369369369369369 0.075
3 0.26666666666666666 0.6220588235294116 0.14414414414414414 0.09411764705882353
6 0.44954954954954957 0.6235294117647058 0.15315315315315312 0.09411764705882353
19 0.6504504504504505 0.6227941176470588 0.1981981981981982 0.0985294117647059
12 0.8909909909909911 0.6175864808699664 0.218018018018018 0.09105531468110926
9 0.07747747747747748 0.8235294117647061 0.15495495495495495 0.09411764705882353
4 0.28378378378378377 0.8279411764705883 0.2072072072072072 0.09411764705882353
0 0.5072072072072072 0.8308823529411765 0.18198198198198198 0.09117647058823529
17 0.7045045045045044 0.8389705882352942 0.16216216216216217 0.12205882352941176
11 0.8828828828828829 0.8213235294117647 0.16576576576576577 0.0985294117647059
