5 0.2782781090420277 0.27654243413967905 0.08094542908075533 0.06842108243076084
13 0.3564184985011727 0.27386973560722744 0.07212959026997999 0.06735200301778019
8 0.4281473688252083 0.27333519590073707 0.06812239081053668 0.0684210824307609
13 0.27507234947447307 0.3738286607209171 0.0665195110267593 0.06628292360479959
5 0.558807339515289 0.22148484437117613 0.06812239081053668 0.05452305006201255
10 0.6217203710285493 0.21827760613223418 0.05610079243220668 0.05666120888797382
1 0.6806262030823664 0.21667398701276327 0.05690223232409546 0.055592129474993174
14 0.7214996375686883 0.22095030466468582 0.04247631427009932 0.05773028830095446
7 0.7759975502171177 0.21720852671925356 0.06651951102675935 0.05238489123605125
2 0.724705397136243 0.29257862533438855 0.07293103016186862 0.055592129474993174
2 0.7948313876765016 0.2829569106175628 0.06732095091864813 0.04917765299710937
13 0.5507929405964024 0.3609997077651495 0.05850511210787271 0.05345397064903193
3 0.6129045322177741 0.3583270092326978 0.05930655199976127 0.06093752653989639
6 0.6810269230283107 0.36099970776514945 0.054497912648429236 0.05986844712691575
19 0.7371277154605174 0.3588615489391882 0.054497912648429236 0.05345397064903193
12 0.7984378671900003 0.348705294515872 0.06972527059431387 0.04810857358412867
9 0.7219003575146327 0.41926453577259415 0.05129215308087457 0.04810857358412867
4 0.7719903507576741 0.41819545635961364 0.050490713188985945 0.05452305006201253
0 0.8324990625952688 0.4176609166531232 0.06251231156731601 0.04703949417114808
17 0.8982171337301393 0.4192645357725942 0.06090943178353877 0.05666120888797382
11 0.9643359248109543 0.42140269459855545 0.06491663124298207 0.05452305006201253
