5 0.12040441176470587 0.3154411764705882 0.10477941176470588 0.0514705882352941
10 0.21323529411764702 0.31691176470588234 0.07720588235294118 0.054411764705882354
1 0.29871323529411764 0.3183823529411765 0.0863970588235294 0.0514705882352941
14 0.38177552165865775 0.3164139037106457 0.06905466920051265 0.052230440704387704
7 0.46778007775033587 0.31390282483062704 0.08537668192063386 0.049217146048365336
2 0.11622903454772615 0.3862218965751639 0.08537668192063377 0.05323487225639525
16 0.20600010450839257 0.3862218965751639 0.08914330024066176 0.05323487225639525
15 0.2938878653090449 0.3867241123511677 0.08914330024066175 0.05022157760037282
18 0.3811478563896928 0.3862218965751639 0.08035452416059652 0.05323487225639525
8 0.46652453831032653 0.3862218965751639 0.08286560304061515 0.05323487225639525
13 0.11057910706768422 0.4595453998717083 0.08914330024066175 0.05323487225639525
3 0.20474456506838326 0.45753653676769335 0.08663222136064314 0.051226009152380285
6 0.293887865309045 0.4565321052156859 0.08412114248062447 0.049217146048365336
19 0.3849144747097208 0.4565321052156859 0.08537668192063375 0.051226009152380285
12 0.47091892635035904 0.45753653676769335 0.08161006360060576 0.051226009152380285
9 0.11560126482772151 0.5253356665281966 0.0866322213606431 0.052230440704387704
4 0.20788341366840654 0.5253356665281966 0.08035452416059652 0.052230440704387704
0 0.29577117446905893 0.5253356665281967 0.0853766819206338 0.054239303808402646
17 0.3849144747097208 0.526340098080204 0.08788776080065244 0.054239303808402646
11 0.4665244338592867 0.526340098080204 0.08286560304061515 0.054239303808402646
