5 0.3148507850453574 0.1719725467588992 0.10717284659919563 0.06076810889645112
10 0.41373707134049154 0.17086767205169098 0.08618022716223987 0.058558359482034715
1 0.5043367973315641 0.1697627973444828 0.09059972599107256 0.058558359482034715
14 0.5954889606762407 0.17086767205169098 0.0850753524550316 0.058558359482034715
7 0.70045205786102 0.17307742146610738 0.10275334777036293 0.06297785831086754
2 0.30380207736623893 0.22832115682651746 0.09833384894152998 0.05413886065320187
16 0.41263219663328327 0.22445409535128877 0.10827772130640378 0.053033985945993706
15 0.5048892346851681 0.22611140741210106 0.08949485128386435 0.05192911123878548
18 0.6015657715658856 0.22666384476570517 0.09501922481990528 0.055243735360410155
8 0.7043191193362486 0.22666384476570517 0.10606797189198741 0.05524373536041012
13 0.3026971632660672 0.28190758012611533 0.10275334777036281 0.05745348477482654
3 0.4048980736828258 0.28190758012611533 0.0905997259910726 0.05745348477482654
6 0.5010221732099395 0.2846697668941358 0.09280947540548891 0.06518760772528392
19 0.6059852178707673 0.28246001747971944 0.10606797189198741 0.051929111238785575
12 0.7054239940434569 0.2852222042477399 0.10827772130640385 0.05745348477482654
9 0.30103994312216975 0.33825619019373365 0.09059972599107256 0.05745348477482654
4 0.3993736344918457 0.33825619019373365 0.09722897423432185 0.05745348477482646
0 0.5065465467459805 0.33880862754733776 0.10385822247757096 0.05634861006761833
17 0.605985231001755 0.339913502254546 0.09722897423432177 0.06297785831086757
11 0.6998996073764278 0.34157081431535824 0.10385822247757115 0.05524373536041012
