5 0.21784232365145226 0.5900735294117647 0.08437067773167359 0.08455882352941177
16 0.30359612724757956 0.6056985294117647 0.08713692946058091 0.0863970588235294
5 0.43015214384508993 0.5919117647058824 0.07192254495159058 0.08088235294117646
19 0.5511756569847855 0.5790441176470589 0.08990318118948824 0.0735294117647059
13 0.7012448132780082 0.5762867647058822 0.07468879668049792 0.07904411764705882
5 0.8457814661134162 0.5735294117647058 0.07330567081604426 0.08088235294117646
0 0.9246196403872753 0.5606617647058825 0.07883817427385892 0.06985294117647059
7 0.15975103734439833 0.727941349718644 0.07883817427385892 0.06985294117647059
16 0.24481327252043847 0.726103172173878 0.08575380359612725 0.07720588235294118
13 0.355463347164592 0.71875 0.06085753803596127 0.07720588235294118
5 0.4896265669923182 0.7270221743222333 0.07745504840940526 0.07904411764705882
10 0.6452282157676348 0.703125 0.08160442600276624 0.07904411764705882
0 0.7966804979253113 0.7003676470588236 0.0829875518672199 0.08455882352941177
