5 0.1958092485549133 0.06838235294117645 0.17196531791907513 0.10735294117647057
10 0.3338150289017341 0.07352941176470588 0.1300578034682081 0.10882352941176471
1 0.4624277456647398 0.06985294117647059 0.12716763005780343 0.09558823529411764
14 0.5895953757225434 0.06911764705882353 0.12138728323699421 0.09117647058823529
7 0.7355489661024063 0.06838235294117646 0.17052023121387283 0.10735294117647057
2 0.17341040462427745 0.3477941176470589 0.1445086705202312 0.11323529411764706
16 0.32297687861271673 0.3448529411764706 0.15173410404624277 0.10147058823529412
15 0.4617052023121387 0.34852941176470587 0.12861271676300579 0.10588235294117647
18 0.5823699421965318 0.35073529411764703 0.13583815028901733 0.10147058823529412
8 0.7304913294797687 0.349264705882353 0.17196531791907513 0.0985294117647059
13 0.1813583815028902 0.6301470588235293 0.13439306358381503 0.11029411764705882
3 0.3085260115606936 0.625 0.12861271676300579 0.10588235294117647
6 0.43135838150289013 0.6279411764705882 0.12283236994219653 0.1
19 0.5679190751445087 0.625 0.16473988439306356 0.1029411764705882
12 0.7485548894597162 0.6257352941176472 0.2023121387283237 0.0985294117647059
9 0.17991329479768786 0.8985294117647059 0.13439306358381503 0.0970588235294118
4 0.32803468208092484 0.8977941176470589 0.15895953757225434 0.09558823529411764
0 0.48193641618497113 0.8941176470588238 0.16329479768786126 0.10588235294117647
17 0.6221098265895953 0.911029411764706 0.1315028901734104 0.1308823529411765
11 0.7550578034682079 0.8992647058823529 0.13728323699421965 0.08970588235294118
