5 0.33814948551379564 0.1301154877987129 0.09447210869314424 0.030559975441546698
10 0.4213260159936291 0.12949181483051805 0.06777346927986436 0.029312629505157017
1 0.4978278866201428 0.12886814186232323 0.07085408151985813 0.031807321377936335
14 0.575356627993321 0.12855630537822582 0.07598843525318126 0.03118364840974151
7 0.6580197230998222 0.12793263241003097 0.08112278898650428 0.029936302473351842
2 0.33866292088712796 0.1765791239292277 0.08112278898650432 0.027441610600572545
16 0.42235288674029386 0.1781383063497148 0.07393469375985204 0.030559975441546698
15 0.5014219342334689 0.1759554509610329 0.06982721077319351 0.027441610600572545
18 0.5763834987399855 0.17657912392922775 0.06777346927986436 0.02993630247335187
8 0.6595600292198192 0.17501994150874065 0.09036462570648592 0.02681793763237771
13 0.3422569685004542 0.22335459654384 0.07804217674651048 0.029936302473351824
3 0.42132601599362923 0.22210725060745037 0.07188095226652283 0.028688956536962164
6 0.5019353696068012 0.22210725060745037 0.07290782301318742 0.028688956536962164
19 0.5784372402333148 0.22210725060745037 0.07188095226652283 0.028688956536962164
12 0.6616137707131483 0.21992439521876847 0.09036462570648578 0.028065283568767373
9 0.34431070999378344 0.2666998678333807 0.07598843525318126 0.026817937632377668
4 0.4202991452469646 0.2666998678333807 0.06982721077319358 0.026817937632377668
0 0.49731445124681045 0.2657643583810884 0.07393469375985197 0.028688956536962164
17 0.573816321873324 0.2679472137697703 0.06880034002652897 0.03180732137793632
11 0.659560029219819 0.2651406854128936 0.07188095226652283 0.028688956536962164
