5 0.10580912863070539 0.12553191489361704 0.14246196403872752 0.14042553191489365
10 0.30774550484094054 0.13191489361702127 0.12309820193637622 0.14893617021276595
1 0.5076071922544952 0.13085106382978723 0.11341632088520055 0.14680851063829786
14 0.6964038727524204 0.12659574468085105 0.10926694329183956 0.125531914893617
7 0.8810511756569847 0.1202127659574468 0.1272475795297372 0.12978723404255318
2 0.1230982019363762 0.3638297872340426 0.14661134163208853 0.13617021276595745
16 0.31881051175656977 0.35638297872340424 0.12309820193637622 0.12127659574468085
15 0.5138312586445367 0.3606382978723404 0.10926694329183956 0.12127659574468085
18 0.6950207468879667 0.35212765957446807 0.11479944674965421 0.125531914893617
8 0.8845089903181187 0.3478723404255318 0.13692946058091285 0.1127659574468085
13 0.1251728907330567 0.6138297872340425 0.12586445366528354 0.1127659574468085
3 0.31396957123098196 0.5946808510638297 0.11894882434301518 0.125531914893617
6 0.5062240663900416 0.5893617021276595 0.11065006915629322 0.13191489361702127
19 0.7060857538035961 0.575531914893617 0.11756569847856156 0.12978723404255318
12 0.9004149377593361 0.5670212765957447 0.13278008298755187 0.125531914893617
9 0.1286307053941909 0.8276595744680851 0.1272475795297372 0.12340425531914895
4 0.31811894882434305 0.8212765957446808 0.11618257261410787 0.13617021276595745
0 0.5214384069961493 0.8170212767338957 0.11341632088520055 0.1276595744680851
17 0.7150760719225449 0.8202127659574469 0.10788381742738591 0.12978723404255318
11 0.9114799446749653 0.8053191489361703 0.11894882434301518 0.11702127659574468
