5 0.26348843330006794 0.1441861492906704 0.11490696954965304 0.06076810889645112
10 0.37950027755692917 0.1441861492906704 0.1060679718919875 0.06076810889645112
1 0.503798682117852 0.1452910239978786 0.10054359835594638 0.06297785831086754
14 0.6236775878499418 0.1436337119370663 0.09059972599107265 0.06408273301807574
7 0.7446613682892399 0.14584346135148268 0.10717284659919563 0.06408273301807574
2 0.26293599594646383 0.21158350643037072 0.10938259601361207 0.058558359482034715
16 0.3811575896177415 0.21158350643037074 0.11380209484244483 0.05634861006761829
15 0.5010364953498313 0.21158350643037072 0.11048747072082024 0.054138860653201934
18 0.6275447149801098 0.21545056790559947 0.10275334777036278 0.061872983603659316
8 0.7485284297644687 0.21103106907676664 0.11490696954965308 0.05524373536041012
13 0.2645933080072761 0.2806381756308834 0.11048747072082017 0.0574534847748265
3 0.3833673390321579 0.28174305033809155 0.10054359835594648 0.05745348477482654
6 0.5037986558558762 0.2817430503380916 0.10717284659919563 0.059663234189242915
19 0.6253348999107542 0.28284792504529976 0.09612409952711369 0.05966323418924294
12 0.7463186803500522 0.28284792504529976 0.11048747072082024 0.061872983603659296
9 0.26514574536088026 0.3474830954169796 0.10054359835594641 0.05634861006761829
4 0.3811575896177415 0.34693065806337553 0.08949485128386439 0.05524373536041008
0 0.5054559941786643 0.34803553277058374 0.09722897423432177 0.059663234189242915
17 0.6258873372643583 0.35245503159941655 0.08397047774782339 0.06850223184690851
11 0.7407943068140114 0.3502452821850001 0.09722897423432177 0.06187298360365934
