5 0.24607220058557075 0.14195973021229555 0.10496309718477917 0.059663234189242915
10 0.3692657304392853 0.14416947962671195 0.10164847306315465 0.061872983603659316
1 0.4952214470610204 0.14361704227310784 0.10385822247757107 0.060768108896451095
14 0.6117857286714857 0.14472191698031606 0.0850753524550316 0.05634861006761831
7 0.7283500102819511 0.14472191698031606 0.10606797189198733 0.06076810889645112
2 0.24275757646394616 0.2110143994128082 0.09833384894152998 0.054138860653201934
16 0.37037060514649356 0.21377658618082868 0.09943872364873822 0.053033985945993706
15 0.4946690097074163 0.21377658618082865 0.0961240995271136 0.050824236531577284
18 0.6112332913178816 0.2126717114736205 0.09501922481990538 0.053033985945993685
8 0.7272451355747429 0.2104619620592041 0.10164847306315465 0.05303398594599374
13 0.24551976323196667 0.27620200713809206 0.10827772130640378 0.05192911123878548
3 0.36871329308568124 0.2767544444916962 0.0961240995271136 0.053033985945993706
6 0.49080194823218753 0.27620200713809206 0.09280947540548898 0.05192911123878548
19 0.6090235419034653 0.2778593191989044 0.09943872364873815 0.05524373536041012
12 0.7255878235139306 0.27399225772367575 0.1115923454280283 0.04971936182436911
9 0.25214901147521596 0.33862742809535556 0.10385822247757102 0.04640473770274449
4 0.378657165450555 0.3369701160345432 0.09170460069828086 0.05413886065320193
0 0.49190682293939575 0.3397323028025637 0.09059972599107256 0.05303398594599375
17 0.6106808539642776 0.34083717750977194 0.09170460069828086 0.0574534847748265
11 0.7255493958224537 0.33914119483420735 0.08499849707207673 0.054061519423697434
