5 0.13832853025936598 0.17720588235294116 0.11527377521613832 0.07205882352941174
10 0.32492795389048984 0.17205882352941182 0.10806916426512968 0.08235294117647057
1 0.49279538904899134 0.1713235294117647 0.11527377521613832 0.09558823529411764
14 0.6541786743515849 0.16911764705882354 0.11815561959654179 0.08823529411764706
7 0.8414985590778098 0.16838235294117646 0.1354466858789625 0.08676470588235294
2 0.138328530259366 0.3838235294117646 0.11815561959654179 0.07647058823529412
16 0.29610951008645536 0.3794117647058824 0.11959654178674352 0.08235294117647057
15 0.4978386167146974 0.38455882352941173 0.11959654178674352 0.08382352941176469
18 0.6613832853025936 0.3830882352941176 0.1354466858789625 0.08676470588235294
8 0.8270893371757926 0.38382352941176473 0.1239193083573487 0.08529411764705883
13 0.12968299711815562 0.5948529411764706 0.13256484149855907 0.075
3 0.297550432276657 0.5897058823529413 0.14265129682997119 0.08235294117647057
6 0.47694524495677243 0.5941176470588235 0.10951008645533142 0.08529411764705883
19 0.6664265129682997 0.5992647058823529 0.14265129682997119 0.07794117647058824
12 0.8386167146974063 0.5933823529411765 0.14697406340057637 0.08088235294117646
9 0.11959654178674352 0.8029411764705882 0.1354466858789625 0.08235294117647057
4 0.27881844380403464 0.8022058823529412 0.10806916426512968 0.08088235294117646
0 0.46253602305475516 0.8029411764705879 0.1440922190201729 0.08823529411764706
