5 0.16759002770083103 0.20656028368794327 0.16343490304709143 0.11879432624113476
10 0.3317174515235457 0.20390070921985817 0.13157894736842105 0.12411347517730496
1 0.4993074792243766 0.20833333333333337 0.14542936288088643 0.12234042553191489
14 0.6502770083102491 0.2047872340425532 0.12880886426592797 0.11170212765957446
7 0.8282548476454293 0.20390070921985817 0.1662049861495845 0.13120567375886524
2 0.16551246537396125 0.41312056737588654 0.1481994459833795 0.09574468085106384
16 0.3324099722991689 0.41046099290780147 0.15512465373961218 0.1046099290780142
15 0.5034626038781164 0.41400709219858156 0.14542936288088643 0.10815602836879433
18 0.6585872576177286 0.41666666666666674 0.13434903047091412 0.1099290780141844
8 0.8268698060941828 0.40957430690638036 0.14404432132963987 0.11347517730496454
13 0.17243767313019387 0.6054964539007092 0.1371191135734072 0.1046099290780142
3 0.3303324099722992 0.6054964539007094 0.13988919667590027 0.10815602836879433
6 0.5027700831024929 0.6117021276595745 0.1412742382271468 0.12056737588652482
19 0.6641274238227146 0.6081560283687942 0.15650969529085873 0.11702127659574468
12 0.8337950138504152 0.6090425531914895 0.17174515235457066 0.11524822695035461
9 0.172437585548341 0.8014184128531909 0.14265927977839335 0.11702127659574468
4 0.3331024930747922 0.8058510638297872 0.15096952908587258 0.11170212765957446
0 0.49584487534626037 0.8085106382978724 0.14681440443213295 0.12056737588652482
17 0.6613573407202216 0.8191489361702128 0.14542936288088643 0.1347517730496454
11 0.8317174515235457 0.8147163120567376 0.15096952908587258 0.125886524822695
