5 0.18188105117565698 0.22604422604422603 0.11203319502074692 0.10319410319410316
10 0.3271092669432918 0.22235872235872237 0.0954356846473029 0.11547911547911548
1 0.47026279391424614 0.21498771498771496 0.1023513139695712 0.14496314496314497
14 0.6175656984785616 0.22972972972972971 0.11203319502074692 0.11056511056511056
7 0.7558782849239282 0.21990171990171992 0.09820193637621026 0.11056511056511056
2 0.17496542185338868 0.4029484029484029 0.08160442600276624 0.1081081081081081
16 0.33333333333333337 0.4017199017199016 0.10511756569847856 0.11056511056511056
15 0.47925311203319504 0.40663390663390653 0.10650069156293222 0.12039312039312039
18 0.6265560165975105 0.40663390663390664 0.08852005532503458 0.10073710073710072
8 0.7517289073305671 0.3808353808353808 0.12033195020746888 0.11793611793611794
13 0.18049792531120332 0.5835380835380836 0.08713692946058091 0.10073710073710072
3 0.3257261410788381 0.5724815724815725 0.08437067773167359 0.11793611793611794
6 0.4764868603042877 0.5786240786240788 0.08437067773167359 0.10565110565110565
19 0.6175656984785616 0.563882063882064 0.10096818810511757 0.10073710073710072
12 0.7607192254495158 0.5749385749385749 0.11894882434301518 0.11302211302211303
9 0.173582295988935 0.7457002457002458 0.0954356846473029 0.10073710073710072
4 0.3291839557399723 0.7444717444717441 0.11341632088520055 0.10319410319410316
0 0.46680497925311193 0.7457002457002457 0.11203319502074692 0.11547911547911548
17 0.6141078838174274 0.7518427518427518 0.0968188105117566 0.12776412776412777
11 0.7510373443983401 0.7457002457002457 0.0968188105117566 0.11547911547911548
