5 0.09903047091412741 0.110803324099723 0.08725761772853186 0.13296398891966757
10 0.18005540166204984 0.11495844875346262 0.07202216066481994 0.1412742382271468
1 0.2569252077562326 0.11495844875346262 0.07617728531855955 0.1412742382271468
14 0.3317174515235457 0.10803324099722993 0.06509695290858725 0.12742382271468145
7 0.4030470914127424 0.11495844875346259 0.08587257617728533 0.12465373961218837
2 0.0997229916897507 0.3739612188365651 0.07479224376731301 0.13850415512465372
16 0.1835180055401662 0.371191135734072 0.0844875346260388 0.14958448753462603
15 0.2638504155124653 0.371191135734072 0.07894736842105263 0.15512465373961218
18 0.33933518005540164 0.3670360110803324 0.06925207756232686 0.14681440443213295
8 0.42105263157894723 0.3753462603878116 0.08310249307479226 0.15789473684210525
13 0.09903047091412741 0.6371191135734072 0.0706371191135734 0.13296398891966757
3 0.17797783933518005 0.6343490304709141 0.07617728531855955 0.13296398891966757
6 0.260387811634349 0.6357340720221606 0.07756232686980609 0.14681440443213295
19 0.3462603878116343 0.6329639889196675 0.08587257617728533 0.1523545706371191
12 0.44182825484764554 0.6329639889196675 0.09695290858725764 0.1523545706371191
