5 0.09349030470914127 0.4273399014778325 0.10664819944598335 0.11576354679802955
10 0.19529085872576174 0.42610837438423643 0.08587257617728533 0.11330049261083744
1 0.2693905817174515 0.4273399014778325 0.07894736842105263 0.10098522167487685
14 0.3497229916897507 0.43226600985221675 0.0706371191135734 0.12561576354679807
7 0.4452909682030779 0.43349764081027203 0.09833795013850417 0.12315270935960591
2 0.5325484764542936 0.43596059113300484 0.08171745152354572 0.10837438423645321
16 0.6260387811634349 0.43349753694581283 0.09418282548476457 0.10837438423645321
15 0.7174515235457064 0.43226600985221675 0.08033240997229915 0.10591133004926108
18 0.8012465373961222 0.42610837438423643 0.07894736842105263 0.11330049261083744
8 0.8947368421052632 0.4408866995073892 0.10249307479224379 0.12807881773399019
13 0.07132963988919667 0.682266009852217 0.0844875346260388 0.1330049261083744
3 0.15789473684210528 0.6798029556650248 0.08310249307479226 0.12807881773399019
6 0.23684210526315794 0.6785714285714286 0.07202216066481994 0.12068965517241378
19 0.3303324099722991 0.6847290640394088 0.10664819944598335 0.11822660098522167
12 0.4439058171745153 0.6847290640394089 0.1121883656509695 0.11330049261083744
9 0.5443213296398891 0.685960591133005 0.07756232686980609 0.11083743842364532
4 0.6385041551246537 0.6884236453201971 0.09695290858725764 0.12561576354679807
0 0.7403047091412742 0.6859605911330049 0.09279778393351804 0.12068965517241378
17 0.8337950138504155 0.6908866995073892 0.0886426592797784 0.1305418719211823
11 0.9168975069252079 0.687192118226601 0.07202216066481994 0.11822660098522167
