5 0.14958448753462605 0.06613756613756613 0.13573407202216065 0.12698412698412698
10 0.27770083102493076 0.06481481481481483 0.10387811634349027 0.12962962962962965
1 0.38019390581717455 0.06613756613756613 0.08171745152354572 0.12169312169312169
14 0.4785318559556786 0.06878306878306878 0.09279778393351804 0.11640211640211641
7 0.5789473684210527 0.06349206349206349 0.09418282548476457 0.1111111111111111
2 0.15789473684210528 0.2698412698412698 0.1412742382271468 0.13756613756613756
16 0.30817174515235457 0.25529100529100524 0.1260387811634349 0.12433862433862433
15 0.4155124653739613 0.24603174603174602 0.07756232686980609 0.12698412698412698
18 0.5096952908587258 0.242063492063492 0.0886426592797784 0.11904761904761901
8 0.6128808864265928 0.2394179894179894 0.09556786703601111 0.11375661375661375
13 0.17105263157894732 0.5119047619047619 0.1260387811634349 0.12962962962962965
3 0.33448753462603875 0.4708994708994708 0.1260387811634349 0.13756613756613756
6 0.45221597890014154 0.46428575443960296 0.10387811634349027 0.1349206349206349
19 0.5554016620498614 0.4457671355363628 0.09972299168975071 0.11375661375661375
12 0.6682825484764543 0.4272486772486772 0.1260387811634349 0.11904761904761901
9 0.19044343225103108 0.8055556760172213 0.13988919667590027 0.16666666666666663
4 0.34072022160664817 0.7605820105820107 0.11911357340720223 0.1402116402116402
0 0.48822714681440454 0.7156084656084656 0.11772853185595569 0.1402116402116402
17 0.600415512465374 0.6957671957671957 0.09002770083102496 0.13756613756613756
11 0.7042936288088643 0.6600529100529101 0.09833795013850417 0.1402116402116402
