5 0.09239269543114843 0.234041293046687 0.06361464275587268 0.07012831659188921
10 0.18054441467857202 0.2378174331708656 0.05331512916682663 0.08199618555359352
1 0.26809028018546355 0.23565963881419208 0.05997952031267997 0.06904941941355247
14 0.35381858447075865 0.238356881760034 0.04846829924256965 0.07660169966190977
7 0.44287908432898043 0.23512019022502373 0.05695025161001934 0.06797052223521573
2 0.09239269543114843 0.3942575240296955 0.05634439786948724 0.07120721377022599
16 0.18266490277043448 0.3942575240296954 0.05270927542629453 0.06904941941355251
15 0.26748442644493137 0.39425752402969544 0.05270927542629453 0.07552280248357296
18 0.3580595606544834 0.3947969726188639 0.05452683664789085 0.07228611094856277
8 0.44318200398766705 0.38778401963705306 0.049074152983101776 0.06689162505687896
13 0.0896663535987539 0.5480003719426834 0.04604488428044119 0.06365493352186868
3 0.180241487808306 0.5506976148885252 0.047862445502037554 0.06904941941355251
6 0.2683932238827483 0.5523159454907026 0.04846829924256965 0.0722861109485627
19 0.36018004874634585 0.5528554092451988 0.0587678128316157 0.07768059684024659
12 0.4443937186803108 0.5480003719426834 0.053920982907358764 0.07228611094856277
9 0.095119037263543 0.7065982571581866 0.04968000672363392 0.07012831659188928
4 0.1817561221596363 0.7044404628015131 0.048468299242569665 0.07660169966190968
0 0.2689990607962617 0.7071377057473549 0.0496800067236339 0.07768059684024659
17 0.3571507800436853 0.7055193599798498 0.049074152983101776 0.07228611094856284
11 0.44197030371818213 0.7044404628015133 0.04665073802097331 0.07444390530523624
