5 0.10442600276625172 0.23183391003460205 0.08713692946058091 0.20069204152249134
10 0.19709543568464732 0.2370242214532872 0.07883817427385892 0.22491349480968859
1 0.2876901798063624 0.23183391003460205 0.08022130013831258 0.20069204152249134
14 0.38105117565698476 0.24567474048442903 0.07330567081604426 0.20761245674740483
7 0.47164591977869974 0.23529411764705885 0.08852005532503458 0.19377162629757783
2 0.5608575380359614 0.2387543252595156 0.08437067773167359 0.18685121107266436
16 0.6473029045643153 0.2422145328719723 0.08022130013831258 0.19377162629757783
15 0.7378976486860305 0.2335640138408305 0.0954356846473029 0.1972318339100346
18 0.8312586445366529 0.2266435986159169 0.0829875518672199 0.1903114186851211
8 0.9197786998616874 0.23010380622837373 0.0912863070539419 0.1903114186851211
13 0.10373443983402489 0.6332179930795849 0.08022130013831258 0.17301038062283738
3 0.19363762102351312 0.6384083044982699 0.0829875518672199 0.17647058823529413
6 0.28423236514522826 0.6470588235294117 0.07607192254495158 0.19377162629757783
19 0.3775933609958506 0.6384083044982699 0.08022130013831258 0.1695501730103806
12 0.47164591977869996 0.6332179930795848 0.0829875518672199 0.16608996539792387
9 0.5601659751037346 0.6366782006920417 0.07745504840940526 0.17993079584775087
4 0.6514522821576763 0.6332179930795849 0.06915629322268327 0.17301038062283738
0 0.7399723374827109 0.6349480968858132 0.08022130013831258 0.1903114186851211
17 0.8291839557399723 0.6453287197231835 0.0677731673582296 0.1903114186851211
11 0.9183955300943515 0.6453287197231833 0.07468879668049792 0.20415224913494806
