5 0.11687413554633473 0.21369636963696373 0.1396957123098202 0.07755775577557757
10 0.30497925311203317 0.20792079207920794 0.12863070539419083 0.09900990099009901
1 0.5 0.2103960396039604 0.12586445366528354 0.10396039603960397
14 0.702627939142462 0.20462046204620463 0.12448132780082988 0.10231023102310231
7 0.8921161825726139 0.20792079207920794 0.14661134163208853 0.09900990099009901
2 0.11410788381742737 0.42244224422442245 0.12863070539419083 0.0924092409240924
16 0.3070539419087137 0.4240924092409242 0.13001383125864455 0.0924092409240924
15 0.49930843706777317 0.43234323432343236 0.12171507607192254 0.09900990099009901
18 0.6908713692946057 0.4282178217821782 0.12863070539419083 0.09405940594059406
8 0.901106500691563 0.43151815181518155 0.12863070539419083 0.1138613861386139
13 0.11687413554633473 0.6493399339933993 0.1396957123098202 0.08085808580858085
3 0.29875518672199175 0.6460396039603958 0.14661134163208853 0.08085808580858085
6 0.4944674965421854 0.641914191419142 0.12863070539419083 0.09900990099009901
19 0.702627939142462 0.6460396039603961 0.14107883817427386 0.09405940594059406
12 0.8934993084370677 0.6452145214521452 0.1659751037344398 0.09570957095709572
9 0.11756569847856156 0.8622112211221123 0.13001383125864455 0.08745874587458748
4 0.30567081604426 0.8589108910891089 0.14384508990318115 0.10066006600660066
0 0.5027662517289072 0.8605610561056105 0.1507607192254495 0.10396039603960397
17 0.693637621023513 0.8679867986798679 0.11203319502074692 0.0924092409240924
11 0.8934993084370676 0.8589108910891089 0.13831258644536654 0.10396039603960397
