5 0.13485477178423236 0.2169459962756052 0.10926694329183956 0.10614525139664804
10 0.318118948824343 0.21973929236499068 0.1023513139695712 0.1005586592178771
1 0.5027662517289073 0.21880819366852886 0.11756569847856156 0.09869646182495345
14 0.6964038727524204 0.22439478584729983 0.10096818810511757 0.10614525139664804
7 0.8803596127247577 0.21787709497206706 0.12863070539419083 0.1005586592178771
2 0.13485477178423236 0.4264432029795159 0.11479944674965421 0.1005586592178771
16 0.31535269709543573 0.4245810055865922 0.11341632088520055 0.1042830540037244
15 0.5048409405255878 0.4264432029795159 0.1023513139695712 0.1005586592178771
18 0.690179806362379 0.4273743016759777 0.1023513139695712 0.09869646182495345
8 0.8775933609958504 0.4208566108007449 0.10096818810511757 0.1042830540037244
13 0.13278008298755187 0.6247672253258844 0.11341632088520055 0.10986964618249534
3 0.31604426002766256 0.6294227188081936 0.11203319502074692 0.1042830540037244
6 0.49930843706777317 0.6256983240223463 0.13001383125864455 0.1042830540037244
19 0.6964038398252588 0.6294227188081938 0.12586445366528354 0.09683426443202979
12 0.8803595743097357 0.6294228762839148 0.1396957123098202 0.08938547486033518
9 0.12932226832641772 0.8314711359404096 0.11756569847856156 0.10614525139664804
4 0.31950207468879677 0.8286778398510241 0.11341632088520055 0.1005586592178771
0 0.5062240663900416 0.8314711359404098 0.11341632088520055 0.09869646182495345
17 0.690179806362379 0.8286778398510242 0.11894882434301518 0.1191806331471136
11 0.8824343015214382 0.8305400372439479 0.11065006915629322 0.10800744878957168
