5 0.22022160664819942 0.12222222222222225 0.1412742382271468 0.16543209876543216
10 0.38504155124653733 0.12592592592592589 0.13296398891966757 0.17283950617283947
1 0.5249307479224377 0.12839506172839502 0.12188365650969529 0.17283950617283947
14 0.6516620498614958 0.1259259259259259 0.09833795013850417 0.15308641975308643
7 0.7797783933518005 0.12222222222222222 0.13850415512465372 0.16049382716049382
2 0.22229916897506924 0.3654320987654321 0.13434903047091412 0.16790123456790124
16 0.36980609418282545 0.35555555555555557 0.1301939058171745 0.1580246913580247
15 0.5110803324099722 0.35308641975308647 0.12465373961218837 0.162962962962963
18 0.6502770083102493 0.35802469135802467 0.12326869806094183 0.162962962962963
8 0.7839335180055405 0.36172839506172844 0.1301939058171745 0.15555555555555556
13 0.2126038781163435 0.6185185185185186 0.12326869806094183 0.15555555555555556
3 0.3483379501385041 0.6086419753086421 0.1260387811634349 0.16543209876543216
6 0.48684210526315785 0.6135802469135803 0.12326869806094183 0.16049382716049382
19 0.6308864265927978 0.6197530864197531 0.1481994459833795 0.14320987654320988
12 0.7887810977485131 0.6222222222222222 0.15650969529085873 0.14320987654320988
9 0.21883656509695293 0.8790123456790121 0.11911357340720223 0.14814814814814814
4 0.35318559556786705 0.876543209876543 0.11634349030470915 0.14320987654320988
0 0.49307479224376727 0.8765432098765431 0.1412742382271468 0.15308641975308643
17 0.6412742382271468 0.8839506172839503 0.1301939058171745 0.1580246913580247
11 0.778393351800554 0.8790123456790121 0.11357340720221608 0.14814814814814814
