5 0.1038781163434903 0.09204545454545456 0.15512465373961218 0.11136363636363637
10 0.2908587257617728 0.08863636363636364 0.14958448753462603 0.10454545454545454
1 0.4889196675900276 0.10340909090909094 0.13573407202216065 0.11590909090909092
14 0.6890581717451522 0.09204545454545456 0.16204986149584488 0.11590909090909092
7 0.889196675900277 0.09886363636363636 0.16343490304709143 0.11136363636363637
2 0.08587257617728533 0.3397727272727273 0.12465373961218837 0.125
16 0.2846260387811635 0.34204545454545454 0.16759002770083103 0.125
15 0.47576177285318555 0.33409090909090905 0.13988919667590027 0.14090909090909093
18 0.6786703601108033 0.3363636363636364 0.1301939058171745 0.14090909090909093
8 0.8926592797783934 0.3284090909090909 0.16481994459833796 0.12954545454545455
13 0.08656509695290858 0.5806818181818182 0.12880886426592797 0.11136363636363637
3 0.2832409972299169 0.578409090909091 0.14265927977839335 0.12045454545454545
6 0.4813019390581717 0.5704545454545454 0.12880886426592797 0.14545454545454545
19 0.6973684210526316 0.5704545454545454 0.16204986149584488 0.12727272727272726
12 0.9009695290858728 0.5704545454545454 0.16204986149584488 0.11818181818181818
9 0.08656509695290858 0.8181818181818181 0.12049861495844877 0.13636363636363635
4 0.28878116343490295 0.821590909090909 0.15650969529085873 0.11136363636363637
0 0.4916897506925208 0.8170454545454546 0.13850415512465372 0.12954545454545455
17 0.6759002770083101 0.8352272727272727 0.15512465373961218 0.1795454545454545
11 0.8774238227146816 0.8113636363636363 0.1260387811634349 0.12727272727272726
