5 0.06846473029045642 0.3438735177865613 0.10096818810511757 0.09090909090909091
10 0.17081604426002767 0.3389328063241106 0.08990318118948824 0.09683794466403162
1 0.2572614107883818 0.34090909090909094 0.07468879668049792 0.10474308300395258
14 0.3437067773167358 0.3438735177865613 0.08990318118948824 0.11067193675889328
7 0.4391424619640389 0.3369565217391305 0.09820193637621026 0.10474308300395258
2 0.5380359612724758 0.3399209486166007 0.08022130013831258 0.09486166007905136
16 0.6327800829875521 0.33794466403162055 0.09820193637621026 0.09881422924901186
15 0.7316735822959889 0.33300395256917 0.08575380359612725 0.09683794466403162
18 0.822959889349931 0.341897233201581 0.07745504840940526 0.10276679841897235
8 0.9232365145228216 0.33498023715415015 0.1037344398340249 0.09288537549407115
13 0.04910096818810511 0.5553359683794468 0.08160442600276624 0.08300395256916997
3 0.13416320885200553 0.5533596837944664 0.08852005532503458 0.09090909090909091
6 0.2206085753803596 0.5533596837944664 0.07883817427385892 0.09486166007905136
19 0.3208852005532503 0.5563241106719369 0.09958506224066391 0.09288537549407115
12 0.43775933609958506 0.5523715415019762 0.12586445366528354 0.08893280632411066
9 0.5449515905947441 0.550395256916996 0.08022130013831258 0.09683794466403162
4 0.6473029045643153 0.5563241106719368 0.11065006915629322 0.10474308300395258
0 0.7669432918395575 0.5523715415019762 0.12033195020746888 0.09288537549407115
17 0.8609958506224064 0.5523715415019762 0.08160442600276624 0.10869565217391304
11 0.9391424619640389 0.5553359683794467 0.0829875518672199 0.09486166007905136
