5 0.26410658307210033 0.5382352941176469 0.12068965517241378 0.05882352941176469
10 0.3910658307210031 0.5374999999999999 0.10815047021943575 0.057352941176470586
1 0.5148902821316614 0.5374999999999999 0.11128526645768025 0.054411764705882354
14 0.6418495297805643 0.5338235294117647 0.10815047021943575 0.052941176470588235
7 0.7766457680250783 0.5338235294117647 0.11755485893416928 0.05588235294117649
2 0.26567398119122254 0.6058823529411764 0.12068965517241378 0.052941176470588235
16 0.3949843260188088 0.6066176470588235 0.12539184952978055 0.0514705882352941
15 0.5219435736677116 0.610294117647059 0.10658307210031348 0.05588235294117649
18 0.6496865203761756 0.6102941176470589 0.10501567398119124 0.052941176470588235
8 0.7766457680250783 0.611029411764706 0.11755485893416928 0.057352941176470586
13 0.26018808777429464 0.6808823529411764 0.11285266457680251 0.052941176470588235
3 0.3910658307210032 0.6794117647058823 0.11442006269592479 0.052941176470588235
6 0.524294670846395 0.6838235294117648 0.10501567398119124 0.05588235294117649
19 0.6481190870192751 0.6823529411764706 0.11755485893416928 0.052941176470588235
12 0.7813479623824452 0.6830882352941177 0.12695924764890282 0.0514705882352941
9 0.2664576802507837 0.7536764705882354 0.10971786833855803 0.0514705882352941
4 0.3918495297805642 0.7551470588235294 0.1191222570532915 0.054411764705882354
0 0.525078369905956 0.7529411764705882 0.12225705329153605 0.05
17 0.6489028213166144 0.7580882352941177 0.10658307210031348 0.060294117647058824
11 0.7782131661442007 0.7522058823529411 0.11128526645768025 0.04264705882352941
