5 0.129783693843594 0.21691176470588236 0.18635607321131448 0.10147058823529412
10 0.3178036605657238 0.21470588235294116 0.14975041597337768 0.1029411764705882
1 0.47587354409317806 0.21544117647058822 0.1331114808652246 0.10735294117647057
14 0.6331114808652245 0.21617647058823525 0.14808652246256238 0.1029411764705882
7 0.8186356073211314 0.22205882352941175 0.18302828618968386 0.10882352941176471
2 0.11730449251247921 0.4352941176470589 0.16139767054908485 0.0970588235294118
16 0.30116472545757067 0.436029411764706 0.17970049916805325 0.09558823529411764
15 0.47587354409317795 0.4389705882352941 0.14309484193011646 0.11029411764705882
18 0.6381031613976706 0.44044117647058834 0.1414309484193012 0.10735294117647057
8 0.8186356073211316 0.43750000000000017 0.18635607321131448 0.0985294117647059
13 0.11564059900166387 0.6389705882352942 0.14808652246256238 0.08970588235294118
3 0.28369384359400995 0.6352941176470588 0.15474209650582363 0.0970588235294118
6 0.45257903494176377 0.6389705882352942 0.14642262895174707 0.10441176470588236
19 0.6289517470881862 0.6419117647058823 0.1930116472545757 0.11323529411764706
12 0.8627287853577371 0.6419117647058823 0.22129783693843588 0.10147058823529412
9 0.11231281198003326 0.8470588235294118 0.15474209650582363 0.10882352941176471
4 0.2961730449251248 0.8441176470588235 0.18635607321131448 0.1029411764705882
0 0.4925124792013311 0.8448529411764706 0.17970049916805325 0.11029411764705882
17 0.6772046589018302 0.8448529411764705 0.15307820299500832 0.12205882352941176
11 0.846089850249584 0.8374999999999997 0.15806988352745424 0.10735294117647057
