5 0.1016597510373444 0.1226086956521739 0.12309820193637622 0.10608695652173913
10 0.3035961272475795 0.1252173913043478 0.11756569847856156 0.11826086956521738
1 0.5048409460134481 0.12434782608695652 0.14107883817427386 0.11304347826086956
14 0.7060857538035961 0.12695652173913044 0.10926694329183956 0.11478260869565217
7 0.9024896265560166 0.12347826086956523 0.12033195020746888 0.12173913043478261
2 0.10442600276625175 0.35652173913043483 0.11203319502074692 0.10434782608695653
16 0.30497925311203317 0.3547826086956522 0.12309820193637622 0.10782608695652174
15 0.504149377593361 0.3565217391304348 0.13139695712309823 0.11826086956521738
18 0.7019363762102351 0.3582608695652174 0.11203319502074692 0.11826086956521738
8 0.9011064842279821 0.36347826086956525 0.11479944674965421 0.12173913043478261
13 0.09889349930843708 0.5860869565217393 0.11479944674965421 0.11130434782608695
3 0.29529737206085754 0.5878260869565217 0.11203319502074692 0.11130434782608695
6 0.5041493666176402 0.5939130434782609 0.09820196930337229 0.11304347826086952
19 0.7074688796680497 0.591304347826087 0.10926694329183956 0.11478260869565217
12 0.8997233748271093 0.5930434782608696 0.12863070539419083 0.11826086956521738
9 0.10442600276625173 0.8191304347826086 0.11479944674965421 0.10086956521739131
4 0.30705393093299316 0.8234782608695654 0.0968188105117566 0.11304347826086956
0 0.5048409405255878 0.8252173913043478 0.12171507607192254 0.10956521739130434
17 0.7019363762102351 0.8278260869565217 0.10650069156293222 0.11826086956521738
11 0.8997233748271093 0.8269565217391304 0.10096818810511757 0.11652173913043479
