5 0.15682844866349174 0.111025793071523 0.07767604002190996 0.04319055673632062
10 0.2418703200667897 0.11403908772754537 0.06294437725913397 0.04720828294435044
1 0.31418939181132655 0.11755459815957149 0.05758740898176084 0.05223044070438773
14 0.374455284931774 0.1145413035035491 0.054908924843074344 0.044194988288328074
7 0.46351488254310175 0.11403908772754537 0.09642542899271579 0.04319055673632062
2 0.15548920659414847 0.20996230094425744 0.07767604002190996 0.04218612518431316
16 0.23584373075474496 0.21146894827226867 0.0776760400219099 0.04921714604836538
15 0.31820711801935636 0.2109667324962649 0.07365831381388016 0.04620385139234301
18 0.39052618976389325 0.2109667324962649 0.06294437725913393 0.04620385139234301
8 0.4615060194390868 0.20644679051223136 0.07365831381388016 0.04720828294435046
13 0.15548920659414847 0.3094010245929956 0.06696210346716375 0.044194988288328074
3 0.24588804627481953 0.30437886683295834 0.06830134553650699 0.0482127144963579
6 0.31686787595001314 0.30337443528095087 0.05758740898176084 0.0482127144963579
19 0.3905261897638932 0.3018677879529397 0.07633679795256666 0.05122600915238025
12 0.4708807139244897 0.29985892484892485 0.07097982967519353 0.04720828294435043
9 0.14678413314341718 0.399297648497663 0.08972921864599943 0.04921714604836538
4 0.24053107799744644 0.3972887853936481 0.07365831381388016 0.047208282944350505
0 0.3228944652620578 0.39427549073762563 0.07767604002190984 0.051226009152380285
17 0.39990088424929615 0.3987954327216592 0.06830134553650696 0.054239303808402646
11 0.47489844013251953 0.3967865696176443 0.07365831381388005 0.05022157760037282
