5 0.12925851703406813 0.21470588235294116 0.12625250501002003 0.08235294117647057
10 0.3216432865731463 0.2125 0.13026052104208416 0.08088235294117646
1 0.5050100200400801 0.21102941176470588 0.13226452905811623 0.075
14 0.695390781563126 0.21397058823529413 0.10821643286573146 0.06911764705882353
7 0.87374749498998 0.21102941176470588 0.12424849699398799 0.0661764705882353
2 0.12925851703406813 0.39779411764705885 0.13827655310621242 0.07794117647058824
16 0.32064128256513025 0.3970588235294118 0.13226452905811623 0.08823529411764706
15 0.5050100200400801 0.39558823529411763 0.1402805611222445 0.07647058823529412
18 0.6993987975951904 0.39852941176470585 0.1282565130260521 0.07352941176470588
8 0.8717434869739479 0.39926470588235297 0.12424849699398799 0.08088235294117646
13 0.11823647294589179 0.5911764705882353 0.13226452905811623 0.07647058823529412
3 0.3286573146292585 0.5933823529411765 0.1282565130260521 0.07205882352941174
6 0.49899799599198397 0.5992647058823529 0.12024048096192384 0.08088235294117646
19 0.7034068136272544 0.6022058823529411 0.13627254509018036 0.07205882352941174
12 0.8887775551102205 0.6 0.1462925851703407 0.07941176470588233
9 0.12324649298597194 0.7977941176470589 0.12224448897795591 0.07205882352941174
4 0.3276553106212425 0.8073529411764706 0.12625250501002003 0.09117647058823529
0 0.5100200400801603 0.8073529411764708 0.13426853707414826 0.07647058823529412
17 0.6983967935871743 0.8080882352941178 0.11823647294589178 0.08382352941176469
11 0.8867735470941883 0.804411764705882 0.13026052104208416 0.08235294117647057
