10 0.25277008310249305 0.21946169772256735 0.09002770083102496 0.10351966873706005
1 0.45983379501385047 0.21842650103519667 0.11357340720221608 0.09730848861283643
14 0.64196675900277 0.2204968944099379 0.07617728531855955 0.10144927536231885
7 0.8531855955678672 0.21428571428571433 0.11080332409972296 0.09316770186335405
2 0.05470914127423824 0.41821946169772256 0.10110803324099725 0.09937888198757763
16 0.2583104463666481 0.42236026074383864 0.13434903047091412 0.09523809523809523
15 0.4632963988919667 0.422360248447205 0.10941828254847642 0.10351966873706005
18 0.6585871481404125 0.41821946169772256 0.10941828254847642 0.09937888198757763
8 0.8635734072022161 0.4109730848861284 0.12880886426592797 0.10144927536231885
13 0.06371191135734071 0.6252587991718425 0.10803324099722988 0.10766045548654243
3 0.2617728531855956 0.627329192546584 0.11911357340720223 0.10766045548654243
6 0.4522160664819943 0.6273291925465838 0.1121883656509695 0.12008281573498963
19 0.670360110803324 0.6221532091097307 0.12465373961218837 0.10144927536231885
12 0.8594182825484766 0.6200828157349896 0.12326869806094183 0.10973084886128365
9 0.06024930747922439 0.8312629399585921 0.10110803324099725 0.09730848861283643
4 0.2506925207756233 0.8240165631469979 0.09695290858725764 0.09937888198757763
0 0.46260387811634346 0.8250517598343685 0.11911357340720223 0.11801242236024845
17 0.6585872576177286 0.8333333333333333 0.1121883656509695 0.13043478260869565
11 0.8587257617728531 0.8219461697722568 0.11634349030470915 0.10351966873706005
