5 0.11288088642659279 0.1330049261083744 0.08725761772853186 0.12807881773399019
10 0.19390581717451522 0.13054187192118227 0.06925207756232686 0.1330049261083744
1 0.2673130193905817 0.12561576354679804 0.06925207756232686 0.12315270935960591
14 0.3365650969529086 0.13054187192118227 0.05817174515235458 0.1330049261083744
7 0.4106648199445984 0.1354679802955665 0.07894736842105263 0.14285714285714288
2 0.11772853185595566 0.3731527093596059 0.08033240997229915 0.12561576354679807
16 0.1966759002770083 0.37068965517241387 0.07756232686980609 0.12561576354679807
15 0.2721606648199446 0.37068965517241387 0.07340720221606647 0.12561576354679807
18 0.3476454293628809 0.3768472906403941 0.06925207756232686 0.1330049261083744
8 0.42382271468144056 0.37807881773399016 0.08310249307479226 0.145320197044335
13 0.1170360110803324 0.6083743842364533 0.0844875346260388 0.11822660098522167
3 0.19321329639889195 0.6096059113300493 0.0706371191135734 0.11083743842364532
6 0.2700831024930748 0.6059113300492611 0.07756232686980609 0.11330049261083744
19 0.35318559556786705 0.6096059113300493 0.08033240997229915 0.11576354679802955
12 0.4425207756232688 0.6108374384236454 0.08725761772853186 0.12807881773399019
9 0.11288088642659279 0.8411330049261087 0.07617728531855955 0.1305418719211823
4 0.18836565096952906 0.8399014778325126 0.06648199445983378 0.12315270935960591
0 0.260387811634349 0.8411330049261083 0.07202216066481994 0.12068965517241378
17 0.335180055401662 0.847290640394089 0.07202216066481994 0.13793103448275862
11 0.41274238227146826 0.8362068965517241 0.08310249307479226 0.14039408866995073
