5 0.20498614958448752 0.09113300492610837 0.15512465373961218 0.14285714285714288
10 0.3434903047091412 0.08497536945812807 0.11080332409972296 0.15024630541871922
1 0.4875346260387813 0.08866995073891626 0.12742382271468145 0.14285714285714288
14 0.6198060941828255 0.07635467980295568 0.12049861495844877 0.12807881773399019
7 0.7617728531855955 0.08990147783251232 0.14958448753462603 0.145320197044335
2 0.2084487534626039 0.33004926108374394 0.12326869806094183 0.13793103448275862
16 0.3448753462603878 0.332512315270936 0.1301939058171745 0.15270935960591134
15 0.4903047091412741 0.31650246305418717 0.11634349030470915 0.1354679802955665
18 0.6274238227146814 0.31650246305418717 0.11911357340720223 0.1354679802955665
8 0.7680055401662049 0.3214285714285714 0.14542936288088643 0.15024630541871922
13 0.20914127423822712 0.5591133004926108 0.11357340720221608 0.15270935960591134
3 0.3476454293628809 0.5529556650246306 0.12742382271468145 0.15024630541871922
6 0.4937673130193906 0.5541871921182265 0.12049861495844877 0.15763546798029557
19 0.6350415512465374 0.5566502463054187 0.13157894736842105 0.15270935960591134
12 0.7853185595567866 0.5517241379310345 0.15789473684210525 0.1477832512315271
9 0.21121883656509696 0.7931034482758622 0.12049861495844877 0.12807881773399019
4 0.3483379501385041 0.794334975369458 0.12880886426592797 0.14039408866995073
0 0.4903047091412742 0.7894088669950738 0.12465373961218837 0.15024630541871922
17 0.6260387811634349 0.8017241379310345 0.12742382271468145 0.1748768472906404
11 0.7693905817174516 0.7906403940886697 0.12326869806094183 0.1477832512315271
