5 0.16699604743083005 0.09338235294117649 0.12450592885375494 0.057352941176470586
10 0.3241106719367589 0.09264705882352942 0.1225296442687747 0.05
1 0.4802371541501976 0.09632352941176471 0.13043478260869565 0.057352941176470586
14 0.642292490118577 0.09044117647058825 0.1067193675889328 0.0485294117647059
7 0.8023715415019762 0.09411764705882353 0.10276679841897235 0.052941176470588235
2 0.16798418972332016 0.18529411764705883 0.11067193675889328 0.05
16 0.3152173913043479 0.19338235294117645 0.116600790513834 0.054411764705882354
15 0.4822134387351779 0.19264705882352942 0.10276679841897235 0.05588235294117649
18 0.6472332015810277 0.18823529411764706 0.09683794466403162 0.052941176470588235
8 0.8132411067193677 0.18823529411764706 0.1007905138339921 0.052941176470588235
13 0.16798418972332016 0.27794117647058825 0.11067193675889328 0.05588235294117649
3 0.3280632411067193 0.275 0.11067193675889328 0.05588235294117649
6 0.48913043478260876 0.27794117647058836 0.10474308300395258 0.05588235294117649
19 0.6482213438735178 0.2786764705882353 0.10276679841897235 0.057352941176470586
12 0.8043478260869565 0.2816176470588235 0.11462450592885375 0.054411764705882354
9 0.1650197628458498 0.375 0.116600790513834 0.05588235294117649
4 0.33399209486166015 0.37573529411764706 0.09881422924901186 0.057352941176470586
0 0.49110671936758893 0.3772058823529411 0.10474308300395258 0.0514705882352941
17 0.6482213438735177 0.38235294117647056 0.09090909090909091 0.05882352941176469
11 0.808300395256917 0.3830882352941177 0.09090909090909091 0.0661764705882353
