5 0.23249932262366993 0.12094574520358187 0.004116241590085887 0.0006860402650142937
5 0.2901266641183206 0.15181755712922596 0.10976644240229012 0.061057583586273896
10 0.3937187849020336 0.15147453699671878 0.08918523445186073 0.06037154332125958
1 0.5010840863767736 0.15421869805677604 0.09673167736701811 0.06037154332125958
14 0.596100663081256 0.15490473832179036 0.07683650968160306 0.060371543321259595
7 0.6931753605807813 0.1583349396468619 0.10496416054718999 0.06311570438131682
2 0.28532442302977207 0.21253212058299265 0.10016187869208977 0.05625530173117367
16 0.39577690569707646 0.21424722124552845 0.1042781202821756 0.0555692614661594
15 0.5010840863767736 0.21527628164304993 0.08987127471687502 0.05351114067111646
18 0.5916414013586629 0.21527628164304993 0.08301087206673192 0.05351114067111646
8 0.692489320315767 0.2193925232331358 0.1049641605471899 0.053511140671116404
13 0.2842953626322507 0.2705025229767022 0.09947583842707547 0.05145301987607349
3 0.3841141641186608 0.2725606437717451 0.0891852344518607 0.054197180936130754
6 0.4842760509640609 0.27221762363923785 0.09330147604194662 0.05213906014108782
19 0.5892402604311129 0.27461876456678797 0.10702228134223292 0.05694134199618801
12 0.692146186036915 0.27770594575935237 0.10290603975214706 0.0576273822612023
9 0.2815512015721934 0.32744386497289013 0.09673167736701817 0.05556926146615938
4 0.38239912052929736 0.3295019857679331 0.08712711365681775 0.05145301987607349
0 0.4921655466249668 0.3308740662979616 0.09810375789704681 0.055569261466159335
17 0.6009029367830456 0.32984500590044014 0.09467355657197521 0.05488322120114509
11 0.7041519803610791 0.3325891669604976 0.09673167736701811 0.04939489908103057
