7 0.36168741355463346 0.3284132841328414 0.09820193637621026 0.07011070110701105
7 0.3603042876901798 0.4464944649446494 0.08713692946058091 0.07011070110701105
7 0.38520055325034575 0.5507380073800738 0.07607192254495158 0.07564575645756458
7 0.37206085753803597 0.6678966789667897 0.06639004149377593 0.08118081180811808
7 0.37067773167358226 0.7832103321033209 0.0912863070539419 0.07195571955719557
7 0.8084370787488879 0.3173432893694617 0.09820193637621026 0.06273062730627305
7 0.8029045917546543 0.4437270532071002 0.08437067773167359 0.07564575645756458
7 0.8181189488243433 0.53690036900369 0.0954356846473029 0.07011070110701105
7 0.8146611341632091 0.6503690036900369 0.0968188105117566 0.06826568265682657
7 0.8077455048409405 0.7905904059040592 0.08852005532503458 0.07564575645756458
