5 0.2714681440443214 0.21468144044321336 0.13296398891966757 0.19113573407202222
10 0.39958448753462605 0.21191135734072028 0.10664819944598335 0.19113573407202222
1 0.5090027700831025 0.20360110803324097 0.10110803324099725 0.19667590027700835
14 0.610803324099723 0.20083102493074798 0.09695290858725764 0.19667590027700835
7 0.7229916897506925 0.20775623268698062 0.12465373961218837 0.20498614958448758
2 0.26731301939058166 0.4321329639889197 0.11911357340720223 0.19390581717451527
16 0.4002770083102493 0.4321329639889197 0.12742382271468145 0.182825484764543
15 0.5207756232686981 0.4321329639889197 0.10249307479224379 0.1772853185595568
18 0.6295013850415512 0.42659279778393355 0.10941828254847642 0.17174515235457066
8 0.7603878116343491 0.42382271468144045 0.1301939058171745 0.182825484764543
13 0.26246537396121883 0.6509695290858726 0.09833795013850417 0.17174515235457066
3 0.38504155124653744 0.6454293628808864 0.12188365650969529 0.19390581717451527
6 0.5124653739612188 0.6468144044321329 0.10526315789473681 0.18005540166204992
19 0.6488919667590028 0.6371191135734072 0.13157894736842105 0.1772853185595568
9 0.2603878116343491 0.8531855955678668 0.11634349030470915 0.1662049861495845
4 0.37811634349030476 0.8531855955678673 0.11080332409972296 0.182825484764543
