5 0.08136300417246176 0.25663026521060844 0.1627260083449235 0.12636505460218408
10 0.28720445062586925 0.2581903276131045 0.1571627260083449 0.12636505460218408
1 0.48748261474269833 0.2542901716068643 0.15438108484005564 0.1310452418096724
14 0.6856745479833102 0.25663026521060844 0.13073713490959665 0.13260530421216848
7 0.8838664812239222 0.24960998439937598 0.17663421418636996 0.1372854914196568
2 0.08623087621696801 0.4703588143525741 0.16133518776077885 0.11076443057722306
16 0.2941585535465925 0.4664586583463338 0.18219749652294856 0.12168486739469579
15 0.4958275382475661 0.4734789391575663 0.16550764951321276 0.12324492979719189
18 0.6988873435326843 0.47269890795631825 0.14603616133518776 0.12480499219968799
8 0.9040333796940193 0.47269890795631825 0.15299026425591097 0.12480499219968799
13 0.07858136300417246 0.6606864274570983 0.14881780250347704 0.11076443057722306
3 0.2858136300417246 0.6622464898595943 0.15159944367176634 0.12012480499219969
6 0.4895688456189151 0.6606864274570983 0.15299026425591097 0.12012480499219969
19 0.7079276773296245 0.6653666146645866 0.15855354659248955 0.12012480499219969
12 0.9144645340751043 0.6607639890007222 0.17107093184979139 0.114039678469463
9 0.08970792767732963 0.8650546021840875 0.1599443671766342 0.12012480499219969
4 0.29207232267037553 0.8658346333853355 0.1446453407510431 0.11544461778471142
0 0.48052851182197487 0.8634945397815913 0.1627260083449235 0.12012480499219969
17 0.721835883171071 0.8736349453978159 0.15299026425591097 0.140405616224649
11 0.9200278164116829 0.8666146645865835 0.14325452016689846 0.12636505460218408
