5 0.12663185378590078 0.16029411764705884 0.14360313315926893 0.05588235294117649
10 0.3224543080939947 0.1639705882352941 0.13838120104438642 0.06323529411764706
1 0.5182767624020888 0.1610294117647059 0.1174934725848564 0.06323529411764706
14 0.710182767624021 0.15808823529411767 0.12532637075718012 0.054411764705882354
7 0.9138381201044389 0.16176470588235292 0.13054830287206268 0.052941176470588235
2 0.11749347258485641 0.25367647058823534 0.1514360313315927 0.060294117647058824
16 0.3263707571801567 0.250735294117647 0.13577023498694518 0.057352941176470586
15 0.5195822454308094 0.25220588235294117 0.1409921671018277 0.054411764705882354
18 0.7127937336814623 0.2529411764705883 0.13054830287206268 0.05882352941176469
8 0.9033942558746735 0.25073529411764706 0.13577023498694518 0.045588235294117645
13 0.12271540469973889 0.34338235294117636 0.1409921671018277 0.0514705882352941
3 0.32375979112271536 0.34338235294117647 0.1409921671018277 0.054411764705882354
6 0.524804177545692 0.34338235294117647 0.1409921671018277 0.054411764705882354
19 0.7140992167101828 0.3455882352941176 0.13838120104438642 0.05588235294117649
12 0.9046997389033943 0.3455882352941176 0.14360313315926893 0.05588235294117649
9 0.12271540469973892 0.4345588235294117 0.13577023498694518 0.057352941176470586
4 0.3185378590078329 0.4338235294117647 0.13054830287206268 0.052941176470588235
0 0.5143603133159269 0.4352941176470588 0.1566579634464752 0.05882352941176469
17 0.7219321148825064 0.43676470588235294 0.1279373368146214 0.05588235294117649
11 0.902088772845953 0.4338235294117647 0.13838120104438642 0.052941176470588235
