5 0.07952973720608575 0.12522361359570663 0.13416320885200553 0.12880143112701256
10 0.2925311203319502 0.1288014311270125 0.13139695712309823 0.11091234347048301
1 0.4993084370677732 0.12701252236135957 0.1355463347164592 0.1252236135957066
14 0.7060857538035961 0.129695885509839 0.10096818810511757 0.11985688729874773
7 0.929460580912863 0.1261180679785331 0.11894882434301518 0.11270125223613596
2 0.09336099585062241 0.3756708407871199 0.11756569847856156 0.11449016100178891
16 0.2925311203319502 0.37298747763864043 0.12586445366528354 0.11627906976744186
15 0.5048409405255879 0.3765652951699463 0.11618257261410787 0.10554561717352415
18 0.7164591977869985 0.3747763864042934 0.09958506224066391 0.09838998211091235
8 0.9211618257261412 0.37924865831842575 0.11894882434301518 0.11091234347048301
13 0.08921161825726141 0.6252236135957066 0.11479944674965421 0.10554561717352415
3 0.29322268326417705 0.6234347048300536 0.11341632088520055 0.10554561717352415
6 0.5027662517289074 0.6359570661896243 0.1037344398340249 0.11627906976744186
19 0.7130013831258644 0.6270125223613596 0.11203319502074692 0.09838998211091235
12 0.9260027662517291 0.6234347048300536 0.12863070539419083 0.10912343470483005
9 0.09681881051175659 0.8729874776386404 0.09958506224066391 0.11091234347048301
4 0.3022130013831259 0.8747763864042934 0.11203319502074692 0.1073345259391771
0 0.5076071922544952 0.8756708407871199 0.11618257261410787 0.11985688729874773
17 0.7130013831258644 0.8801431127012523 0.11203319502074692 0.11806797853309481
11 0.9163208852005533 0.8694096601073344 0.09820193637621026 0.11091234347048301
