5 0.2579529737206086 0.24444444444444444 0.10926694329183956 0.1037037037037037
10 0.3609958506224066 0.23703703703703702 0.08575380359612725 0.1037037037037037
1 0.4619640387275242 0.2407407407407407 0.08852005532503458 0.12098765432098765
14 0.5684647302904565 0.23086419753086418 0.08575380359612725 0.1111111111111111
7 0.6721991481730402 0.2333333333333333 0.11341632088520055 0.10123456790123457
2 0.26141078838174275 0.4209876543209877 0.1023513139695712 0.10617283950617283
16 0.3651452282157676 0.4185185185185186 0.09958506224066391 0.10123456790123457
15 0.46818810511756564 0.41358024691358025 0.0954356846473029 0.0962962962962963
18 0.5670816044260029 0.41234567901234553 0.09405255878284924 0.1037037037037037
8 0.6701244813278008 0.4111111111111111 0.10650069156293222 0.10617283950617283
13 0.2607192254495159 0.5962962962962962 0.0954356846473029 0.10123456790123457
3 0.3644536652835408 0.591358024691358 0.0954356846473029 0.10123456790123457
6 0.4688796680497925 0.5851851851851854 0.1023513139695712 0.09382716049382718
19 0.5739972337482712 0.5888888888888889 0.10511756569847856 0.1111111111111111
12 0.6798063404275354 0.5839506172839507 0.11203319502074692 0.10123456790123457
9 0.26348547717842324 0.7567901234567899 0.1037344398340249 0.0962962962962963
4 0.3699861687413554 0.7617283950617284 0.0954356846473029 0.0962962962962963
0 0.4688796680497926 0.7580246913580245 0.0968188105117566 0.1037037037037037
17 0.5656984785615492 0.7666666666666667 0.0912863070539419 0.13086419753086423
11 0.6715076071922544 0.754320987654321 0.10096818810511757 0.11604938271604938
