5 0.10442600276625175 0.08752166377816292 0.19502074688796686 0.1299826689774697
10 0.29668049792531115 0.08405545927209707 0.16459197786998614 0.13691507798960142
1 0.4889349930843707 0.08405545927209705 0.18395573997233755 0.1438474870017331
14 0.686030428769018 0.07972270363951474 0.1659751037344398 0.1386481802426343
7 0.8921161825726142 0.09012131715771231 0.2074688796680498 0.15944540727902948
2 0.10580912863070539 0.3249566724436741 0.20055325034578148 0.13344887348353557
16 0.29806362378976486 0.31975736568457536 0.18395573997233755 0.13344887348353557
15 0.49792531120331945 0.31802426343154244 0.17704011065006917 0.1299826689774697
18 0.6936376539506749 0.3214904679376083 0.17842323651452283 0.13344887348353557
8 0.892807745504841 0.3232235701906412 0.18672199170124482 0.1299826689774697
13 0.10511756569847856 0.5537261698440208 0.1715076071922545 0.11265164644714036
3 0.3049792531120332 0.5554592720970536 0.18395573997233755 0.13344887348353557
6 0.5006915629322267 0.5571923743500866 0.1825726141078838 0.14038128249566725
19 0.7033195020746887 0.5623916811091855 0.19225449515905954 0.13691507798960142
12 0.9031811894882434 0.5590116411602477 0.1936376210235132 0.13015499809172576
9 0.1016597510373444 0.7972270363951475 0.18118948824343015 0.13171577123050257
4 0.2939142461964039 0.7972270363951474 0.18672199170124482 0.12824956672443674
0 0.4951590594744122 0.7980935875216637 0.19917012448132781 0.13691507798960142
17 0.6929460580912863 0.8050259965337956 0.18810511756569848 0.16464471403812828
11 0.901106500691563 0.7894280762564992 0.17842323651452283 0.1438474870017331
