5 0.2627939142461964 0.18775933609958506 0.13001383125864455 0.14730290456431538
10 0.3865836791147994 0.18983402489626555 0.11479944674965421 0.1597510373443983
1 0.5048409405255879 0.18360995850622408 0.11618257261410787 0.15145228215767634
14 0.6168741355463347 0.18360995850622408 0.0968188105117566 0.14730290456431538
7 0.7413554633471646 0.18049792531120334 0.13831258644536654 0.1452282157676349
2 0.2627939142461964 0.38900414937759337 0.1272475795297372 0.13070539419087138
16 0.3893499308437067 0.39004149377593356 0.11756569847856156 0.1452282157676349
15 0.5055325034578148 0.39211618257261405 0.10650069156293222 0.14107883817427386
18 0.6210235131396957 0.3890041493775933 0.11894882434301518 0.14315352697095432
8 0.7434301521438451 0.39626556016597503 0.11479944674965421 0.15352697095435686
13 0.25656984785615494 0.6120331950207469 0.10926694329183956 0.15352697095435686
3 0.3865836791147994 0.6099585062240664 0.11203319502074692 0.14937759336099585
6 0.5069156293222684 0.6089211618257262 0.10650069156293222 0.14730290456431538
19 0.6217150760719226 0.607883817427386 0.11479944674965421 0.14937759336099585
12 0.7475795297372061 0.607883817427386 0.13139695712309823 0.1452282157676349
9 0.25933609958506215 0.8236514522821576 0.10650069156293222 0.14107883817427386
4 0.3824343015214384 0.8267634854771784 0.10926694329183956 0.14730290456431538
0 0.5096818810511757 0.8163900414937758 0.12033195020746888 0.13485477178423236
17 0.6258644536652835 0.8215767634854773 0.0954356846473029 0.13278008298755187
11 0.7496542185338865 0.8174273858921163 0.11065006915629322 0.13278008298755187
