13 0.4014543078222969 0.5098596210213632 0.04465824176912315 0.06454483607683532
13 0.44611254959142 0.5034051374136798 0.041222992402267546 0.06454483607683532
3 0.5083764443656782 0.4956597570844593 0.055822802211403975 0.05421766230454159
3 0.5070882258531074 0.5595591448005262 0.06698736265368481 0.058090352469151674
6 0.5714991514816505 0.4866234800337025 0.054963989869690026 0.05421766230454159
6 0.5706403391399366 0.549877419389001 0.05324636518626222 0.05421766230454159
19 0.6517981054319009 0.4743599611791038 0.07471667372910995 0.058090352469151674
19 0.6500804807484729 0.5466501775851593 0.07643429841253775 0.06325393935529858
12 0.4134776806062915 0.6951033005618803 0.06183448860340133 0.06583573279837196
12 0.4164835238022902 0.7641662751640941 0.06784617499539874 0.06196304263376182
9 0.492059009873114 0.6873579202326598 0.04895230347769277 0.06325393935529858
9 0.492059009873114 0.7602935849994839 0.04895230347769277 0.0671266295199086
4 0.5448759688885193 0.685421575150355 0.04809349113597875 0.06196304263376182
4 0.5478818257146358 0.7544845803844196 0.04379942942740929 0.06583573279837196
0 0.6028458019542081 0.6750944013780614 0.055822802211403975 0.056799455747615045
0 0.604134020466779 0.7396392374548966 0.05324636518626222 0.05679945574761492
17 0.6668273214118942 0.6731580562957563 0.054963989869690026 0.06841752624144537
17 0.668115539924465 0.7441573759802751 0.05238755284454828 0.06583573279837196
