5 0.056708160442600276 0.22406639004149376 0.09405255878284924 0.1037344398340249
10 0.2461964038727524 0.220954356846473 0.08852005532503458 0.10995850622406639
1 0.4619640387275241 0.22095435684647302 0.10788381742738591 0.10580912863070539
14 0.6396957123098201 0.22199170124481327 0.07883817427385892 0.1078838174273859
7 0.859612724757953 0.21369294605809125 0.10926694329183956 0.11203319502074689
2 0.06154910096818811 0.4211618257261411 0.11479944674965421 0.11618257261410787
16 0.2641770401106501 0.4190871369294606 0.12448132780082988 0.1078838174273859
15 0.46680497925311193 0.41908713692946065 0.10650069156293222 0.09958506224066391
18 0.6597510373443982 0.4159751037344399 0.10788381742738591 0.08506224066390042
8 0.863762102351314 0.4170124481327801 0.11756569847856156 0.11618257261410787
13 0.06154918877395285 0.6275936059840026 0.10650086717446174 0.10166063299469012
3 0.2544951590594744 0.6275933609958505 0.10511756569847856 0.1016597510373444
6 0.45643153526970953 0.6255186721991701 0.11341632088520055 0.11825726141078836
19 0.6715076071922544 0.6234439834024896 0.1396957123098202 0.11410788381742738
12 0.8651452282157677 0.6203319502074689 0.12309820193637622 0.12448132780082988
9 0.06500691562932229 0.828838174273859 0.10788381742738591 0.10995850622406639
4 0.24827109266943295 0.8257261410788382 0.10650069156293222 0.11203319502074689
0 0.4605809128630705 0.8267634854771785 0.11894882434301518 0.11825726141078836
17 0.6618257261410788 0.8381742738589211 0.12033195020746888 0.1452282157676349
11 0.8582295988934994 0.8298755186721992 0.12309820193637622 0.12033195020746888
