5 0.16173570019723868 0.09264705882352942 0.11439842209072978 0.047058823529411764
10 0.32642998027613407 0.09411764705882353 0.09664694280078895 0.052941176470588235
1 0.49211045364891526 0.09338235294117647 0.10848126232741617 0.0514705882352941
14 0.6528602262598701 0.09044117647058822 0.10256410256410256 0.054411764705882354
7 0.8106508875739645 0.09191176470588236 0.09467455621301775 0.0485294117647059
2 0.16370808678500987 0.18823529411764706 0.11439842209072978 0.052941176470588235
16 0.32149901380670615 0.18897058823529414 0.10256410256410256 0.0514705882352941
15 0.4891518737672584 0.18970588235294117 0.08678500986193294 0.05
18 0.6518737672583826 0.18382352941176466 0.09664694280078895 0.05
8 0.8106508875739645 0.18676470588235294 0.09072978303747535 0.05
13 0.16272189349112426 0.27647058823529413 0.09270216962524655 0.05588235294117649
3 0.3195266272189349 0.27647058823529413 0.09861932938856016 0.052941176470588235
6 0.485207100591716 0.2772058823529412 0.10650887573964499 0.060294117647058824
19 0.6489151873767259 0.2772058823529412 0.11045364891518737 0.0514705882352941
12 0.8086785009861933 0.27794117647058825 0.08678500986193294 0.05588235294117649
9 0.16666666666666669 0.3794117647058824 0.09270216962524655 0.052941176470588235
4 0.3234711346868757 0.3757352941176471 0.09467455621301775 0.060294117647058824
0 0.48816545905037145 0.38014705882352934 0.09270216962524655 0.054411764705882354
17 0.6528599605522684 0.3786764705882353 0.1222879684418146 0.06323529411764706
11 0.806706114398422 0.3816176470588235 0.10650887573964499 0.060294117647058824
