5 0.05394190871369295 0.24291497975708506 0.0636237897648686 0.15384615384615385
10 0.15283540802213 0.24898785425101216 0.06224066390041494 0.1659919028340081
1 0.2538035961272476 0.24493927125506074 0.06224066390041494 0.17408906882591094
14 0.3499308437067773 0.25708502024291496 0.0636237897648686 0.18218623481781374
7 0.4529737206085753 0.2510121457489879 0.05947441217150759 0.17004048582995948
2 0.5525587828492392 0.2651821862348178 0.0511756569847856 0.1902834008097166
16 0.6514522821576763 0.25303643724696356 0.06915629322268327 0.17408906882591094
15 0.7482710926694329 0.2388663967611336 0.05809128630705394 0.16194331983805668
18 0.8520055325034577 0.26113360323886636 0.05532503457814661 0.1659919028340081
8 0.9550484094052558 0.26720647773279355 0.056708160442600276 0.1862348178137652
13 0.053941936152994446 0.6153849880614684 0.07745504840940526 0.1862348178137652
3 0.15283540802213003 0.6093117408906883 0.056708160442600276 0.1659919028340081
6 0.25034578146611347 0.6153846153846154 0.06915629322268327 0.17004048582995948
19 0.35131399152267223 0.6153849880614684 0.07468879668049792 0.15384615384615385
12 0.45504840940525587 0.6133603238866396 0.06639004149377593 0.1417004048582996
9 0.5511756569847858 0.6093117408906883 0.0511756569847856 0.15789473684210525
4 0.6528354080221299 0.6153846153846154 0.05255878284923928 0.1862348178137652
0 0.7517289073305671 0.625506072874494 0.053941908713692956 0.18218623481781374
17 0.8485477178423234 0.6133603238866399 0.06224066390041494 0.18218623481781374
11 0.9467496542185339 0.6032388663967613 0.05947441217150759 0.16194331983805668
