5 0.1183385579937304 0.16102941176470587 0.18652037617554862 0.15441176470588236
10 0.3134796238244515 0.1588235294117647 0.1974921630094044 0.15588235294117647
1 0.5094043887147334 0.15882352941176467 0.1755485893416928 0.1441176470588235
14 0.6896551724137931 0.15514705882352942 0.1567398119122257 0.14558823529411768
7 0.884012539184953 0.15661764705882353 0.21316614420062696 0.15735294117647058
2 0.12460815047021943 0.37426470588235294 0.17711598746081506 0.12794117647058825
16 0.3236677115987461 0.37205882352941183 0.1959247648902821 0.12941176470588237
15 0.5148902821316614 0.37647058823529406 0.16144200626959246 0.1441176470588235
18 0.6896551724137931 0.37720588235294117 0.1755485893416928 0.14558823529411768
8 0.884012539184953 0.3779411764705883 0.2037617554858934 0.1441176470588235
13 0.12068965517241378 0.5779411764705881 0.17868338557993732 0.13823529411764707
3 0.3158307210031348 0.5720588235294116 0.19905956112852669 0.1264705882352941
6 0.5133228840125392 0.5823529411764704 0.18025078369905956 0.14705882352941177
19 0.6849529780564262 0.576470588235294 0.19122257053291533 0.13529411764705881
12 0.8879310344827586 0.5823529411764707 0.2084639498432602 0.1323529411764706
9 0.1238244514106583 0.7926470588235293 0.18181818181818182 0.1323529411764706
4 0.3142633228840126 0.7904411764705883 0.17084639498432602 0.13676470588235293
0 0.5031347962382444 0.7948529411764705 0.18495297805642633 0.13676470588235293
17 0.6998432601880877 0.8 0.19278996865203762 0.15588235294117647
11 0.890282131661442 0.7911764705882354 0.18181818181818182 0.1411764705882353
