5 0.09718969555035128 0.07840616966580977 0.18969555035128807 0.14652956298200515
10 0.33255269320843084 0.07712082262210797 0.16393442622950816 0.15424164524421594
1 0.5210772833723654 0.07840616966580977 0.1756440281030445 0.14652956298200515
14 0.6908665105386418 0.07840616966580977 0.1358313817330211 0.15681233933161953
7 0.8711943793911007 0.07583547557840617 0.1920374707259953 0.15167095115681234
2 0.10304449648711944 0.32390745501285345 0.19672131147540983 0.14910025706940874
16 0.3103041999164126 0.31748083273451244 0.18969555035128807 0.14652956298200515
15 0.5000000000000001 0.3149100257069409 0.16627634660421545 0.17223650385604114
18 0.6873536299765807 0.3226221079691517 0.17096018735362992 0.18251928020565558
8 0.8747072599531616 0.31876606683804626 0.17096018735362992 0.15938303341902313
13 0.0925058548009368 0.5758354755784062 0.1850117096018736 0.16452442159383032
3 0.28454332552693207 0.5719794344473007 0.18032786885245902 0.15681233933161953
6 0.46955503512880553 0.570694087403599 0.17096018735362992 0.16452442159383032
19 0.6615925058548009 0.5732647814910026 0.1756440281030445 0.15424164524421594
12 0.8782201405152225 0.5668380462724936 0.2154566744730679 0.16195372750642673
9 0.09718969555035128 0.8496142829467216 0.19437939110070257 0.13624678663239073
4 0.28922716627634665 0.8534704370179951 0.16159250585480095 0.14910025706940874
0 0.47892259176148516 0.834189949012048 0.1850117096018736 0.17223650385604114
17 0.6791569086651053 0.847043701799486 0.18735362997658084 0.18251928020565558
11 0.8723653395784542 0.8380462724935732 0.1756440281030445 0.16966580976863754
