5 0.18326417704011064 0.33333333333333337 0.11479944674965421 0.13750000000000004
10 0.2807745230447925 0.30208333333333337 0.09405255878284924 0.12916666666666668
1 0.38174273858921154 0.2718749994701809 0.1023513139695712 0.12291666666666666
14 0.47302904564315357 0.259375 0.06639004149377593 0.11041666666666666
7 0.5567081604426004 0.2520833333333333 0.0926694329183956 0.125
2 0.1881050956142573 0.5052083337306976 0.0968188105117566 0.13958333333333334
16 0.2987552031855726 0.4802083332008785 0.1023513139695712 0.13958333333333334
15 0.40525587828492393 0.45104166666666673 0.1023513139695712 0.13541666666666666
18 0.5020746887966805 0.440625 0.08575380359612725 0.13958333333333334
8 0.5905947441217151 0.42500000013245476 0.08852005532503458 0.14583333333333334
13 0.17427385892116176 0.7104166666666667 0.11065006915629322 0.12083333333333333
3 0.29875518672199164 0.7 0.12171507607192254 0.12916666666666668
6 0.4149377593360996 0.671875 0.11618257261410787 0.14791666666666667
19 0.529045643153527 0.6531250000000002 0.10096818810511757 0.14791666666666667
12 0.6459197786998618 0.6354166666666665 0.12448132780082988 0.12916666666666668
9 0.14801021169659836 0.921875 0.1549415852189229 0.15625
4 0.2897648686030429 0.909375 0.12309820193637622 0.16458333333333328
0 0.4405255878284924 0.8927083333333333 0.16459197786998614 0.16875
