5 0.10036557597446541 0.1117881734500385 0.08135617335373413 0.056508307458261214
10 0.18030274630458792 0.11117395271679652 0.06905814714909993 0.055279865991777276
1 0.26260492167406313 0.11301661491652241 0.07662616327502866 0.06387895625716485
14 0.3392310849490918 0.11117395271679652 0.06338213505465337 0.06019363185771305
7 0.42579026938940195 0.11178817345003848 0.08514018141669855 0.06387895625716485
2 0.09989257496659486 0.21190615296847956 0.07851816730651086 0.057736748924745146
16 0.18455975537542288 0.21190615296847956 0.07946416932225198 0.057736748924745146
15 0.2663889297370276 0.2088350493022697 0.07284215521206429 0.056508307458261235
18 0.3430150930120562 0.21006349076875366 0.07095015118058214 0.05896519039122912
8 0.42579026938940195 0.21129193223523757 0.07757216529076978 0.056508307458261235
13 0.10036557597446541 0.3144810154198885 0.07568016125928759 0.06142207332419697
3 0.181248748320329 0.31448101541988843 0.07284215521206429 0.06633583919013274
6 0.26686193074489817 0.3138667946866465 0.07378815722780536 0.06756428065661665
19 0.3453800980514089 0.3169378983528564 0.07946416932225198 0.06633583919013274
12 0.42815525190791076 0.31386679468664647 0.08797818746392179 0.06019363185771305
9 0.10131157799020649 0.41152789127211975 0.07189615319632318 0.06142207332419697
4 0.18030274630458792 0.4109136705388777 0.07662616327502869 0.06510739772364876
0 0.26355092368980426 0.4109136705388777 0.07851816730651086 0.06510739772364876
17 0.34254209200418556 0.41459899493832963 0.06811214513335882 0.07493492945552027
11 0.426736271405143 0.4109136705388777 0.07946416932225192 0.06510739772364876
