5 0.12431941923774953 0.18602941176470592 0.12885662431941924 0.08088235294117646
10 0.3139745916515426 0.18897058823529408 0.11978221415607986 0.08382352941176469
1 0.5072595281306714 0.18602941176470586 0.12885662431941924 0.08676470588235294
14 0.6978225996292379 0.1830882352941176 0.10344919199894717 0.08382352941176467
7 0.8874773139745916 0.1867647058823529 0.11978221415607986 0.08529411764705883
2 0.12068965517241378 0.4080882352941176 0.12522686025408347 0.08382352941176469
16 0.3103448275862069 0.4044117647058823 0.1161524500907441 0.09117647058823529
15 0.5027223230490019 0.40882352941176464 0.1161524500907441 0.09117647058823529
18 0.6987295825771325 0.4080882352941176 0.12341197822141561 0.08382352941176469
8 0.8811252268602542 0.40514705882352936 0.12159709618874773 0.08382352941176469
13 0.1234119782214156 0.6235294117647059 0.1161524500907441 0.07941176470588233
3 0.31669691470054445 0.6264705882352941 0.12522686025408347 0.09117647058823529
6 0.5054446460980037 0.6272058823529412 0.12885662431941924 0.09264705882352942
19 0.6978221415607985 0.6286764705882353 0.12522686025408347 0.08676470588235294
12 0.8856624319419238 0.6272058823529413 0.13430127041742287 0.08088235294117646
9 0.1161524500907441 0.85 0.12341197822141561 0.08529411764705883
4 0.31488203266787657 0.8404411764705882 0.11796733212341198 0.09558823529411764
0 0.5036297640653358 0.8441176470588233 0.12885662431941924 0.0970588235294118
17 0.6896551724137931 0.8441176470588238 0.13067150635208707 0.09411764705882353
11 0.8901998052936322 0.848529411764706 0.12522686025408347 0.08529411764705883
