5 0.09555189456342669 0.17727899551391602 0.19110378912685339 0.10161681455724376
10 0.2833607907742999 0.17720588235294116 0.17792421746293247 0.10441176470588236
1 0.47364085667215816 0.17352941176470588 0.19604612850082373 0.10882352941176471
14 0.6738056013179572 0.17352941176470588 0.15156507413509057 0.11764705882352938
7 0.8673805601317958 0.1742647058823529 0.20263591433278416 0.11029411764705882
2 0.08896210873146623 0.38683781904332776 0.17792421746293247 0.11191093220430265
16 0.28171334431630973 0.38161764705882356 0.20428336079077428 0.1191176470588235
15 0.4876441515650741 0.38014705882352934 0.19769357495881384 0.125
18 0.6771004942339374 0.38088235294117645 0.1812191103789127 0.11470588235294117
8 0.8682042833607908 0.37647058823529406 0.20098846787479407 0.11764705882352938
13 0.08896210873146623 0.5897058823529412 0.171334431630972 0.1029411764705882
3 0.285831960461285 0.5845588235294118 0.20263591433278416 0.0985294117647059
6 0.4892915980230642 0.5882352941176471 0.171334431630972 0.11176470588235297
19 0.6663916275879904 0.5867647058823529 0.20263591433278416 0.11176470588235297
12 0.8797364085667216 0.588970588235294 0.20098846787479407 0.1191176470588235
9 0.09802306425041186 0.7882352941176471 0.1828665568369028 0.09411764705882353
4 0.29406919275123555 0.7875 0.18945634266886327 0.11029411764705882
0 0.4728168546417563 0.786029411764706 0.19439868204283361 0.11029411764705882
17 0.6672158154859967 0.800735294117647 0.19110378912685339 0.14264705882352943
11 0.8706754530477759 0.7941176470588235 0.19604612850082373 0.12941176470588237
