5 0.10526315789473685 0.0997229916897507 0.11080332409972296 0.1662049861495845
10 0.29709141274238227 0.09556786703601108 0.10664819944598335 0.16343490304709143
1 0.504847645429363 0.10526315789473685 0.10664819944598335 0.17174515235457066
14 0.7091412742382271 0.10941828254847646 0.09418282548476457 0.1745152354570637
7 0.9078947368421053 0.10526315789473685 0.11772853185595569 0.1772853185595568
2 0.09833795013850415 0.476454293628809 0.10803324099722988 0.1662049861495845
16 0.30470914127423826 0.4875346260387813 0.12188365650969529 0.18836565096952915
15 0.5041551246537397 0.48891966759002764 0.11357340720221608 0.19667590027700835
8 0.7042936288088641 0.5013850415512466 0.12326869806094183 0.19390581717451527
8 0.9044321329639889 0.49030470914127433 0.11911357340720223 0.20498614958448758
13 0.10872576177285322 0.8518005540166207 0.11495844875346262 0.1745152354570637
3 0.30678670360110805 0.8448753462603881 0.09833795013850417 0.1662049861495845
6 0.5090027262921761 0.8531858583134256 0.13157912253212672 0.15512491648517113
19 0.7042936288088645 0.8490304709141272 0.11772853185595569 0.15789473684210525
12 0.909279800288815 0.8518006415984735 0.1481994459833795 0.18005540166204992
