5 0.13676470588235293 0.11985294117647059 0.18235294117647058 0.20147058823529412
10 0.31985294117647056 0.11911764705882355 0.175 0.1941176470588236
1 0.5044117647058822 0.12205882352941176 0.18235294117647058 0.19117647058823528
14 0.6727941176470587 0.11764705882352942 0.14264705882352943 0.1970588235294118
7 0.8529411764705883 0.11838235294117645 0.2088235294117647 0.1897058823529411
2 0.12205882352941178 0.36617647058823527 0.17941176470588235 0.1970588235294118
16 0.31323529411764706 0.3713235294117647 0.17647058823529413 0.19852941176470587
15 0.5022058823529413 0.3691176470588235 0.175 0.2
18 0.6889705882352942 0.3786764705882353 0.17205882352941176 0.20441176470588235
8 0.874264705882353 0.3698529411764706 0.17205882352941176 0.19264705882352942
13 0.09338235294117649 0.611764705882353 0.16029411764705884 0.2
3 0.2772058823529412 0.6117647058823528 0.16911764705882354 0.2058823529411764
6 0.46617647058823536 0.6110294117647058 0.19117647058823528 0.21029411764705888
19 0.6713235294117648 0.6117647058823529 0.20147058823529412 0.21470588235294114
12 0.8882352941176471 0.6161158926346723 0.21176470588235294 0.22046707938699162
9 0.12941176470588237 0.8382352941176471 0.18823529411764706 0.1970588235294118
4 0.3294117647058823 0.8397058823529412 0.17352941176470588 0.20294117647058824
0 0.5110294117647058 0.8411764705882354 0.17205882352941176 0.2058823529411764
17 0.7022058823529411 0.8625 0.18088235294117644 0.2426470588235294
11 0.886029411764706 0.8602941176470589 0.18676470588235294 0.22352941176470595
