5 0.1383125864453665 0.3817427385892116 0.13278008298755187 0.0912863070539419
10 0.3457814661134163 0.3838174273858921 0.12171507607192254 0.0954356846473029
1 0.5262793914246197 0.3869294605809129 0.10926694329183956 0.08921161825726141
14 0.7053941908713692 0.37966804979253105 0.09405255878284924 0.0954356846473029
7 0.8948824343015214 0.38485477178423233 0.11341632088520055 0.10580912863070539
2 0.14591977869986167 0.5466804979253111 0.12586445366528354 0.11410788381742738
16 0.3506224066390041 0.5466804979253111 0.14246196403872752 0.11410788381742738
15 0.524896265560166 0.5425311203319502 0.10926694329183956 0.10995850622406639
18 0.7074688796680497 0.5477178423236515 0.12586445366528354 0.1078838174273859
8 0.8955739972337483 0.5456431535269709 0.11756569847856156 0.11618257261410787
13 0.15214384508990317 0.7209543568464731 0.1272475795297372 0.09336099585062241
3 0.35338865836791145 0.7219917012448133 0.13692946058091285 0.1037344398340249
6 0.5401106500691563 0.7199170124481327 0.11756569847856156 0.11618257261410787
9 0.13692946058091288 0.896265560165975 0.10511756569847856 0.1078838174273859
4 0.3278008298755186 0.8900414937759337 0.1023513139695712 0.0954356846473029
0 0.5325034578146611 0.8910788381742739 0.13001383125864455 0.1016597510373444
