318 0.06875 0.18160919540229886 0.075 0.0896551724137931
355 0.1578125 0.18160919540229886 0.084375 0.08735632183908046
208 0.2484375 0.1839080459770115 0.0828125 0.09425287356321839
484 0.315625 0.18160919540229886 0.05 0.08505747126436781
296 0.36875 0.10114942528735632 0.05625 0.059770114942528735
484 0.3734375 0.18160919540229886 0.0484375 0.08505747126436781
355 0.4546875 0.18160919540229886 0.084375 0.08735632183908046
410 0.540625 0.1793103448275862 0.065625 0.08735632183908046
192 0.5453125 0.2574712643678161 0.0640625 0.052873563218390804
574 0.628125 0.18160919540229886 0.08125 0.08505747126436781
360 0.6890625 0.18620689655172415 0.0234375 0.06896551724137931
360 0.725 0.18620689655172415 0.0234375 0.07126436781609195
374 0.7859375 0.18160919540229886 0.0703125 0.08505747126436781
17 0.8828125 0.20919540229885059 0.10625 0.15862068965517243
360 0.0453125 0.6689655172413793 0.0234375 0.07126436781609195
360 0.065625 0.6689655172413793 0.021875 0.07126436781609195
374 0.125 0.6666666666666666 0.071875 0.08505747126436781
336 0.1421875 0.5885057471264368 0.021875 0.027586206896551724
410 0.209375 0.664367816091954 0.065625 0.0896551724137931
192 0.2140625 0.7448275862068966 0.0609375 0.05517241379310345
411 0.2515625 0.5908045977011495 0.025 0.020689655172413793
437 0.3015625 0.6988505747126437 0.08125 0.15862068965517243
382 0.390625 0.7011494252873564 0.0859375 0.15402298850574714
412 0.471875 0.6666666666666666 0.0640625 0.08505747126436781
336 0.4859375 0.5885057471264368 0.0203125 0.02528735632183908
397 0.5546875 0.6988505747126437 0.09375 0.15172413793103448
336 0.58125 0.5885057471264368 0.021875 0.027586206896551724
355 0.65625 0.6666666666666666 0.0828125 0.08735632183908046
208 0.678125 0.7425287356321839 0.0515625 0.052873563218390804