546 0.0765625 0.16464891041162227 0.0921875 0.162227602905569
374 0.1609375 0.13075060532687652 0.0703125 0.09443099273607748
336 0.1765625 0.05084745762711865 0.0203125 0.031476997578692496
502 0.2421875 0.12832929782082325 0.06875 0.09200968523002422
297 0.30625 0.16707021791767554 0.040625 0.16464891041162227
410 0.3671875 0.12832929782082325 0.0671875 0.09443099273607748
510 0.45 0.16464891041162227 0.084375 0.15980629539951574
466 0.5328125 0.13075060532687652 0.0703125 0.09200968523002422
574 0.6140625 0.13075060532687652 0.078125 0.09200968523002422
297 0.6828125 0.16707021791767554 0.0421875 0.16464891041162227
318 0.746875 0.12832929782082325 0.0765625 0.09443099273607748
465 0.8109375 0.12832929782082325 0.040625 0.09200968523002422
484 0.8640625 0.12832929782082325 0.05 0.09200968523002422
318 0.0671875 0.6295399515738499 0.0765625 0.09200968523002422
410 0.146875 0.6271186440677966 0.065625 0.09685230024213075
502 0.221875 0.6271186440677966 0.071875 0.09200968523002422
374 0.3 0.6271186440677966 0.071875 0.09200968523002422
180 0.359375 0.6682808716707022 0.0359375 0.1694915254237288
318 0.4234375 0.6271186440677966 0.078125 0.09200968523002422
355 0.509375 0.6271186440677966 0.0828125 0.09200968523002422
208 0.5984375 0.6295399515738499 0.0828125 0.09443099273607748
484 0.665625 0.6246973365617433 0.046875 0.08958837772397095
360 0.7125 0.6319612590799032 0.0234375 0.07263922518159806
360 0.7328125 0.6319612590799032 0.025 0.07263922518159806