221 0.08125 0.16247139588100687 0.0515625 0.16247139588100687
118 0.1625 0.15102974828375287 0.075 0.08924485125858124
556 0.2375 0.15102974828375287 0.0703125 0.08924485125858124
297 0.3078125 0.18764302059496568 0.04375 0.16247139588100687
502 0.371875 0.15102974828375287 0.0734375 0.09153318077803203
546 0.4671875 0.18764302059496568 0.0984375 0.16018306636155608
300 0.553125 0.15102974828375287 0.06875 0.09153318077803203
502 0.63125 0.15102974828375287 0.071875 0.09153318077803203
206 0.6515625 0.2334096109839817 0.0390625 0.057208237986270026
392 0.715625 0.15102974828375287 0.0671875 0.09153318077803203
411 0.765625 0.07322654462242563 0.0265625 0.02288329519450801
360 0.7875 0.15560640732265446 0.0234375 0.07322654462242563
203 0.7390625 0.2585812356979405 0.05625 0.11441647597254005
37 0.109375 0.6887871853546911 0.0859375 0.16247139588100687
484 0.18125 0.6544622425629291 0.053125 0.09153318077803203
539 0.2640625 0.6887871853546911 0.090625 0.16247139588100687
400 0.3546875 0.6887871853546911 0.0828125 0.16247139588100687
337 0.4390625 0.6521739130434783 0.0765625 0.09153318077803203
336 0.4578125 0.5720823798627003 0.021875 0.029748283752860413
546 0.5421875 0.6887871853546911 0.096875 0.16247139588100687
374 0.63125 0.6521739130434783 0.071875 0.08924485125858124
336 0.65 0.5743707093821511 0.0234375 0.029748283752860413
502 0.7203125 0.6521739130434783 0.0734375 0.09382151029748284
17 0.81875 0.6819221967963387 0.1109375 0.16704805491990846
336 0.2515625 0.07093821510297482 0.025 0.032036613272311214