30 0.0984375 0.15704387990762125 0.096875 0.09468822170900693
207 0.14375 0.06928406466512702 0.0296875 0.06235565819861432
300 0.1859375 0.16166281755196305 0.0671875 0.08775981524249422
374 0.2640625 0.15935334872979215 0.0734375 0.09006928406466513
410 0.3453125 0.15935334872979215 0.06875 0.09237875288683603
336 0.3625 0.08314087759815242 0.0234375 0.02771362586605081
193 0.3546875 0.23787528868360278 0.0578125 0.05542725173210162
410 0.4296875 0.16166281755196305 0.06875 0.09006928406466513
215 0.434375 0.24249422632794457 0.0609375 0.05542725173210162
411 0.471875 0.08545034642032333 0.0265625 0.025404157043879907
318 0.5203125 0.16166281755196305 0.078125 0.08775981524249422
392 0.6 0.15935334872979215 0.0671875 0.09006928406466513
207 0.6375 0.06697459584295612 0.03125 0.06697459584295612
300 0.6796875 0.16166281755196305 0.06875 0.09006928406466513
484 0.746875 0.16166281755196305 0.053125 0.09006928406466513
466 0.81875 0.16166281755196305 0.0734375 0.09006928406466513
336 0.8328125 0.08314087759815242 0.021875 0.03002309468822171
374 0.0859375 0.648960739030023 0.075 0.09006928406466513
410 0.165625 0.6466512702078522 0.06875 0.09468822170900693
544 0.178125 0.7598152424942263 0.071875 0.12009237875288684
19 0.271875 0.6789838337182448 0.109375 0.16397228637413394
360 0.3453125 0.6535796766743649 0.025 0.07159353348729793
360 0.3671875 0.6535796766743649 0.025 0.07159353348729793
297 0.4125 0.6859122401847575 0.0421875 0.16166281755196305
261 0.4765625 0.648960739030023 0.0703125 0.08775981524249422
297 0.540625 0.6859122401847575 0.0421875 0.16166281755196305
556 0.603125 0.648960739030023 0.0703125 0.09006928406466513
297 0.6671875 0.6859122401847575 0.0421875 0.16166281755196305
355 0.7359375 0.648960739030023 0.0859375 0.09006928406466513
224 0.825 0.648960739030023 0.0765625 0.09006928406466513
410 0.90625 0.648960739030023 0.06875 0.09006928406466513
191 0.9265625 0.7551963048498845 0.059375 0.11316397228637413
207 0.9515625 0.558891454965358 0.0296875 0.06235565819861432