412 0.103125 0.13480392156862744 0.0640625 0.09068627450980392
337 0.1796875 0.13480392156862744 0.06875 0.09068627450980392
355 0.2625 0.13480392156862744 0.08125 0.08823529411764706
198 0.290625 0.2426470588235294 0.059375 0.11274509803921569
484 0.34375 0.13480392156862744 0.05 0.09068627450980392
336 0.35 0.056372549019607844 0.0203125 0.029411764705882353
260 0.415625 0.13480392156862744 0.0703125 0.09068627450980392
198 0.4390625 0.24509803921568626 0.05625 0.11274509803921569
484 0.4921875 0.13480392156862744 0.05 0.09068627450980392
336 0.496875 0.056372549019607844 0.021875 0.029411764705882353
260 0.5640625 0.13480392156862744 0.071875 0.09068627450980392
336 0.584375 0.05392156862745098 0.0203125 0.029411764705882353
193 0.578125 0.21568627450980393 0.0546875 0.05392156862745098
574 0.65625 0.13480392156862744 0.0796875 0.08823529411764706
355 0.74375 0.13480392156862744 0.08125 0.08823529411764706
411 0.7890625 0.058823529411764705 0.025 0.0196078431372549
297 0.8171875 0.1715686274509804 0.040625 0.1642156862745098
300 0.871875 0.13480392156862744 0.0640625 0.09068627450980392
465 0.9296875 0.13480392156862744 0.0421875 0.09068627450980392
374 0.1046875 0.6323529411764706 0.071875 0.09068627450980392
520 0.1890625 0.6299019607843137 0.0765625 0.09313725490196079
336 0.20625 0.5514705882352942 0.0203125 0.029411764705882353
318 0.2734375 0.6299019607843137 0.075 0.09068627450980392
431 0.365625 0.6715686274509803 0.0921875 0.1715686274509804
374 0.4421875 0.6323529411764706 0.0703125 0.08823529411764706
336 0.4578125 0.5514705882352942 0.0203125 0.029411764705882353
502 0.5234375 0.6299019607843137 0.0671875 0.09068627450980392
179 0.6 0.6299019607843137 0.0765625 0.09313725490196079
355 0.6875 0.6299019607843137 0.08125 0.09068627450980392
208 0.775 0.6299019607843137 0.08125 0.09068627450980392
484 0.8390625 0.6299019607843137 0.0484375 0.08823529411764706