337 0.125 0.1630170316301703 0.071875 0.09002433090024331
556 0.203125 0.1630170316301703 0.065625 0.09002433090024331
502 0.2765625 0.1630170316301703 0.06875 0.09002433090024331
224 0.353125 0.1630170316301703 0.0703125 0.09002433090024331
296 0.359375 0.08029197080291971 0.053125 0.06326034063260341
410 0.4359375 0.1630170316301703 0.0640625 0.09002433090024331
296 0.4421875 0.0827250608272506 0.053125 0.06326034063260341
206 0.45 0.24330900243309003 0.0375 0.058394160583941604
296 0.503125 0.19951338199513383 0.040625 0.1630170316301703
224 0.5640625 0.1630170316301703 0.071875 0.09002433090024331
465 0.625 0.1630170316301703 0.04375 0.09245742092457421
297 0.6734375 0.19951338199513383 0.040625 0.16058394160583941
502 0.7328125 0.1630170316301703 0.065625 0.08759124087591241
465 0.790625 0.1630170316301703 0.040625 0.08759124087591241
297 0.8390625 0.19951338199513383 0.040625 0.16058394160583941
484 0.890625 0.1630170316301703 0.053125 0.09002433090024331
360 0.934375 0.1678832116788321 0.0234375 0.0705596107055961
360 0.9546875 0.1678832116788321 0.021875 0.0681265206812652
374 0.125 0.6520681265206812 0.06875 0.09002433090024331
336 0.1421875 0.5742092457420924 0.0203125 0.029197080291970802
410 0.20625 0.6496350364963503 0.065625 0.09245742092457421
215 0.209375 0.732360097323601 0.0578125 0.05596107055961071
411 0.2453125 0.5766423357664233 0.025 0.021897810218978103
374 0.2890625 0.6520681265206812 0.06875 0.08759124087591241
17 0.38125 0.6788321167883211 0.103125 0.1630170316301703
30 0.4859375 0.6472019464720195 0.0921875 0.09732360097323602
207 0.528125 0.559610705596107 0.0296875 0.06082725060827251
300 0.5671875 0.6520681265206812 0.0625 0.08759124087591241
492 0.6375 0.6861313868613139 0.0625 0.15571776155717762
392 0.7046875 0.6520681265206812 0.0640625 0.08759124087591241
411 0.740625 0.5766423357664233 0.0265625 0.019464720194647202
502 0.7828125 0.6520681265206812 0.0671875 0.08759124087591241