224 0.1421875 0.17193675889328064 0.0875 0.09090909090909091
411 0.1921875 0.09486166007905138 0.0296875 0.021739130434782608
300 0.2390625 0.16996047430830039 0.078125 0.09090909090909091
374 0.3328125 0.17193675889328064 0.0875 0.08893280632411067
410 0.4265625 0.16798418972332016 0.078125 0.09090909090909091
208 0.525 0.16996047430830039 0.1 0.08695652173913043
296 0.5265625 0.08695652173913043 0.065625 0.06126482213438735
410 0.621875 0.16996047430830039 0.0796875 0.09288537549407115
299 0.625 0.08893280632411067 0.065625 0.06126482213438735
224 0.7203125 0.16996047430830039 0.0890625 0.09090909090909091
336 0.7421875 0.09090909090909091 0.025 0.029644268774703556
502 0.821875 0.16996047430830039 0.0828125 0.09090909090909091
437 0.146875 0.6996047430830039 0.096875 0.16205533596837945
286 0.2546875 0.6996047430830039 0.103125 0.15810276679841898
318 0.35625 0.66600790513834 0.090625 0.09090909090909091
297 0.4359375 0.7015810276679841 0.05 0.16403162055335968
355 0.51875 0.66600790513834 0.1 0.08893280632411067
297 0.6046875 0.7015810276679841 0.05 0.16403162055335968
574 0.6875 0.66600790513834 0.0984375 0.08893280632411067
17 0.8046875 0.6956521739130435 0.1265625 0.16403162055335968