318 0.0984375 0.16831683168316833 0.071875 0.08663366336633663
355 0.18125 0.16831683168316833 0.078125 0.0891089108910891
208 0.2640625 0.16831683168316833 0.078125 0.08663366336633663
484 0.328125 0.16831683168316833 0.046875 0.0891089108910891
337 0.3921875 0.16831683168316833 0.0671875 0.08663366336633663
556 0.4671875 0.16831683168316833 0.0625 0.0891089108910891
318 0.5421875 0.16831683168316833 0.0703125 0.0891089108910891
336 0.5609375 0.09405940594059406 0.0203125 0.0297029702970297
364 0.6359375 0.20297029702970298 0.0921875 0.15594059405940594
297 0.7046875 0.20544554455445543 0.0390625 0.15841584158415842
318 0.765625 0.16831683168316833 0.0703125 0.08663366336633663
410 0.840625 0.16831683168316833 0.0625 0.08663366336633663
169 0.8484375 0.24504950495049505 0.046875 0.05198019801980198
180 0.896875 0.2079207920792079 0.0359375 0.16584158415841585
374 0.096875 0.650990099009901 0.0671875 0.08663366336633663
410 0.171875 0.6485148514851485 0.0640625 0.0891089108910891
364 0.18125 0.7574257425742574 0.06875 0.10891089108910891
286 0.259375 0.6856435643564357 0.0796875 0.15594059405940594
260 0.3375 0.650990099009901 0.06875 0.08663366336633663
336 0.353125 0.5742574257425742 0.0203125 0.027227722772277228
337 0.4171875 0.650990099009901 0.06875 0.0891089108910891
300 0.4890625 0.650990099009901 0.059375 0.08663366336633663
360 0.540625 0.655940594059406 0.021875 0.06930693069306931
360 0.5609375 0.6534653465346535 0.021875 0.06930693069306931