221 0.1078125 0.1536643026004728 0.0484375 0.1607565011820331
75 0.1859375 0.14184397163120568 0.0671875 0.08747044917257683
374 0.2640625 0.14184397163120568 0.071875 0.08747044917257683
336 0.28125 0.06382978723404255 0.01875 0.028368794326241134
355 0.35625 0.14184397163120568 0.084375 0.08983451536643026
374 0.4421875 0.14184397163120568 0.071875 0.08983451536643026
336 0.459375 0.06382978723404255 0.021875 0.028368794326241134
232 0.5359375 0.1773049645390071 0.0875 0.1607565011820331
484 0.609375 0.14420803782505912 0.05 0.08983451536643026
17 0.69375 0.1702127659574468 0.10625 0.16312056737588654
502 0.1265625 0.6382978723404256 0.06875 0.08983451536643026
296 0.13125 0.5555555555555556 0.053125 0.061465721040189124
297 0.1953125 0.6737588652482269 0.040625 0.16312056737588654
355 0.2640625 0.6382978723404256 0.0828125 0.08983451536643026
465 0.33125 0.6382978723404256 0.0421875 0.08747044917257683
374 0.3984375 0.6382978723404256 0.071875 0.08747044917257683
180 0.4578125 0.6784869976359338 0.0375 0.16784869976359337
360 0.4984375 0.6430260047281324 0.025 0.07092198581560284
484 0.5484375 0.6382978723404256 0.05 0.08983451536643026
392 0.6140625 0.6382978723404256 0.0640625 0.08983451536643026
374 0.690625 0.6382978723404256 0.0703125 0.08983451536643026
410 0.7703125 0.6359338061465721 0.065625 0.08983451536643026
169 0.7796875 0.7163120567375887 0.05 0.054373522458628844
410 0.85625 0.6382978723404256 0.0671875 0.08983451536643026
336 0.7890625 0.5602836879432624 0.0203125 0.028368794326241134
169 0.8640625 0.7163120567375887 0.05 0.054373522458628844