297 0.0765625 0.18899521531100477 0.0390625 0.16267942583732056
260 0.140625 0.1507177033492823 0.0703125 0.08851674641148326
465 0.2015625 0.1507177033492823 0.040625 0.08851674641148326
374 0.2671875 0.1507177033492823 0.0703125 0.0861244019138756
410 0.346875 0.1507177033492823 0.0640625 0.09330143540669857
296 0.353125 0.06698564593301436 0.0546875 0.05980861244019139
194 0.3578125 0.24162679425837322 0.04375 0.07416267942583732
411 0.496875 0.07655502392344497 0.025 0.0215311004784689
297 0.5265625 0.18899521531100477 0.040625 0.16267942583732056
318 0.5921875 0.1507177033492823 0.075 0.08851674641148326
465 0.6546875 0.1507177033492823 0.040625 0.08851674641148326
392 0.7171875 0.1507177033492823 0.0640625 0.08851674641148326
297 0.7796875 0.18899521531100477 0.040625 0.16267942583732056
318 0.84375 0.1507177033492823 0.075 0.09090909090909091
502 0.090625 0.6483253588516746 0.06875 0.09090909090909091
336 0.10625 0.569377990430622 0.0203125 0.028708133971291867
392 0.1703125 0.6483253588516746 0.0640625 0.09090909090909091
159 0.1796875 0.7296650717703349 0.0484375 0.05502392344497608
180 0.23125 0.6889952153110048 0.0375 0.16985645933014354
318 0.296875 0.6507177033492823 0.0765625 0.08851674641148326
336 0.315625 0.569377990430622 0.0203125 0.028708133971291867
411 0.3453125 0.5717703349282297 0.025 0.0215311004784689
297 0.3734375 0.6866028708133971 0.040625 0.16507177033492823
260 0.4375 0.6507177033492823 0.071875 0.08851674641148326
502 0.515625 0.6483253588516746 0.06875 0.09330143540669857
360 0.5734375 0.65311004784689 0.0234375 0.07177033492822966
360 0.59375 0.65311004784689 0.021875 0.07416267942583732
118 0.653125 0.6483253588516746 0.071875 0.0861244019138756
336 0.6609375 0.569377990430622 0.0203125 0.028708133971291867
392 0.7265625 0.6483253588516746 0.0640625 0.08851674641148326
159 0.734375 0.7272727272727273 0.05 0.05263157894736842
180 0.7859375 0.6889952153110048 0.0375 0.16985645933014354
446 0.44375 0.15311004784688995 0.0953125 0.09090909090909091