392 0.125 0.14218009478672985 0.065625 0.08767772511848342
336 0.1390625 0.06398104265402843 0.021875 0.02843601895734597
556 0.20625 0.14218009478672985 0.065625 0.08767772511848342
336 0.2203125 0.06398104265402843 0.0203125 0.02843601895734597
520 0.290625 0.14218009478672985 0.0765625 0.08767772511848342
336 0.3109375 0.06398104265402843 0.021875 0.02843601895734597
392 0.375 0.14218009478672985 0.0640625 0.09004739336492891
296 0.378125 0.05924170616113744 0.053125 0.061611374407582936
410 0.4546875 0.13981042654028436 0.065625 0.09004739336492891
164 0.4640625 0.21800947867298578 0.05 0.05687203791469194
411 0.4953125 0.06635071090047394 0.025 0.02132701421800948
364 0.553125 0.17772511848341233 0.096875 0.15876777251184834
15 0.659375 0.17061611374407584 0.10625 0.15876777251184834
360 0.73125 0.14691943127962084 0.021875 0.06872037914691943
297 0.1125 0.6658767772511849 0.0421875 0.16113744075829384
412 0.171875 0.6303317535545023 0.065625 0.09004739336492891
465 0.2296875 0.6279620853080569 0.040625 0.08767772511848342
374 0.2953125 0.6279620853080569 0.0703125 0.08767772511848342
180 0.3546875 0.6682464454976303 0.0375 0.16824644549763032
374 0.4171875 0.6303317535545023 0.0703125 0.08767772511848342
296 0.421875 0.54739336492891 0.053125 0.061611374407582936
392 0.4984375 0.6303317535545023 0.065625 0.09004739336492891
180 0.5546875 0.6682464454976303 0.0390625 0.16824644549763032
360 0.5921875 0.6327014218009479 0.025 0.07109004739336493
224 0.653125 0.6303317535545023 0.071875 0.08767772511848342
410 0.73125 0.6279620853080569 0.0640625 0.09004739336492891
191 0.7515625 0.7345971563981043 0.0546875 0.11374407582938388
207 0.7765625 0.5379146919431279 0.0296875 0.06398104265402843