392 0.1234375 0.1877637130801688 0.06875 0.08438818565400844
411 0.1625 0.1160337552742616 0.0265625 0.0189873417721519
297 0.19375 0.22151898734177214 0.0421875 0.1518987341772152
300 0.2546875 0.1877637130801688 0.06875 0.08227848101265822
465 0.3171875 0.1877637130801688 0.0453125 0.08227848101265822
410 0.3859375 0.18565400843881857 0.0703125 0.08438818565400844
164 0.3953125 0.2616033755274262 0.053125 0.052742616033755275
296 0.3921875 0.10970464135021098 0.0578125 0.05907172995780591
261 0.4765625 0.1877637130801688 0.0734375 0.08438818565400844
355 0.565625 0.1877637130801688 0.0875 0.08438818565400844
179 0.6578125 0.1877637130801688 0.084375 0.08227848101265822
374 0.746875 0.1877637130801688 0.0765625 0.08438818565400844
21 0.85 0.21518987341772153 0.1109375 0.1540084388185654
297 0.109375 0.6877637130801688 0.04375 0.1518987341772152
46 0.1796875 0.6540084388185654 0.084375 0.08227848101265822
465 0.2484375 0.6540084388185654 0.0453125 0.08227848101265822
410 0.3171875 0.6518987341772152 0.0703125 0.08438818565400844
169 0.3265625 0.7278481012658228 0.0546875 0.05063291139240506
411 0.3609375 0.5822784810126582 0.0265625 0.0189873417721519
360 0.3828125 0.6582278481012658 0.025 0.06751054852320675
318 0.4484375 0.6540084388185654 0.08125 0.08227848101265822
374 0.5359375 0.6540084388185654 0.075 0.08438818565400844
502 0.6203125 0.6540084388185654 0.071875 0.08438818565400844
208 0.70625 0.6518987341772152 0.0875 0.08227848101265822
336 0.721875 0.580168776371308 0.021875 0.027426160337552744
411 0.753125 0.5822784810126582 0.028125 0.02109704641350211