392 0.10625 0.15347721822541965 0.0640625 0.08872901678657075
336 0.1203125 0.07673860911270983 0.0203125 0.02877697841726619
546 0.1984375 0.18944844124700239 0.0890625 0.15587529976019185
492 0.278125 0.18944844124700239 0.0640625 0.15827338129496402
547 0.353125 0.19904076738609114 0.0765625 0.1750599520383693
207 0.396875 0.06235011990407674 0.028125 0.05995203836930456
300 0.4375 0.15347721822541965 0.0640625 0.08633093525179857
297 0.4984375 0.18944844124700239 0.0390625 0.1606714628297362
355 0.565625 0.15347721822541965 0.08125 0.08633093525179857
465 0.6296875 0.15347721822541965 0.040625 0.08872901678657075
297 0.6796875 0.18944844124700239 0.0390625 0.1606714628297362
410 0.7390625 0.1510791366906475 0.0640625 0.09112709832134293
465 0.796875 0.15347721822541965 0.040625 0.08633093525179857
17 0.875 0.18225419664268586 0.103125 0.1606714628297362
260 0.1109375 0.6402877697841727 0.0703125 0.08633093525179857
260 0.190625 0.6402877697841727 0.06875 0.08633093525179857
336 0.2078125 0.5635491606714629 0.0203125 0.026378896882494004
466 0.275 0.6402877697841727 0.065625 0.08633093525179857
466 0.3515625 0.6402877697841727 0.065625 0.08633093525179857
410 0.425 0.6402877697841727 0.0640625 0.08872901678657075
296 0.4328125 0.5587529976019184 0.0515625 0.05755395683453238
192 0.43125 0.7170263788968825 0.0625 0.05515587529976019
484 0.4984375 0.6402877697841727 0.05 0.08872901678657075
392 0.5640625 0.6402877697841727 0.0625 0.08633093525179857
22 0.6609375 0.6690647482014388 0.1109375 0.1630695443645084
360 0.7375 0.6426858513189448 0.021875 0.07194244604316546
360 0.75625 0.6426858513189448 0.0234375 0.07194244604316546