75 0.109375 0.15789473684210525 0.071875 0.08771929824561403
412 0.190625 0.15570175438596492 0.0703125 0.08771929824561403
336 0.2046875 0.07894736842105263 0.0234375 0.02850877192982456
411 0.2359375 0.08114035087719298 0.0265625 0.021929824561403508
484 0.2703125 0.15570175438596492 0.0546875 0.08771929824561403
392 0.340625 0.15789473684210525 0.0671875 0.08771929824561403
374 0.425 0.15789473684210525 0.0765625 0.08771929824561403
410 0.5078125 0.15570175438596492 0.0703125 0.08991228070175439
169 0.5171875 0.23464912280701755 0.0546875 0.05263157894736842
336 0.5265625 0.07894736842105263 0.0234375 0.02850877192982456
410 0.5984375 0.15570175438596492 0.0703125 0.08991228070175439
169 0.60625 0.23464912280701755 0.053125 0.05263157894736842
392 0.68125 0.15570175438596492 0.06875 0.08771929824561403
374 0.7625 0.15789473684210525 0.078125 0.08771929824561403
180 0.8265625 0.19736842105263158 0.040625 0.16447368421052633
466 0.1125 0.6447368421052632 0.071875 0.08771929824561403
296 0.115625 0.5635964912280702 0.0578125 0.06140350877192982
410 0.1984375 0.6425438596491229 0.071875 0.08991228070175439
502 0.2796875 0.6447368421052632 0.0734375 0.08771929824561403
484 0.3515625 0.6447368421052632 0.0546875 0.08771929824561403
502 0.425 0.6425438596491229 0.071875 0.08991228070175439
193 0.4328125 0.7214912280701754 0.059375 0.05482456140350877
410 0.5078125 0.6425438596491229 0.0703125 0.08991228070175439
192 0.5140625 0.7214912280701754 0.06875 0.05701754385964912
296 0.5140625 0.5614035087719298 0.059375 0.05921052631578947
297 0.584375 0.6798245614035088 0.0421875 0.1600877192982456
466 0.653125 0.6447368421052632 0.0734375 0.08771929824561403
412 0.73125 0.6447368421052632 0.06875 0.08991228070175439
336 0.746875 0.5657894736842105 0.021875 0.02850877192982456
17 0.834375 0.6732456140350878 0.1125 0.1600877192982456