392 0.109375 0.13706563706563707 0.08125 0.09266409266409266
296 0.1171875 0.052123552123552123 0.06875 0.06177606177606178
193 0.121875 0.21814671814671815 0.0703125 0.05405405405405406
232 0.2265625 0.1718146718146718 0.1109375 0.16216216216216217
318 0.3359375 0.13706563706563707 0.096875 0.09266409266409266
374 0.4359375 0.13706563706563707 0.0890625 0.0888030888030888
502 0.534375 0.13706563706563707 0.0875 0.09073359073359073
364 0.55 0.2471042471042471 0.09375 0.1138996138996139
556 0.64375 0.13706563706563707 0.084375 0.09073359073359073
336 0.6609375 0.055984555984555984 0.0265625 0.02895752895752896
360 0.71875 0.138996138996139 0.0296875 0.07335907335907337
360 0.7453125 0.14092664092664092 0.0296875 0.07722007722007722
221 0.0890625 0.6254826254826255 0.059375 0.1640926640926641
45 0.1828125 0.6138996138996139 0.075 0.09073359073359073
510 0.2875 0.6505791505791506 0.1046875 0.16216216216216217
297 0.3703125 0.6525096525096525 0.05 0.1640926640926641
355 0.4546875 0.6138996138996139 0.103125 0.09073359073359073
179 0.5625 0.6138996138996139 0.096875 0.0945945945945946
510 0.675 0.6486486486486487 0.1046875 0.16216216216216217
14 0.80625 0.6428571428571429 0.15 0.16602316602316602
360 0.90625 0.6158301158301158 0.0296875 0.07722007722007722