520 0.090625 0.13425925925925927 0.078125 0.09027777777777778
410 0.175 0.13425925925925927 0.0671875 0.09259259259259259
199 0.2515625 0.13425925925925927 0.0703125 0.08796296296296297
297 0.315625 0.1712962962962963 0.04375 0.16435185185185186
412 0.3765625 0.13425925925925927 0.06875 0.09027777777777778
465 0.4375 0.13425925925925927 0.0453125 0.09027777777777778
297 0.4890625 0.1712962962962963 0.040625 0.16435185185185186
392 0.55 0.13425925925925927 0.0671875 0.08796296296296297
411 0.5890625 0.06018518518518518 0.0265625 0.023148148148148147
465 0.615625 0.13425925925925927 0.0421875 0.09027777777777778
261 0.6859375 0.13425925925925927 0.0703125 0.09027777777777778
336 0.7015625 0.05555555555555555 0.0234375 0.03009259259259259
502 0.7703125 0.13425925925925927 0.071875 0.08796296296296297
336 0.7859375 0.05555555555555555 0.021875 0.027777777777777776
14 0.88125 0.16435185185185186 0.1234375 0.16203703703703703
360 0.9625 0.1388888888888889 0.0234375 0.07407407407407407
297 0.0703125 0.6689814814814815 0.0421875 0.16435185185185186
261 0.1359375 0.6319444444444444 0.071875 0.09027777777777778
297 0.2 0.6689814814814815 0.0421875 0.16435185185185186
556 0.2640625 0.6319444444444444 0.0703125 0.09259259259259259
297 0.328125 0.6689814814814815 0.0421875 0.16435185185185186
355 0.3984375 0.6319444444444444 0.0859375 0.09027777777777778
455 0.50625 0.6666666666666666 0.1140625 0.16203703703703703
510 0.6109375 0.6666666666666666 0.0859375 0.16203703703703703
19 0.7125 0.6597222222222222 0.1078125 0.16203703703703703
392 0.8078125 0.6319444444444444 0.06875 0.09027777777777778
193 0.81875 0.7129629629629629 0.0578125 0.05555555555555555
296 0.815625 0.5486111111111112 0.0546875 0.06018518518518518
232 0.9046875 0.6666666666666666 0.090625 0.1597222222222222