318 0.1078125 0.16985645933014354 0.075 0.09090909090909091
374 0.1890625 0.16985645933014354 0.0703125 0.08851674641148326
21 0.284375 0.19856459330143542 0.103125 0.16028708133971292
412 0.3765625 0.1674641148325359 0.0640625 0.08851674641148326
300 0.3890625 0.24880382775119617 0.0421875 0.050239234449760764
556 0.45625 0.16985645933014354 0.065625 0.0861244019138756
224 0.5328125 0.16985645933014354 0.0703125 0.08851674641148326
297 0.5390625 0.08851674641148326 0.053125 0.05980861244019139
355 0.6234375 0.1674641148325359 0.08125 0.08851674641148326
297 0.69375 0.20574162679425836 0.0390625 0.16028708133971292
374 0.75625 0.16985645933014354 0.0703125 0.08851674641148326
484 0.775 0.24880382775119617 0.034375 0.05741626794258373
465 0.8203125 0.1674641148325359 0.040625 0.0861244019138756
520 0.8890625 0.16985645933014354 0.075 0.08851674641148326
336 0.9078125 0.09090909090909091 0.0203125 0.028708133971291867
374 0.10625 0.6602870813397129 0.0703125 0.0861244019138756
410 0.1828125 0.6578947368421053 0.0640625 0.09090909090909091
159 0.1921875 0.7368421052631579 0.05 0.05263157894736842
455 0.2828125 0.6961722488038278 0.1078125 0.15789473684210525
360 0.3546875 0.6650717703349283 0.0234375 0.07177033492822966
360 0.375 0.6650717703349283 0.021875 0.06937799043062201
124 0.434375 0.6961722488038278 0.0765625 0.15789473684210525
297 0.4984375 0.6985645933014354 0.040625 0.16267942583732056
556 0.559375 0.6602870813397129 0.065625 0.08851674641148326
297 0.6203125 0.6961722488038278 0.0390625 0.16028708133971292
410 0.68125 0.6578947368421053 0.0640625 0.09090909090909091
392 0.7546875 0.6602870813397129 0.0640625 0.08851674641148326
193 0.7640625 0.7392344497607656 0.0546875 0.05263157894736842
364 0.846875 0.69377990430622 0.096875 0.16028708133971292