392 0.0953125 0.1572769953051643 0.065625 0.0892018779342723
193 0.10625 0.2347417840375587 0.0578125 0.0539906103286385
364 0.1890625 0.19248826291079812 0.0984375 0.1572769953051643
360 0.253125 0.1619718309859155 0.0234375 0.07042253521126761
297 0.2984375 0.19483568075117372 0.0421875 0.1619718309859155
261 0.3625 0.1572769953051643 0.06875 0.08685446009389672
297 0.425 0.19483568075117372 0.040625 0.1619718309859155
556 0.4859375 0.1572769953051643 0.0671875 0.08450704225352113
297 0.5484375 0.19483568075117372 0.040625 0.1619718309859155
355 0.6171875 0.1572769953051643 0.0828125 0.08685446009389672
410 0.7015625 0.15492957746478872 0.065625 0.0892018779342723
296 0.7046875 0.07511737089201878 0.053125 0.06103286384976526
400 0.7875 0.19014084507042253 0.0796875 0.1572769953051643
556 0.0984375 0.6455399061032864 0.06875 0.0892018779342723
336 0.1109375 0.568075117370892 0.021875 0.028169014084507043
520 0.1828125 0.6455399061032864 0.0765625 0.08685446009389672
300 0.203125 0.7230046948356808 0.0453125 0.051643192488262914
296 0.1953125 0.5633802816901409 0.0546875 0.05868544600938967
297 0.259375 0.6807511737089202 0.0421875 0.1619718309859155
261 0.3234375 0.6455399061032864 0.06875 0.0892018779342723
502 0.4 0.6455399061032864 0.06875 0.08685446009389672
336 0.415625 0.568075117370892 0.021875 0.03051643192488263
411 0.44375 0.5704225352112676 0.0265625 0.023474178403755867
297 0.4734375 0.6830985915492958 0.040625 0.1596244131455399
318 0.5375 0.6455399061032864 0.075 0.08685446009389672
465 0.6015625 0.6431924882629108 0.0421875 0.0892018779342723
297 0.6515625 0.6807511737089202 0.040625 0.1619718309859155
574 0.71875 0.6431924882629108 0.0796875 0.08685446009389672
465 0.784375 0.6431924882629108 0.04375 0.08685446009389672
297 0.834375 0.6807511737089202 0.040625 0.1596244131455399
520 0.9015625 0.6455399061032864 0.078125 0.0892018779342723