392 0.1125 0.17233009708737865 0.0640625 0.09223300970873786
296 0.115625 0.09223300970873786 0.053125 0.06310679611650485
546 0.203125 0.2087378640776699 0.0890625 0.15776699029126215
502 0.284375 0.17233009708737865 0.065625 0.08737864077669903
355 0.365625 0.17233009708737865 0.0796875 0.08980582524271845
374 0.4484375 0.17475728155339806 0.0703125 0.08737864077669903
374 0.4546875 0.09223300970873786 0.0515625 0.05825242718446602
392 0.5265625 0.17233009708737865 0.0625 0.08737864077669903
180 0.5828125 0.2111650485436893 0.0375 0.1650485436893204
360 0.621875 0.17718446601941748 0.0234375 0.0703883495145631
360 0.640625 0.17718446601941748 0.021875 0.0703883495145631
411 0.7421875 0.09951456310679611 0.0234375 0.021844660194174758
60 0.7 0.1796116504854369 0.075 0.10679611650485436
502 0.784375 0.17233009708737865 0.065625 0.08737864077669903
336 0.7984375 0.0970873786407767 0.021875 0.02912621359223301
502 0.8640625 0.17233009708737865 0.0671875 0.08737864077669903
336 0.878125 0.09466019417475728 0.021875 0.02912621359223301
180 0.9234375 0.2111650485436893 0.0359375 0.16747572815533981
556 0.115625 0.6577669902912622 0.065625 0.08980582524271845
336 0.1296875 0.5800970873786407 0.01875 0.024271844660194174
520 0.2 0.6577669902912622 0.0765625 0.08737864077669903
364 0.2140625 0.7645631067961165 0.0703125 0.10679611650485436
556 0.2859375 0.6577669902912622 0.065625 0.08980582524271845
336 0.3 0.5800970873786407 0.021875 0.02912621359223301
318 0.3671875 0.6577669902912622 0.0734375 0.08737864077669903
410 0.44375 0.6577669902912622 0.065625 0.09223300970873786
556 0.5171875 0.6577669902912622 0.0640625 0.08980582524271845
546 0.603125 0.691747572815534 0.0890625 0.15776699029126215
232 0.69375 0.6941747572815534 0.0859375 0.16019417475728157
410 0.771875 0.6553398058252428 0.0625 0.08980582524271845
170 0.7734375 0.7330097087378641 0.05 0.05339805825242718
296 0.778125 0.5752427184466019 0.053125 0.06067961165048544
207 0.815625 0.5655339805825242 0.028125 0.06067961165048544