355 0.096875 0.15454545454545454 0.084375 0.08636363636363636
574 0.190625 0.15454545454545454 0.0796875 0.08636363636363636
364 0.2890625 0.18863636363636363 0.0984375 0.15454545454545454
207 0.3359375 0.0659090909090909 0.0296875 0.05909090909090909
502 0.3828125 0.15454545454545454 0.06875 0.08636363636363636
336 0.3984375 0.07954545454545454 0.021875 0.02727272727272727
360 0.44375 0.1590909090909091 0.0234375 0.07045454545454545
360 0.465625 0.1590909090909091 0.025 0.07045454545454545
221 0.0734375 0.6431818181818182 0.0484375 0.15681818181818183
75 0.165625 0.6318181818181818 0.0671875 0.08409090909090909
374 0.24375 0.6318181818181818 0.0734375 0.08636363636363636
336 0.2609375 0.5568181818181818 0.021875 0.02727272727272727
355 0.3359375 0.6318181818181818 0.0828125 0.08636363636363636
374 0.4234375 0.6318181818181818 0.0734375 0.08636363636363636
300 0.4984375 0.6318181818181818 0.065625 0.08636363636363636
336 0.5125 0.5568181818181818 0.021875 0.029545454545454545
382 0.5890625 0.6659090909090909 0.0875 0.15227272727272728
411 0.6328125 0.5590909090909091 0.025 0.020454545454545454
308 0.6796875 0.6659090909090909 0.0796875 0.15454545454545454
180 0.7390625 0.6704545454545454 0.0375 0.16136363636363638
360 0.778125 0.6363636363636364 0.0234375 0.07045454545454545
260 0.840625 0.6318181818181818 0.071875 0.08409090909090909
336 0.8578125 0.5568181818181818 0.0203125 0.02727272727272727
410 0.925 0.6318181818181818 0.0671875 0.08636363636363636
169 0.9328125 0.7068181818181818 0.053125 0.05227272727272727