363 0.14375 0.1674641148325359 0.1140625 0.18181818181818182
420 0.2421875 0.15550239234449761 0.078125 0.15789473684210525
484 0.390625 0.12200956937799043 0.0484375 0.08851674641148326
355 0.4625 0.11961722488038277 0.08125 0.08851674641148326
336 0.484375 0.0430622009569378 0.0203125 0.028708133971291867
242 0.5515625 0.11961722488038277 0.06875 0.0861244019138756
326 0.6390625 0.15550239234449761 0.0875 0.15789473684210525
392 0.71875 0.11961722488038277 0.0640625 0.08851674641148326
437 0.8 0.15311004784688995 0.078125 0.16028708133971292
14 0.9015625 0.14832535885167464 0.1171875 0.16267942583732056
318 0.1234375 0.6076555023923444 0.0734375 0.08851674641148326
297 0.190625 0.6435406698564593 0.040625 0.16267942583732056
410 0.2484375 0.6052631578947368 0.0640625 0.09090909090909091
180 0.3046875 0.6483253588516746 0.0359375 0.1674641148325359
360 0.34375 0.6124401913875598 0.0234375 0.06937799043062201
374 0.4015625 0.6076555023923444 0.0703125 0.08851674641148326
297 0.465625 0.6435406698564593 0.040625 0.16267942583732056
410 0.525 0.6076555023923444 0.065625 0.09090909090909091
179 0.6015625 0.6076555023923444 0.0765625 0.0861244019138756
465 0.665625 0.6076555023923444 0.040625 0.0861244019138756
484 0.71875 0.6076555023923444 0.0484375 0.08851674641148326
511 0.3203125 0.16507177033492823 0.0703125 0.17942583732057416