410 0.1140625 0.14492753623188406 0.0625 0.08695652173913043
410 0.184375 0.14492753623188406 0.0609375 0.08695652173913043
401 0.2546875 0.18840579710144928 0.0625 0.16908212560386474
336 0.2703125 0.07246376811594203 0.01875 0.026570048309178744
410 0.3328125 0.14492753623188406 0.0609375 0.08695652173913043
336 0.346875 0.07246376811594203 0.0203125 0.026570048309178744
180 0.390625 0.1859903381642512 0.034375 0.16183574879227053
466 0.45 0.1473429951690821 0.0625 0.08454106280193237
484 0.5140625 0.1473429951690821 0.046875 0.0821256038647343
336 0.51875 0.07246376811594203 0.0203125 0.028985507246376812
360 0.5625 0.15217391304347827 0.021875 0.06763285024154589
360 0.58125 0.1497584541062802 0.021875 0.07004830917874397
118 0.634375 0.1473429951690821 0.0671875 0.08454106280193237
556 0.7015625 0.1473429951690821 0.0625 0.08454106280193237
336 0.715625 0.07246376811594203 0.0203125 0.026570048309178744
297 0.7640625 0.18115942028985507 0.0375 0.15458937198067632
502 0.821875 0.1473429951690821 0.0640625 0.08454106280193237
392 0.1125 0.6183574879227053 0.0609375 0.08454106280193237
355 0.190625 0.6183574879227053 0.0765625 0.08454106280193237
207 0.2328125 0.5289855072463768 0.0265625 0.06038647342995169
574 0.2796875 0.6183574879227053 0.075 0.08454106280193237
510 0.365625 0.6521739130434783 0.078125 0.15217391304347827
297 0.428125 0.6521739130434783 0.0375 0.15458937198067632
556 0.484375 0.6183574879227053 0.0640625 0.08454106280193237
360 0.534375 0.6207729468599034 0.021875 0.06763285024154589
297 0.5765625 0.6521739130434783 0.0390625 0.15458937198067632
261 0.6359375 0.6183574879227053 0.0640625 0.0821256038647343
297 0.6953125 0.6521739130434783 0.0375 0.15458937198067632
556 0.7515625 0.6183574879227053 0.0625 0.08454106280193237
297 0.8109375 0.6521739130434783 0.0375 0.15458937198067632
355 0.875 0.6183574879227053 0.078125 0.08454106280193237