297 0.109375 0.1509433962264151 0.0421875 0.16745283018867924
374 0.1734375 0.11320754716981132 0.0734375 0.08962264150943396
520 0.259375 0.11320754716981132 0.0796875 0.08962264150943396
212 0.3515625 0.14858490566037735 0.090625 0.16273584905660377
297 0.421875 0.1509433962264151 0.0421875 0.1650943396226415
556 0.4859375 0.11320754716981132 0.06875 0.08962264150943396
360 0.540625 0.1179245283018868 0.0234375 0.07075471698113207
318 0.6046875 0.11320754716981132 0.0765625 0.08962264150943396
410 0.6875 0.11084905660377359 0.06875 0.09433962264150944
242 0.765625 0.11320754716981132 0.071875 0.09198113207547169
180 0.825 0.15330188679245282 0.0390625 0.16981132075471697
242 0.1234375 0.6179245283018868 0.0734375 0.09198113207547169
336 0.140625 0.5377358490566038 0.0203125 0.02830188679245283
374 0.2109375 0.6155660377358491 0.071875 0.08962264150943396
336 0.228125 0.5377358490566038 0.021875 0.025943396226415096
355 0.3046875 0.6179245283018868 0.0859375 0.08962264150943396
412 0.325 0.6981132075471698 0.0484375 0.054245283018867926
411 0.35625 0.5424528301886793 0.025 0.02122641509433962
297 0.384375 0.6533018867924528 0.0421875 0.1650943396226415
300 0.4453125 0.6179245283018868 0.065625 0.08962264150943396
465 0.5046875 0.6179245283018868 0.0421875 0.08962264150943396
355 0.578125 0.6179245283018868 0.084375 0.08962264150943396
193 0.596875 0.6981132075471698 0.0578125 0.054245283018867926
392 0.6671875 0.6179245283018868 0.0671875 0.08962264150943396
159 0.6765625 0.6957547169811321 0.0515625 0.054245283018867926
336 0.684375 0.5377358490566038 0.021875 0.02830188679245283
474 0.7640625 0.6533018867924528 0.0828125 0.16273584905660377
520 0.8515625 0.6179245283018868 0.0796875 0.08962264150943396
336 0.871875 0.5377358490566038 0.021875 0.02830188679245283
180 0.9203125 0.6580188679245284 0.0375 0.1721698113207547