520 0.109375 0.1380952380952381 0.075 0.08571428571428572
296 0.1171875 0.05714285714285714 0.0515625 0.05952380952380952
355 0.2015625 0.1380952380952381 0.08125 0.0880952380952381
360 0.2640625 0.14285714285714285 0.021875 0.06904761904761905
360 0.284375 0.14285714285714285 0.021875 0.06904761904761905
242 0.340625 0.1380952380952381 0.06875 0.0880952380952381
180 0.3984375 0.1761904761904762 0.0359375 0.16428571428571428
364 0.4734375 0.17142857142857143 0.0953125 0.15714285714285714
556 0.5578125 0.1380952380952381 0.065625 0.0880952380952381
336 0.571875 0.06190476190476191 0.021875 0.02619047619047619
297 0.6234375 0.1738095238095238 0.040625 0.1619047619047619
412 0.6828125 0.1380952380952381 0.0640625 0.08571428571428572
465 0.740625 0.1380952380952381 0.040625 0.0880952380952381
297 0.7890625 0.1738095238095238 0.0390625 0.1595238095238095
392 0.846875 0.1380952380952381 0.0625 0.0880952380952381
465 0.9046875 0.1380952380952381 0.040625 0.08571428571428572
411 0.9296875 0.06428571428571428 0.025 0.02142857142857143
412 0.103125 0.6190476190476191 0.065625 0.0880952380952381
411 0.1390625 0.5476190476190477 0.025 0.02142857142857143
297 0.16875 0.6571428571428571 0.0390625 0.1595238095238095
300 0.225 0.6214285714285714 0.0640625 0.08571428571428572
465 0.28125 0.6214285714285714 0.0390625 0.0880952380952381
224 0.346875 0.6190476190476191 0.0703125 0.0880952380952381
502 0.425 0.6214285714285714 0.0671875 0.0880952380952381
318 0.503125 0.6214285714285714 0.075 0.0880952380952381
382 0.590625 0.6547619047619048 0.0828125 0.15714285714285714
21 0.6875 0.6476190476190476 0.103125 0.1619047619047619
360 0.759375 0.6238095238095238 0.021875 0.06904761904761905