118 0.1578125 0.10079575596816977 0.06875 0.09549071618037135
392 0.2234375 0.10079575596816977 0.0609375 0.09549071618037135
203 0.3015625 0.13793103448275862 0.0796875 0.1724137931034483
410 0.378125 0.09814323607427056 0.0625 0.09814323607427056
170 0.3796875 0.1830238726790451 0.05 0.058355437665782495
520 0.4578125 0.10079575596816977 0.0734375 0.09549071618037135
299 0.4671875 0.023872679045092837 0.05 0.04509283819628647
397 0.5421875 0.13527851458885942 0.0875 0.16445623342175067
336 0.5671875 0.015915119363395226 0.0203125 0.03183023872679045
355 0.6359375 0.10079575596816977 0.0796875 0.09283819628647215
336 0.6578125 0.015915119363395226 0.0203125 0.029177718832891247
360 0.7 0.10610079575596817 0.021875 0.07427055702917772
466 0.759375 0.10079575596816977 0.065625 0.09549071618037135
466 0.834375 0.10079575596816977 0.0640625 0.09549071618037135
17 0.9234375 0.13262599469496023 0.1 0.17506631299734748
474 0.1671875 0.6657824933687002 0.0796875 0.16976127320954906
410 0.24375 0.6259946949602122 0.0625 0.09814323607427056
336 0.25625 0.5437665782493368 0.021875 0.03183023872679045
355 0.3265625 0.6259946949602122 0.0796875 0.09283819628647215
502 0.4078125 0.6259946949602122 0.0671875 0.09549071618037135
361 0.4953125 0.6631299734748011 0.0953125 0.16710875331564987
15 0.6015625 0.6578249336870027 0.1015625 0.1724137931034483
360 0.671875 0.6312997347480106 0.0234375 0.07427055702917772
360 0.6921875 0.6339522546419099 0.0234375 0.07427055702917772