221 0.078125 0.16371681415929204 0.05 0.1570796460176991
484 0.15 0.1504424778761062 0.0515625 0.08628318584070796
392 0.2171875 0.15265486725663716 0.06875 0.08849557522123894
224 0.3 0.1504424778761062 0.0796875 0.08849557522123894
410 0.3828125 0.1504424778761062 0.06875 0.08849557522123894
191 0.4046875 0.25442477876106195 0.059375 0.11061946902654868
207 0.4296875 0.061946902654867256 0.03125 0.059734513274336286
410 0.478125 0.1504424778761062 0.06875 0.08849557522123894
187 0.490625 0.23008849557522124 0.04375 0.061946902654867256
556 0.5609375 0.15265486725663716 0.071875 0.08849557522123894
8 0.6625 0.17920353982300885 0.115625 0.16150442477876106
360 0.740625 0.15486725663716813 0.021875 0.07079646017699115
81 0.10625 0.668141592920354 0.0875 0.1570796460176991
564 0.1984375 0.668141592920354 0.0859375 0.1570796460176991
297 0.2671875 0.6703539823008849 0.0421875 0.1592920353982301
410 0.33125 0.6327433628318584 0.0703125 0.09070796460176991
208 0.4140625 0.6327433628318584 0.0875 0.08849557522123894
564 0.503125 0.665929203539823 0.0859375 0.15486725663716813
360 0.5625 0.6393805309734514 0.0234375 0.07079646017699115
364 0.6390625 0.668141592920354 0.103125 0.1570796460176991
374 0.7328125 0.6327433628318584 0.0765625 0.08849557522123894
410 0.815625 0.6327433628318584 0.0703125 0.09070796460176991
400 0.9015625 0.668141592920354 0.084375 0.15486725663716813
411 0.94375 0.5619469026548672 0.0265625 0.01991150442477876