355 0.0890625 0.19047619047619047 0.090625 0.08488612836438923
296 0.1015625 0.11387163561076605 0.059375 0.057971014492753624
297 0.1703125 0.22567287784679088 0.0421875 0.15113871635610765
466 0.2390625 0.19254658385093168 0.071875 0.08281573498964803
412 0.3203125 0.19254658385093168 0.075 0.08488612836438923
336 0.3328125 0.11801242236024845 0.0234375 0.026915113871635612
297 0.390625 0.22567287784679088 0.04375 0.15113871635610765
410 0.4546875 0.19047619047619047 0.071875 0.08488612836438923
169 0.4640625 0.2629399585921325 0.05625 0.051759834368530024
465 0.5203125 0.19047619047619047 0.0453125 0.08281573498964803
374 0.5921875 0.19047619047619047 0.0765625 0.08281573498964803
17 0.6921875 0.21739130434782608 0.1125 0.15320910973084886
360 0.7703125 0.19461697722567287 0.025 0.06625258799171843
360 0.79375 0.19461697722567287 0.025 0.06832298136645963
242 0.85625 0.19047619047619047 0.075 0.08488612836438923
180 0.91875 0.2277432712215321 0.0390625 0.15734989648033126
364 0.0984375 0.6832298136645962 0.1046875 0.15113871635610765
556 0.1921875 0.650103519668737 0.071875 0.08281573498964803
336 0.20625 0.577639751552795 0.021875 0.026915113871635612
224 0.28125 0.650103519668737 0.078125 0.08488612836438923
410 0.3640625 0.650103519668737 0.0703125 0.08488612836438923
191 0.3859375 0.7494824016563147 0.059375 0.10559006211180125
207 0.4125 0.5631469979296067 0.03125 0.057971014492753624
412 0.459375 0.6521739130434783 0.0703125 0.08281573498964803
308 0.4796875 0.7515527950310559 0.0625 0.10559006211180125
582 0.5640625 0.6832298136645962 0.1015625 0.14906832298136646
374 0.6578125 0.6521739130434783 0.0765625 0.08281573498964803
17 0.7578125 0.6770186335403726 0.1140625 0.15113871635610765