318 0.096875 0.13258426966292136 0.0796875 0.08764044943820225
297 0.1671875 0.16853932584269662 0.0421875 0.16404494382022472
374 0.23125 0.13258426966292136 0.075 0.08764044943820225
465 0.296875 0.13258426966292136 0.04375 0.0853932584269663
410 0.3640625 0.1303370786516854 0.0703125 0.0898876404494382
318 0.44375 0.13258426966292136 0.0828125 0.08764044943820225
297 0.515625 0.16853932584269662 0.0421875 0.16404494382022472
374 0.58125 0.13258426966292136 0.075 0.0898876404494382
465 0.6453125 0.1348314606741573 0.0421875 0.08764044943820225
410 0.7125 0.1303370786516854 0.0703125 0.0898876404494382
179 0.7953125 0.13258426966292136 0.0828125 0.0898876404494382
336 0.815625 0.05393258426966292 0.021875 0.029213483146067417
374 0.8859375 0.13258426966292136 0.075 0.08764044943820225
411 0.928125 0.058426966292134834 0.0265625 0.020224719101123594
355 0.1015625 0.6202247191011236 0.0875 0.08764044943820225
574 0.196875 0.6202247191011236 0.084375 0.08764044943820225
355 0.290625 0.6202247191011236 0.0875 0.0898876404494382
232 0.3890625 0.6539325842696629 0.0921875 0.15730337078651685
22 0.5 0.647191011235955 0.11875 0.16179775280898875
360 0.5796875 0.6247191011235955 0.025 0.07191011235955057
360 0.6015625 0.6247191011235955 0.0234375 0.0696629213483146
484 0.6515625 0.6179775280898876 0.0515625 0.0853932584269663
392 0.7203125 0.6202247191011236 0.06875 0.0898876404494382
374 0.8015625 0.6202247191011236 0.075 0.0898876404494382
17 0.9 0.6494382022471911 0.109375 0.16179775280898875