260 0.1125 0.1484375 0.0875 0.0859375
336 0.1328125 0.072265625 0.0265625 0.029296875
410 0.2125 0.146484375 0.0796875 0.08984375
169 0.221875 0.224609375 0.059375 0.0546875
224 0.3078125 0.1484375 0.0875 0.08984375
296 0.315625 0.068359375 0.0640625 0.060546875
297 0.3921875 0.185546875 0.0484375 0.15625
412 0.4625 0.150390625 0.078125 0.0859375
411 0.5078125 0.07421875 0.0296875 0.0234375
465 0.5375 0.1484375 0.05 0.0859375
360 0.5875 0.15234375 0.028125 0.0703125
224 0.6578125 0.1484375 0.0859375 0.087890625
410 0.7515625 0.1484375 0.0765625 0.08984375
191 0.7765625 0.25390625 0.0671875 0.11328125
207 0.80625 0.05859375 0.034375 0.060546875
242 0.1109375 0.62890625 0.084375 0.087890625
296 0.1171875 0.548828125 0.0640625 0.060546875
466 0.2125 0.62890625 0.0796875 0.0859375
296 0.2171875 0.548828125 0.0625 0.05859375
520 0.315625 0.630859375 0.0921875 0.0859375
296 0.3296875 0.548828125 0.0640625 0.05859375
164 0.3328125 0.705078125 0.059375 0.0546875
466 0.425 0.62890625 0.08125 0.0859375
297 0.428125 0.548828125 0.0640625 0.05859375
520 0.528125 0.630859375 0.0921875 0.087890625
296 0.5421875 0.548828125 0.0625 0.060546875
194 0.5484375 0.716796875 0.0515625 0.07421875
546 0.6484375 0.6640625 0.109375 0.154296875
502 0.7484375 0.62890625 0.0828125 0.087890625
355 0.8484375 0.62890625 0.0984375 0.0859375