318 0.1171875 0.13968957871396895 0.0796875 0.08647450110864745
374 0.2046875 0.13968957871396895 0.075 0.08869179600886919
502 0.2859375 0.13968957871396895 0.071875 0.08647450110864745
193 0.296875 0.21729490022172948 0.0578125 0.05321507760532151
410 0.371875 0.13968957871396895 0.0703125 0.09090909090909091
165 0.3765625 0.2394678492239468 0.084375 0.10199556541019955
520 0.46875 0.13968957871396895 0.08125 0.08869179600886919
392 0.5515625 0.13968957871396895 0.0671875 0.08869179600886919
484 0.621875 0.1419068736141907 0.053125 0.08647450110864745
411 0.6515625 0.06651884700665188 0.0265625 0.019955654101995565
502 0.696875 0.1419068736141907 0.0734375 0.08647450110864745
336 0.7140625 0.06430155210643015 0.0234375 0.026607538802660754
392 0.78125 0.13968957871396895 0.0671875 0.08647450110864745
159 0.790625 0.21729490022172948 0.053125 0.050997782705099776
180 0.84375 0.17738359201773837 0.0375 0.16186252771618626
360 0.8875 0.14412416851441243 0.0234375 0.06873614190687362
360 0.909375 0.14412416851441243 0.0234375 0.07095343680709534
221 0.0953125 0.6319290465631929 0.0484375 0.15521064301552107
118 0.178125 0.623059866962306 0.0765625 0.08647450110864745
336 0.184375 0.5454545454545454 0.021875 0.026607538802660754
392 0.253125 0.6208425720620843 0.0671875 0.08647450110864745
159 0.2625 0.6984478935698448 0.053125 0.050997782705099776
180 0.315625 0.6607538802660754 0.0390625 0.1662971175166297
400 0.3859375 0.656319290465632 0.084375 0.1574279379157428
411 0.4296875 0.5476718403547672 0.0265625 0.019955654101995565
410 0.475 0.6208425720620843 0.071875 0.09090909090909091
296 0.4765625 0.541019955654102 0.05625 0.0598669623059867
502 0.559375 0.623059866962306 0.071875 0.08425720620842572
296 0.5640625 0.541019955654102 0.0546875 0.0598669623059867
392 0.64375 0.6208425720620843 0.0703125 0.08647450110864745
193 0.653125 0.7006651884700665 0.0578125 0.050997782705099776
410 0.725 0.6208425720620843 0.0703125 0.08869179600886919
192 0.7296875 0.6984478935698448 0.0671875 0.05321507760532151
410 0.809375 0.6208425720620843 0.0703125 0.09090909090909091
170 0.8109375 0.6984478935698448 0.0546875 0.04878048780487805
360 0.86875 0.6274944567627494 0.0234375 0.06873614190687362
336 0.39375 0.06208425720620843 0.025 0.026607538802660754