30 0.1375 0.17422434367541767 0.090625 0.09307875894988067
374 0.2203125 0.17899761336515513 0.06875 0.08591885441527446
297 0.28125 0.21479713603818615 0.0390625 0.1575178997613365
502 0.340625 0.17899761336515513 0.065625 0.08353221957040573
46 0.3453125 0.2529832935560859 0.0578125 0.057279236276849645
465 0.4015625 0.17899761336515513 0.0375 0.08353221957040573
410 0.4625 0.1766109785202864 0.0640625 0.0883054892601432
169 0.4703125 0.2529832935560859 0.0484375 0.05250596658711217
411 0.503125 0.10501193317422435 0.0234375 0.021479713603818614
410 0.5421875 0.1766109785202864 0.0640625 0.0883054892601432
178 0.559375 0.28162291169451076 0.0625 0.10739856801909307
297 0.6109375 0.21479713603818615 0.0375 0.1575178997613365
556 0.6703125 0.17899761336515513 0.0640625 0.08591885441527446
466 0.746875 0.17899761336515513 0.065625 0.08591885441527446
296 0.75 0.10023866348448687 0.0515625 0.057279236276849645
337 0.8234375 0.1766109785202864 0.0640625 0.0883054892601432
187 0.8359375 0.2553699284009546 0.0421875 0.057279236276849645
300 0.896875 0.17899761336515513 0.0609375 0.08591885441527446
502 0.125 0.6539379474940334 0.065625 0.08591885441527446
355 0.2046875 0.6539379474940334 0.0796875 0.08591885441527446
337 0.2890625 0.6563245823389021 0.06875 0.0883054892601432
392 0.3640625 0.6539379474940334 0.0625 0.08591885441527446
17 0.4515625 0.6825775656324582 0.1 0.15513126491646778
392 0.540625 0.6539379474940334 0.0625 0.08591885441527446
159 0.5484375 0.7303102625298329 0.0484375 0.05250596658711217
336 0.5578125 0.5799522673031027 0.01875 0.028639618138424822
297 0.6078125 0.6897374701670644 0.0375 0.15513126491646778
574 0.6734375 0.6539379474940334 0.075 0.08353221957040573
17 0.7671875 0.6825775656324582 0.1015625 0.15990453460620524
360 0.8390625 0.6610978520286396 0.021875 0.06682577565632458
360 0.859375 0.6610978520286396 0.021875 0.06682577565632458