118 0.1296875 0.14666666666666667 0.0640625 0.09066666666666667
336 0.1375 0.06933333333333333 0.01875 0.029333333333333333
411 0.1625 0.072 0.021875 0.021333333333333333
297 0.1890625 0.18666666666666668 0.0359375 0.16266666666666665
502 0.24375 0.14933333333333335 0.0625 0.088
465 0.296875 0.14666666666666667 0.0359375 0.088
466 0.3578125 0.14666666666666667 0.0609375 0.088
17 0.440625 0.176 0.09375 0.16266666666666665
360 0.50625 0.15466666666666667 0.0203125 0.072
224 0.5609375 0.14666666666666667 0.0640625 0.088
355 0.6375 0.14933333333333335 0.071875 0.09066666666666667
374 0.715625 0.14666666666666667 0.0640625 0.09066666666666667
169 0.725 0.22666666666666666 0.04375 0.056
336 0.734375 0.06933333333333333 0.01875 0.029333333333333333
337 0.7953125 0.14666666666666667 0.0640625 0.09066666666666667
300 0.865625 0.14666666666666667 0.0578125 0.09066666666666667
360 0.109375 0.6506666666666666 0.0203125 0.072
360 0.1296875 0.6506666666666666 0.01875 0.072
118 0.18125 0.6453333333333333 0.065625 0.088
336 0.1890625 0.5653333333333334 0.01875 0.029333333333333333
411 0.2140625 0.568 0.021875 0.021333333333333333
502 0.253125 0.6453333333333333 0.0625 0.088
296 0.25625 0.5626666666666666 0.0484375 0.064
392 0.325 0.6453333333333333 0.059375 0.088
160 0.3296875 0.7493333333333333 0.0734375 0.10133333333333333
502 0.3984375 0.6426666666666667 0.059375 0.09066666666666667
360 0.4484375 0.6506666666666666 0.0203125 0.072
224 0.5015625 0.6453333333333333 0.065625 0.088
355 0.58125 0.6453333333333333 0.075 0.09333333333333334
374 0.6578125 0.6453333333333333 0.0640625 0.09066666666666667
179 0.7296875 0.6453333333333333 0.0703125 0.09066666666666667
336 0.7484375 0.5653333333333334 0.01875 0.02666666666666667
374 0.809375 0.6453333333333333 0.0671875 0.09066666666666667
411 0.846875 0.568 0.021875 0.021333333333333333