412 0.1109375 0.1457286432160804 0.059375 0.09045226130653267
411 0.1671875 0.17839195979899497 0.0375 0.15829145728643215
502 0.2234375 0.14321608040201006 0.0625 0.08542713567839195
465 0.2765625 0.1457286432160804 0.0390625 0.08542713567839195
318 0.3390625 0.1457286432160804 0.06875 0.08793969849246232
336 0.35625 0.07035175879396985 0.01875 0.02763819095477387
411 0.3828125 0.0728643216080402 0.0234375 0.022613065326633167
412 0.4203125 0.1457286432160804 0.0609375 0.08542713567839195
336 0.4328125 0.07035175879396985 0.01875 0.02763819095477387
297 0.48125 0.18090452261306533 0.0375 0.15577889447236182
502 0.5359375 0.1457286432160804 0.0625 0.08542713567839195
465 0.590625 0.1457286432160804 0.0375 0.08542713567839195
207 0.6140625 0.05527638190954774 0.0265625 0.06030150753768844
556 0.6546875 0.1457286432160804 0.0609375 0.08542713567839195
207 0.6671875 0.07035175879396985 0.01875 0.03015075376884422
22 0.7484375 0.17336683417085427 0.1046875 0.15829145728643215
502 0.1125 0.6180904522613065 0.0625 0.08542713567839195
392 0.1828125 0.6180904522613065 0.059375 0.08542713567839195
159 0.1890625 0.6934673366834171 0.0453125 0.052763819095477386
336 0.196875 0.542713567839196 0.0203125 0.03015075376884422
297 0.2453125 0.6532663316582915 0.0375 0.15577889447236182
374 0.3015625 0.6180904522613065 0.065625 0.08542713567839195
412 0.315625 0.6934673366834171 0.0421875 0.05025125628140704
465 0.3609375 0.6180904522613065 0.0390625 0.08793969849246232
297 0.40625 0.6532663316582915 0.0390625 0.15829145728643215
392 0.4609375 0.6155778894472361 0.059375 0.08542713567839195
159 0.46875 0.6934673366834171 0.046875 0.05527638190954774
318 0.5359375 0.6180904522613065 0.06875 0.08542713567839195
318 0.6109375 0.6180904522613065 0.06875 0.08542713567839195
336 0.628125 0.542713567839196 0.01875 0.02763819095477387
207 0.6546875 0.5301507537688442 0.025 0.05778894472361809
374 0.6953125 0.6180904522613065 0.0671875 0.08542713567839195
17 0.7828125 0.6432160804020101 0.096875 0.15829145728643215