260 0.11875 0.15294117647058825 0.0703125 0.08705882352941176
374 0.1984375 0.15529411764705883 0.06875 0.08705882352941176
17 0.290625 0.18352941176470589 0.103125 0.15764705882352942
360 0.3625 0.16 0.021875 0.06823529411764706
360 0.3828125 0.16 0.021875 0.06823529411764706
556 0.4390625 0.15529411764705883 0.065625 0.08470588235294117
336 0.453125 0.08 0.0203125 0.02823529411764706
556 0.51875 0.15529411764705883 0.065625 0.08470588235294117
336 0.5328125 0.08 0.0203125 0.02823529411764706
520 0.603125 0.15529411764705883 0.075 0.08705882352941176
364 0.6203125 0.2611764705882353 0.071875 0.10588235294117647
556 0.6921875 0.15529411764705883 0.0640625 0.08705882352941176
336 0.70625 0.08 0.0203125 0.02823529411764706
360 0.75 0.16 0.0234375 0.07058823529411765
484 0.796875 0.15529411764705883 0.0484375 0.08470588235294117
392 0.8609375 0.15529411764705883 0.0640625 0.08705882352941176
374 0.11875 0.6352941176470588 0.0703125 0.08705882352941176
410 0.1953125 0.6329411764705882 0.0671875 0.08705882352941176
169 0.203125 0.7105882352941176 0.0484375 0.05176470588235294
336 0.2125 0.5576470588235294 0.021875 0.02588235294117647
410 0.278125 0.6329411764705882 0.0640625 0.08705882352941176
169 0.2859375 0.7105882352941176 0.0484375 0.05176470588235294
382 0.3640625 0.668235294117647 0.0828125 0.15294117647058825
556 0.44375 0.6329411764705882 0.0640625 0.08705882352941176
336 0.4578125 0.5576470588235294 0.0203125 0.02823529411764706
180 0.5046875 0.6729411764705883 0.0359375 0.1623529411764706
412 0.5640625 0.6352941176470588 0.0640625 0.08705882352941176
297 0.6234375 0.6705882352941176 0.040625 0.15764705882352942
337 0.684375 0.6352941176470588 0.071875 0.08705882352941176
410 0.7625 0.6329411764705882 0.065625 0.08941176470588236
336 0.7765625 0.5576470588235294 0.021875 0.02823529411764706