221 0.1203125 0.19414893617021275 0.040625 0.1595744680851064
564 0.19375 0.2154255319148936 0.0703125 0.15691489361702127
374 0.265625 0.18085106382978725 0.0625 0.0851063829787234
438 0.3359375 0.22606382978723405 0.059375 0.17819148936170212
296 0.340625 0.10106382978723404 0.046875 0.061170212765957445
412 0.4078125 0.18351063829787234 0.05625 0.08776595744680851
336 0.4203125 0.10372340425531915 0.0203125 0.02925531914893617
364 0.4921875 0.21808510638297873 0.0859375 0.1595744680851064
556 0.5703125 0.18085106382978725 0.0578125 0.09042553191489362
336 0.5828125 0.10372340425531915 0.01875 0.02925531914893617
466 0.64375 0.18085106382978725 0.0609375 0.09042553191489362
261 0.7140625 0.18351063829787234 0.0609375 0.09042553191489362
411 0.7484375 0.10904255319148937 0.0234375 0.023936170212765957
224 0.1375 0.6702127659574468 0.065625 0.09042553191489362
412 0.20625 0.6702127659574468 0.0578125 0.08776595744680851
296 0.209375 0.5904255319148937 0.0484375 0.06382978723404255
22 0.2984375 0.7021276595744681 0.1 0.1595744680851064
360 0.3671875 0.6781914893617021 0.0203125 0.07180851063829788
360 0.3859375 0.6781914893617021 0.0203125 0.07446808510638298
31 0.4359375 0.6702127659574468 0.059375 0.09308510638297872
336 0.45 0.5930851063829787 0.01875 0.02925531914893617
410 0.5078125 0.6702127659574468 0.0609375 0.09308510638297872
215 0.5109375 0.75 0.0546875 0.05851063829787234
411 0.54375 0.598404255319149 0.0234375 0.023936170212765957
355 0.5890625 0.6702127659574468 0.0734375 0.08776595744680851
297 0.6515625 0.7074468085106383 0.0375 0.1595744680851064
520 0.7109375 0.6702127659574468 0.0671875 0.08776595744680851
465 0.7671875 0.6702127659574468 0.0375 0.08776595744680851
17 0.8390625 0.699468085106383 0.0921875 0.1622340425531915