297 0.09375 0.17339667458432304 0.040625 0.15676959619952494
242 0.1546875 0.13539192399049882 0.0703125 0.0855106888361045
521 0.23125 0.14489311163895488 0.06875 0.10451306413301663
355 0.315625 0.13539192399049882 0.08125 0.08788598574821853
574 0.4046875 0.13539192399049882 0.0796875 0.0855106888361045
520 0.490625 0.13539192399049882 0.0765625 0.08788598574821853
336 0.509375 0.05938242280285035 0.0203125 0.026128266033254157
520 0.5796875 0.13539192399049882 0.075 0.08788598574821853
336 0.6 0.05938242280285035 0.021875 0.028503562945368172
355 0.6734375 0.13539192399049882 0.08125 0.08788598574821853
215 0.684375 0.2161520190023753 0.0578125 0.05463182897862233
336 0.6984375 0.05938242280285035 0.0203125 0.028503562945368172
520 0.76875 0.13539192399049882 0.0765625 0.08788598574821853
336 0.7890625 0.05938242280285035 0.0203125 0.026128266033254157
14 0.878125 0.16389548693586697 0.1171875 0.15914489311163896
318 0.1109375 0.6175771971496437 0.0734375 0.08788598574821853
296 0.11875 0.5391923990498813 0.0515625 0.06175771971496437
392 0.1921875 0.6175771971496437 0.0640625 0.08788598574821853
21 0.284375 0.6460807600950119 0.103125 0.15676959619952494
360 0.35625 0.6247030878859857 0.021875 0.0688836104513064
360 0.3765625 0.6247030878859857 0.0234375 0.0688836104513064
260 0.434375 0.6175771971496437 0.0703125 0.08788598574821853
336 0.4515625 0.5415676959619953 0.0203125 0.026128266033254157
410 0.5171875 0.6175771971496437 0.065625 0.09026128266033254
318 0.59375 0.6199524940617577 0.0734375 0.08788598574821853
336 0.6125 0.5415676959619953 0.021875 0.028503562945368172
364 0.6921875 0.6532066508313539 0.096875 0.15676959619952494
360 0.7578125 0.6247030878859857 0.021875 0.07125890736342043