30 0.096875 0.15368421052631578 0.10625 0.0968421052631579
484 0.1796875 0.15578947368421053 0.05625 0.08842105263157894
336 0.1859375 0.07789473684210527 0.0234375 0.029473684210526315
392 0.2578125 0.15578947368421053 0.0734375 0.0863157894736842
159 0.2671875 0.23157894736842105 0.05625 0.05263157894736842
336 0.2796875 0.07789473684210527 0.0234375 0.02736842105263158
392 0.3515625 0.15578947368421053 0.0734375 0.09052631578947369
193 0.3609375 0.2336842105263158 0.0609375 0.05263157894736842
364 0.45625 0.18947368421052632 0.109375 0.15789473684210525
318 0.55625 0.15578947368421053 0.0828125 0.0863157894736842
336 0.578125 0.08 0.0234375 0.029473684210526315
411 0.609375 0.08210526315789474 0.028125 0.021052631578947368
502 0.6578125 0.15578947368421053 0.075 0.08842105263157894
556 0.7453125 0.15578947368421053 0.075 0.08842105263157894
180 0.8078125 0.1957894736842105 0.0421875 0.16631578947368422
355 0.0890625 0.6463157894736842 0.09375 0.08842105263157894
411 0.140625 0.5705263157894737 0.0296875 0.021052631578947368
297 0.1734375 0.6821052631578948 0.046875 0.16210526315789472
300 0.2390625 0.6442105263157895 0.0734375 0.08842105263157894
465 0.303125 0.6442105263157895 0.046875 0.08842105263157894
336 0.4234375 0.5663157894736842 0.0234375 0.02736842105263158
374 0.4984375 0.6463157894736842 0.08125 0.0863157894736842
336 0.5171875 0.5663157894736842 0.0234375 0.02736842105263158
180 0.5703125 0.6842105263157895 0.0421875 0.16631578947368422
224 0.6421875 0.6463157894736842 0.08125 0.08842105263157894
455 0.753125 0.68 0.1234375 0.15789473684210525
318 0.8625 0.6463157894736842 0.084375 0.08842105263157894
336 0.8828125 0.5684210526315789 0.0234375 0.02736842105263158
411 0.9140625 0.5705263157894737 0.028125 0.021052631578947368
446 0.3890625 0.6463157894736842 0.1078125 0.09052631578947369