510 0.109375 0.21428571428571427 0.0828125 0.15714285714285714
400 0.1921875 0.21428571428571427 0.078125 0.15714285714285714
207 0.2296875 0.09047619047619047 0.028125 0.05952380952380952
466 0.2765625 0.18095238095238095 0.065625 0.0880952380952381
261 0.353125 0.18095238095238095 0.06875 0.0880952380952381
411 0.390625 0.10714285714285714 0.0265625 0.023809523809523808
360 0.4140625 0.1880952380952381 0.021875 0.06904761904761905
360 0.4328125 0.18571428571428572 0.0203125 0.06904761904761905
75 0.4890625 0.18095238095238095 0.0671875 0.0880952380952381
412 0.5625 0.18095238095238095 0.065625 0.09047619047619047
336 0.575 0.10476190476190476 0.021875 0.02619047619047619
411 0.6046875 0.10714285714285714 0.025 0.02142857142857143
318 0.6484375 0.18095238095238095 0.0734375 0.09047619047619047
336 0.6671875 0.10476190476190476 0.021875 0.02857142857142857
411 0.6953125 0.10714285714285714 0.025 0.02142857142857143
520 0.7421875 0.18095238095238095 0.0765625 0.0880952380952381
296 0.7515625 0.1 0.053125 0.05952380952380952
412 0.825 0.18095238095238095 0.0640625 0.0880952380952381
180 0.8796875 0.21904761904761905 0.0359375 0.16666666666666666
260 0.1046875 0.6595238095238095 0.071875 0.0880952380952381
374 0.18125 0.6619047619047619 0.071875 0.0880952380952381
17 0.275 0.6904761904761905 0.103125 0.1619047619047619
360 0.34375 0.6666666666666666 0.0234375 0.06904761904761905
297 0.3875 0.6976190476190476 0.0390625 0.1595238095238095
261 0.4484375 0.6619047619047619 0.06875 0.08571428571428572
297 0.5109375 0.6976190476190476 0.040625 0.1595238095238095
556 0.5703125 0.6619047619047619 0.0671875 0.0880952380952381
297 0.63125 0.6976190476190476 0.0390625 0.1595238095238095
355 0.6984375 0.6619047619047619 0.0828125 0.0880952380952381