410 0.109375 0.17218543046357615 0.06875 0.08830022075055188
296 0.1125 0.09271523178807947 0.0546875 0.05739514348785872
297 0.178125 0.2097130242825607 0.0421875 0.15673289183222958
392 0.240625 0.17439293598233996 0.0671875 0.08830022075055188
465 0.3 0.17439293598233996 0.0421875 0.08609271523178808
355 0.375 0.17218543046357615 0.0859375 0.08609271523178808
297 0.4484375 0.2097130242825607 0.04375 0.15673289183222958
355 0.51875 0.17439293598233996 0.0859375 0.08609271523178808
224 0.6078125 0.17218543046357615 0.0765625 0.08830022075055188
296 0.615625 0.09492273730684327 0.05625 0.059602649006622516
410 0.6953125 0.17218543046357615 0.06875 0.08830022075055188
169 0.703125 0.24724061810154527 0.053125 0.05077262693156733
318 0.78125 0.17439293598233996 0.0765625 0.08388520971302428
410 0.8640625 0.17218543046357615 0.06875 0.08830022075055188
296 0.8671875 0.09492273730684327 0.05625 0.059602649006622516
180 0.928125 0.2119205298013245 0.0390625 0.16114790286975716
355 0.1171875 0.6490066225165563 0.0859375 0.08609271523178808
297 0.190625 0.6843267108167771 0.0421875 0.15673289183222958
520 0.259375 0.6490066225165563 0.08125 0.08609271523178808
465 0.3265625 0.6467991169977925 0.040625 0.08609271523178808
410 0.3921875 0.6467991169977925 0.06875 0.08830022075055188
212 0.478125 0.6821192052980133 0.0921875 0.152317880794702
400 0.5703125 0.6821192052980133 0.084375 0.1545253863134658
410 0.6515625 0.6467991169977925 0.0703125 0.08830022075055188
207 0.6890625 0.5607064017660044 0.0296875 0.05739514348785872
360 0.7140625 0.6512141280353201 0.025 0.0684326710816777
360 0.7359375 0.6534216335540839 0.025 0.0684326710816777