221 0.103125 0.21265822784810126 0.0515625 0.18227848101265823
31 0.1828125 0.2 0.0703125 0.10379746835443038
296 0.1859375 0.10632911392405063 0.05625 0.06835443037974684
410 0.26875 0.19746835443037974 0.0703125 0.10379746835443038
169 0.2765625 0.28607594936708863 0.0546875 0.060759493670886074
364 0.3671875 0.2379746835443038 0.103125 0.18227848101265823
556 0.459375 0.2 0.071875 0.10126582278481013
336 0.475 0.11139240506329114 0.0234375 0.035443037974683546
355 0.553125 0.19746835443037974 0.0875 0.10126582278481013
574 0.65 0.2 0.0859375 0.10126582278481013
374 0.7375 0.2 0.0765625 0.10126582278481013
574 0.8265625 0.2 0.0859375 0.10379746835443038
411 0.8734375 0.11392405063291139 0.0265625 0.02531645569620253
360 0.8953125 0.20506329113924052 0.0234375 0.0810126582278481
410 0.121875 0.7518987341772152 0.0703125 0.10379746835443038
412 0.2 0.7518987341772152 0.0703125 0.10379746835443038
336 0.2140625 0.6632911392405063 0.0234375 0.030379746835443037
411 0.2453125 0.6683544303797468 0.0265625 0.02278481012658228
297 0.275 0.7924050632911392 0.04375 0.18227848101265823
318 0.3421875 0.7518987341772152 0.078125 0.09873417721518987
465 0.409375 0.7518987341772152 0.0421875 0.10126582278481013
484 0.4671875 0.7518987341772152 0.0546875 0.09873417721518987
260 0.5421875 0.7518987341772152 0.0765625 0.10126582278481013
336 0.559375 0.6632911392405063 0.0234375 0.035443037974683546
300 0.6265625 0.7518987341772152 0.06875 0.10126582278481013
556 0.70625 0.7518987341772152 0.071875 0.10126582278481013