392 0.1140625 0.165 0.0625 0.0875
437 0.19375 0.1975 0.078125 0.1625
14 0.2921875 0.1925 0.1140625 0.165
360 0.3671875 0.1675 0.021875 0.07
297 0.409375 0.2 0.0375 0.165
318 0.471875 0.165 0.071875 0.09
465 0.5328125 0.165 0.0390625 0.0875
484 0.584375 0.165 0.0484375 0.0875
318 0.6515625 0.165 0.071875 0.0875
410 0.728125 0.1625 0.0625 0.0925
520 0.80625 0.1625 0.075 0.0875
374 0.884375 0.165 0.06875 0.09
336 0.9015625 0.085 0.0203125 0.0275
360 0.0953125 0.665 0.021875 0.07
400 0.15625 0.695 0.075 0.16
411 0.1953125 0.585 0.0234375 0.0225
412 0.234375 0.66 0.0625 0.09
392 0.3046875 0.66 0.0625 0.09
159 0.3140625 0.7375 0.0484375 0.055
411 0.34375 0.585 0.0234375 0.0225
466 0.3875 0.66 0.0640625 0.09
297 0.390625 0.5775 0.05 0.0625
374 0.465625 0.66 0.06875 0.09
17 0.5578125 0.6875 0.0984375 0.1625
360 0.628125 0.665 0.021875 0.07
360 0.646875 0.665 0.0203125 0.07
75 0.703125 0.66 0.065625 0.09
374 0.7765625 0.66 0.06875 0.09
336 0.79375 0.58 0.01875 0.0275
355 0.8640625 0.66 0.078125 0.0875