260 0.1328125 0.14193548387096774 0.078125 0.08817204301075268
336 0.15 0.06236559139784946 0.0234375 0.02795698924731183
300 0.2203125 0.14193548387096774 0.0703125 0.08817204301075268
582 0.315625 0.17634408602150536 0.103125 0.15483870967741936
180 0.3875 0.17849462365591398 0.0421875 0.16559139784946236
360 0.43125 0.14623655913978495 0.025 0.07096774193548387
374 0.4953125 0.13978494623655913 0.078125 0.08817204301075268
574 0.5890625 0.14193548387096774 0.0875 0.08817204301075268
411 0.6375 0.06666666666666667 0.0265625 0.021505376344086023
364 0.7 0.17634408602150536 0.10625 0.15698924731182795
556 0.7953125 0.14193548387096774 0.0734375 0.08817204301075268
336 0.8109375 0.06451612903225806 0.0234375 0.02795698924731183
410 0.1296875 0.6258064516129033 0.0734375 0.09032258064516129
169 0.1390625 0.7032258064516129 0.0546875 0.053763440860215055
260 0.21875 0.6258064516129033 0.0765625 0.08817204301075268
14 0.33125 0.6537634408602151 0.1296875 0.16344086021505377
392 0.4390625 0.6236559139784946 0.071875 0.08602150537634409
192 0.4484375 0.7032258064516129 0.0625 0.053763440860215055
296 0.4453125 0.5440860215053763 0.059375 0.060215053763440864
232 0.540625 0.6602150537634408 0.0953125 0.15698924731182795
502 0.63125 0.6258064516129033 0.0734375 0.08817204301075268
355 0.721875 0.6258064516129033 0.090625 0.08602150537634409
215 0.7359375 0.7053763440860215 0.0671875 0.05591397849462366
297 0.803125 0.6623655913978495 0.0453125 0.16129032258064516
502 0.8703125 0.6258064516129033 0.075 0.08602150537634409