392 0.134375 0.10899182561307902 0.059375 0.09264305177111716
412 0.2015625 0.10899182561307902 0.059375 0.09264305177111716
410 0.2703125 0.10899182561307902 0.0609375 0.09264305177111716
187 0.28125 0.1907356948228883 0.0375 0.06267029972752043
260 0.3453125 0.10899182561307902 0.065625 0.09264305177111716
180 0.3984375 0.14986376021798364 0.034375 0.1771117166212534
360 0.4359375 0.11444141689373297 0.0234375 0.07356948228882834
360 0.4546875 0.11444141689373297 0.0203125 0.07356948228882834
221 0.11875 0.6348773841961853 0.0421875 0.16893732970027248
374 0.1890625 0.6239782016348774 0.0640625 0.08991825613079019
412 0.259375 0.6239782016348774 0.0578125 0.09264305177111716
336 0.271875 0.5395095367847411 0.0171875 0.02997275204359673
520 0.3375 0.6239782016348774 0.0703125 0.09264305177111716
208 0.415625 0.6212534059945504 0.075 0.09264305177111716
574 0.490625 0.6239782016348774 0.071875 0.09264305177111716
466 0.56875 0.6239782016348774 0.0609375 0.09264305177111716
296 0.571875 0.5395095367847411 0.0484375 0.06267029972752043
520 0.646875 0.6239782016348774 0.06875 0.08991825613079019
296 0.6546875 0.5395095367847411 0.0484375 0.06267029972752043
411 0.690625 0.5449591280653951 0.021875 0.021798365122615803
360 0.7125 0.6294277929155313 0.021875 0.07356948228882834
297 0.753125 0.662125340599455 0.0375 0.16893732970027248
392 0.80625 0.6239782016348774 0.059375 0.09264305177111716
300 0.871875 0.6239782016348774 0.059375 0.09264305177111716