30 0.1171875 0.15384615384615385 0.1015625 0.09728506787330317
484 0.1953125 0.1583710407239819 0.053125 0.09049773755656108
336 0.2015625 0.07918552036199095 0.0234375 0.03167420814479638
392 0.2703125 0.1583710407239819 0.0703125 0.09276018099547512
159 0.2796875 0.23755656108597284 0.053125 0.05429864253393665
336 0.2890625 0.07918552036199095 0.021875 0.029411764705882353
297 0.3453125 0.19457013574660634 0.04375 0.16515837104072398
261 0.4125 0.1583710407239819 0.0734375 0.08823529411764706
297 0.48125 0.19683257918552036 0.0421875 0.16515837104072398
556 0.5453125 0.1583710407239819 0.071875 0.09049773755656108
360 0.6046875 0.16515837104072398 0.0234375 0.07013574660633484
360 0.6265625 0.16289592760180996 0.025 0.07239819004524888
297 0.0875 0.6968325791855203 0.04375 0.16515837104072398
261 0.1546875 0.6606334841628959 0.0734375 0.09049773755656108
297 0.221875 0.6990950226244343 0.04375 0.167420814479638
556 0.2875 0.6606334841628959 0.0734375 0.09276018099547512
297 0.353125 0.6968325791855203 0.04375 0.16968325791855204
355 0.4265625 0.6606334841628959 0.0890625 0.09276018099547512
355 0.525 0.6583710407239819 0.0890625 0.09049773755656108
297 0.5984375 0.6968325791855203 0.04375 0.167420814479638
300 0.6625 0.6628959276018099 0.0703125 0.09049773755656108
539 0.753125 0.6968325791855203 0.0921875 0.16515837104072398
412 0.8359375 0.6606334841628959 0.0703125 0.09049773755656108
336 0.8515625 0.581447963800905 0.021875 0.029411764705882353
411 0.8796875 0.583710407239819 0.0265625 0.02262443438914027