374 0.0671875 0.14055299539170507 0.0734375 0.09216589861751152
411 0.1109375 0.06451612903225806 0.0265625 0.02304147465437788
510 0.1640625 0.1774193548387097 0.0890625 0.16359447004608296
411 0.209375 0.06451612903225806 0.028125 0.020737327188940093
400 0.2609375 0.1774193548387097 0.0859375 0.16129032258064516
374 0.3453125 0.14055299539170507 0.075 0.08986175115207373
336 0.3625 0.059907834101382486 0.0234375 0.03225806451612903
180 0.4125 0.18202764976958524 0.0390625 0.1728110599078341
360 0.4578125 0.14746543778801843 0.0234375 0.07142857142857142
360 0.4796875 0.14746543778801843 0.0234375 0.07373271889400922
221 0.0484375 0.6589861751152074 0.05 0.16359447004608296
118 0.1296875 0.6474654377880185 0.078125 0.09216589861751152
296 0.1265625 0.5622119815668203 0.05625 0.06221198156682028
510 0.215625 0.6820276497695853 0.0890625 0.16129032258064516
297 0.2859375 0.6866359447004609 0.0421875 0.16820276497695852
355 0.359375 0.6474654377880185 0.0875 0.09216589861751152
360 0.4234375 0.652073732718894 0.0234375 0.07142857142857142
30 0.5015625 0.6428571428571429 0.1 0.10138248847926268
484 0.578125 0.6474654377880185 0.053125 0.09216589861751152
336 0.5859375 0.5668202764976958 0.0234375 0.029953917050691243
392 0.6546875 0.6474654377880185 0.0703125 0.09216589861751152
159 0.6640625 0.728110599078341 0.0546875 0.055299539170506916
336 0.6734375 0.5668202764976958 0.0234375 0.03225806451612903
392 0.740625 0.6474654377880185 0.06875 0.09216589861751152
242 0.8234375 0.6474654377880185 0.0734375 0.09216589861751152