374 0.109375 0.1864801864801865 0.0703125 0.08391608391608392
574 0.190625 0.1864801864801865 0.075 0.08391608391608392
411 0.2328125 0.11655011655011654 0.025 0.023310023310023312
364 0.2875 0.22144522144522144 0.09375 0.14918414918414918
556 0.371875 0.1888111888111888 0.0640625 0.08391608391608392
336 0.384375 0.11421911421911422 0.0203125 0.027972027972027972
360 0.4296875 0.19114219114219114 0.0203125 0.06993006993006994
360 0.4484375 0.1888111888111888 0.0203125 0.06993006993006994
60 0.5078125 0.19347319347319347 0.0734375 0.10256410256410256
502 0.584375 0.1888111888111888 0.065625 0.08158508158508158
336 0.6 0.11421911421911422 0.0203125 0.02564102564102564
297 0.65 0.22144522144522144 0.0390625 0.14918414918414918
410 0.709375 0.1864801864801865 0.0640625 0.08624708624708624
412 0.10625 0.6503496503496503 0.0625 0.08391608391608392
411 0.1421875 0.5804195804195804 0.025 0.02097902097902098
297 0.1703125 0.6853146853146853 0.0390625 0.14918414918414918
300 0.225 0.6503496503496503 0.0609375 0.08158508158508158
465 0.2796875 0.6503496503496503 0.0390625 0.08624708624708624
318 0.34375 0.6503496503496503 0.071875 0.08391608391608392
355 0.4296875 0.6503496503496503 0.0796875 0.08391608391608392
208 0.5140625 0.6503496503496503 0.078125 0.08624708624708624
484 0.5765625 0.6503496503496503 0.046875 0.08391608391608392
337 0.64375 0.6503496503496503 0.0703125 0.08391608391608392
556 0.7203125 0.6503496503496503 0.065625 0.08158508158508158
364 0.80625 0.682983682983683 0.0953125 0.14918414918414918
410 0.890625 0.6480186480186481 0.0640625 0.08624708624708624