412 0.10625 0.1799163179916318 0.0734375 0.08786610878661087
411 0.1484375 0.10669456066945607 0.0296875 0.01882845188284519
297 0.1796875 0.21548117154811716 0.04375 0.15690376569037656
300 0.2421875 0.1799163179916318 0.071875 0.08577405857740586
465 0.30625 0.1799163179916318 0.04375 0.08577405857740586
318 0.38125 0.1799163179916318 0.084375 0.08786610878661087
355 0.478125 0.1799163179916318 0.0921875 0.08786610878661087
208 0.575 0.1799163179916318 0.090625 0.08786610878661087
484 0.6484375 0.1799163179916318 0.053125 0.08577405857740586
400 0.728125 0.21338912133891214 0.0890625 0.15481171548117154
207 0.7703125 0.09205020920502092 0.0328125 0.058577405857740586
260 0.8234375 0.1799163179916318 0.0796875 0.08786610878661087
374 0.109375 0.6569037656903766 0.0796875 0.08786610878661087
410 0.1953125 0.6569037656903766 0.0734375 0.09205020920502092
208 0.2828125 0.6569037656903766 0.0921875 0.08786610878661087
410 0.3671875 0.6569037656903766 0.071875 0.08786610878661087
170 0.36875 0.7322175732217573 0.0578125 0.05439330543933055
412 0.453125 0.6569037656903766 0.071875 0.08786610878661087
410 0.5359375 0.6569037656903766 0.075 0.0899581589958159
199 0.6171875 0.6589958158995816 0.0765625 0.08786610878661087
296 0.6203125 0.5774058577405857 0.0609375 0.060669456066945605
466 0.709375 0.6569037656903766 0.075 0.08786610878661087
296 0.7125 0.5774058577405857 0.0609375 0.06276150627615062
520 0.8046875 0.6589958158995816 0.0875 0.08577405857740586
193 0.8203125 0.7322175732217573 0.0609375 0.05439330543933055
410 0.8984375 0.6569037656903766 0.0734375 0.08786610878661087