520 0.1078125 0.14651162790697675 0.078125 0.09069767441860466
492 0.1875 0.1813953488372093 0.065625 0.15813953488372093
411 0.21875 0.07209302325581396 0.0265625 0.02558139534883721
360 0.2421875 0.1511627906976744 0.0234375 0.07209302325581396
360 0.2625 0.14883720930232558 0.0234375 0.07209302325581396
60 0.325 0.15348837209302327 0.0796875 0.10930232558139535
411 0.36875 0.07209302325581396 0.0265625 0.020930232558139535
297 0.3984375 0.1813953488372093 0.0421875 0.16046511627906976
355 0.4671875 0.14651162790697675 0.084375 0.09069767441860466
465 0.534375 0.14651162790697675 0.0421875 0.08604651162790698
297 0.5859375 0.1813953488372093 0.040625 0.16046511627906976
410 0.646875 0.14418604651162792 0.065625 0.09069767441860466
465 0.70625 0.14651162790697675 0.0421875 0.08837209302325581
318 0.775 0.14651162790697675 0.0765625 0.08837209302325581
410 0.85625 0.14651162790697675 0.0671875 0.09069767441860466
326 0.1125 0.6674418604651163 0.0921875 0.15813953488372093
355 0.2046875 0.6325581395348837 0.0828125 0.09302325581395349
484 0.2796875 0.6325581395348837 0.0515625 0.09069767441860466
360 0.3265625 0.6372093023255814 0.0234375 0.06976744186046512
118 0.384375 0.6348837209302326 0.0734375 0.08604651162790698
336 0.39375 0.5558139534883721 0.021875 0.027906976744186046
411 0.421875 0.5604651162790698 0.0265625 0.023255813953488372
224 0.46875 0.6348837209302326 0.075 0.09069767441860466
336 0.4859375 0.5558139534883721 0.021875 0.027906976744186046
502 0.553125 0.6348837209302326 0.06875 0.08837209302325581
392 0.628125 0.6325581395348837 0.0671875 0.09069767441860466
242 0.70625 0.6325581395348837 0.0703125 0.09069767441860466
374 0.7875 0.6325581395348837 0.075 0.08837209302325581
574 0.8734375 0.6348837209302326 0.08125 0.09069767441860466
411 0.9171875 0.5604651162790698 0.025 0.020930232558139535