318 0.09375 0.147239263803681 0.0859375 0.08793456032719836
336 0.115625 0.06952965235173825 0.025 0.03067484662576687
355 0.1984375 0.147239263803681 0.0953125 0.08793456032719836
336 0.2265625 0.07157464212678936 0.025 0.028629856850715747
224 0.3046875 0.147239263803681 0.08125 0.08793456032719836
355 0.403125 0.147239263803681 0.096875 0.08793456032719836
374 0.5 0.1492842535787321 0.08125 0.08997955010224949
169 0.5140625 0.2249488752556237 0.05625 0.05521472392638037
260 0.596875 0.147239263803681 0.0828125 0.08793456032719836
336 0.615625 0.07157464212678936 0.025 0.028629856850715747
296 0.6984375 0.06748466257668712 0.0609375 0.06134969325153374
466 0.6953125 0.1492842535787321 0.0765625 0.08793456032719836
410 0.7875 0.147239263803681 0.075 0.08793456032719836
187 0.8015625 0.22699386503067484 0.05 0.05930470347648262
300 0.8734375 0.1492842535787321 0.0765625 0.08793456032719836
556 0.090625 0.6319018404907976 0.0765625 0.08793456032719836
484 0.165625 0.6319018404907976 0.0578125 0.08793456032719836
336 0.171875 0.5541922290388548 0.025 0.028629856850715747
502 0.2484375 0.6319018404907976 0.0796875 0.08997955010224949
410 0.3359375 0.6298568507157464 0.075 0.09202453987730061
215 0.340625 0.7096114519427403 0.06875 0.05521472392638037
410 0.4265625 0.6298568507157464 0.078125 0.08997955010224949
180 0.490625 0.6687116564417178 0.04375 0.1656441717791411
318 0.5640625 0.6298568507157464 0.0859375 0.08793456032719836
336 0.5859375 0.5541922290388548 0.0234375 0.028629856850715747
355 0.66875 0.6298568507157464 0.0953125 0.08997955010224949
336 0.696875 0.5541922290388548 0.0265625 0.03067484662576687
360 0.7484375 0.6359918200408998 0.0265625 0.07157464212678936
360 0.771875 0.6359918200408998 0.0265625 0.07157464212678936