221 0.0796875 0.13771186440677965 0.053125 0.1652542372881356
556 0.1671875 0.1271186440677966 0.0765625 0.08898305084745763
336 0.1828125 0.046610169491525424 0.025 0.02754237288135593
556 0.259375 0.1271186440677966 0.0765625 0.08898305084745763
336 0.275 0.046610169491525424 0.025 0.029661016949152543
520 0.35625 0.125 0.0875 0.09110169491525423
364 0.3765625 0.23728813559322035 0.084375 0.11228813559322035
556 0.459375 0.125 0.0765625 0.09322033898305085
336 0.4765625 0.046610169491525424 0.0234375 0.029661016949152543
360 0.5265625 0.13135593220338984 0.0265625 0.07203389830508475
30 0.609375 0.1228813559322034 0.1078125 0.09745762711864407
484 0.6921875 0.1271186440677966 0.0578125 0.09110169491525423
336 0.6984375 0.046610169491525424 0.025 0.029661016949152543
392 0.771875 0.1271186440677966 0.075 0.09110169491525423
336 0.790625 0.046610169491525424 0.025 0.029661016949152543
159 0.78125 0.2033898305084746 0.0578125 0.05296610169491525
502 0.1 0.625 0.0765625 0.08898305084745763
336 0.11875 0.5466101694915254 0.025 0.029661016949152543
410 0.19375 0.6228813559322034 0.075 0.09322033898305085
326 0.2921875 0.6610169491525424 0.103125 0.16101694915254236
318 0.390625 0.625 0.0859375 0.09110169491525423
355 0.4890625 0.625 0.09375 0.09110169491525423
208 0.590625 0.625 0.0921875 0.08898305084745763
484 0.665625 0.625 0.05625 0.09322033898305085
337 0.74375 0.625 0.08125 0.08898305084745763
556 0.8359375 0.625 0.0765625 0.09110169491525423