502 0.09375 0.1392156862745098 0.08125 0.08627450980392157
224 0.1875 0.1392156862745098 0.0859375 0.08627450980392157
296 0.1953125 0.058823529411764705 0.0640625 0.058823529411764705
410 0.2875 0.1392156862745098 0.078125 0.08823529411764706
169 0.296875 0.21568627450980393 0.059375 0.052941176470588235
336 0.3078125 0.06274509803921569 0.025 0.027450980392156862
410 0.3875 0.1392156862745098 0.078125 0.08823529411764706
360 0.4546875 0.14313725490196078 0.0265625 0.07058823529411765
360 0.478125 0.14313725490196078 0.0265625 0.07058823529411765
297 0.5296875 0.17647058823529413 0.05 0.1607843137254902
261 0.6046875 0.1392156862745098 0.0828125 0.08823529411764706
297 0.678125 0.17647058823529413 0.05 0.1588235294117647
556 0.7515625 0.1392156862745098 0.08125 0.08823529411764706
297 0.8265625 0.17450980392156862 0.046875 0.1588235294117647
355 0.90625 0.1392156862745098 0.1 0.08823529411764706
392 0.090625 0.6215686274509804 0.078125 0.08823529411764706
242 0.18125 0.6235294117647059 0.0859375 0.08823529411764706
232 0.2859375 0.6568627450980392 0.10625 0.1588235294117647
364 0.4015625 0.6588235294117647 0.115625 0.1588235294117647
364 0.5234375 0.6568627450980392 0.115625 0.1568627450980392
410 0.625 0.6196078431372549 0.0765625 0.09019607843137255
360 0.690625 0.6294117647058823 0.028125 0.07058823529411765
412 0.7578125 0.6215686274509804 0.078125 0.08627450980392157
193 0.76875 0.7 0.065625 0.052941176470588235
520 0.859375 0.6235294117647059 0.0921875 0.08823529411764706
336 0.8828125 0.5450980392156862 0.025 0.027450980392156862
180 0.9390625 0.6607843137254902 0.0453125 0.16470588235294117