520 0.125 0.16404494382022472 0.0796875 0.08764044943820225
412 0.20625 0.16404494382022472 0.0671875 0.08764044943820225
297 0.2703125 0.2 0.040625 0.1550561797752809
410 0.3328125 0.16404494382022472 0.0671875 0.08764044943820225
437 0.4171875 0.19775280898876405 0.0828125 0.1550561797752809
374 0.5 0.1662921348314607 0.0703125 0.0853932584269663
336 0.5171875 0.0898876404494382 0.0203125 0.02696629213483146
502 0.584375 0.16404494382022472 0.0703125 0.0853932584269663
412 0.5984375 0.24044943820224718 0.05 0.051685393258426963
411 0.6296875 0.09213483146067415 0.0265625 0.017977528089887642
297 0.659375 0.2 0.0421875 0.15730337078651685
300 0.71875 0.16404494382022472 0.065625 0.08764044943820225
465 0.7765625 0.16179775280898875 0.040625 0.0853932584269663
520 0.125 0.6426966292134831 0.0796875 0.08764044943820225
336 0.1453125 0.5662921348314607 0.0203125 0.02696629213483146
410 0.2125 0.6404494382022472 0.06875 0.0898876404494382
215 0.2171875 0.7213483146067415 0.0625 0.056179775280898875
360 0.271875 0.647191011235955 0.0234375 0.06741573033707865
374 0.3328125 0.6426966292134831 0.071875 0.0853932584269663
17 0.4296875 0.6696629213483146 0.10625 0.15730337078651685
297 0.5125 0.6786516853932584 0.0421875 0.1550561797752809
410 0.575 0.6426966292134831 0.06875 0.08764044943820225
169 0.584375 0.7191011235955056 0.0515625 0.051685393258426963
465 0.6375 0.6404494382022472 0.040625 0.0853932584269663
412 0.703125 0.6426966292134831 0.0671875 0.0853932584269663
355 0.7875 0.6426966292134831 0.0859375 0.0853932584269663
355 0.8828125 0.6426966292134831 0.0859375 0.08764044943820225
296 0.89375 0.5640449438202247 0.0546875 0.060674157303370786