510 0.1296875 0.1781115879828326 0.0921875 0.15879828326180256
466 0.2203125 0.14377682403433475 0.075 0.09012875536480687
574 0.3125 0.1459227467811159 0.0875 0.08798283261802575
412 0.4015625 0.14377682403433475 0.075 0.08798283261802575
296 0.4046875 0.06223175965665236 0.059375 0.06223175965665236
207 0.446875 0.05150214592274678 0.0296875 0.06223175965665236
520 0.5015625 0.1459227467811159 0.0859375 0.08798283261802575
336 0.525 0.06652360515021459 0.021875 0.030042918454935622
392 0.5953125 0.14377682403433475 0.071875 0.08798283261802575
356 0.6921875 0.18025751072961374 0.103125 0.1630901287553648
374 0.7859375 0.14377682403433475 0.078125 0.08798283261802575
574 0.8796875 0.14377682403433475 0.0875 0.08583690987124463
411 0.928125 0.06866952789699571 0.028125 0.02145922746781116
364 0.1375 0.6695278969957081 0.1078125 0.15879828326180256
556 0.234375 0.6330472103004292 0.075 0.08583690987124463
336 0.25 0.555793991416309 0.021875 0.027896995708154508
360 0.3015625 0.6416309012875536 0.025 0.06866952789699571
360 0.3234375 0.6394849785407726 0.0265625 0.06866952789699571
118 0.3875 0.6330472103004292 0.08125 0.08798283261802575
336 0.396875 0.555793991416309 0.0234375 0.027896995708154508
392 0.46875 0.6330472103004292 0.071875 0.08798283261802575
159 0.478125 0.7103004291845494 0.05625 0.0536480686695279
297 0.540625 0.6695278969957081 0.0453125 0.1630901287553648
318 0.6109375 0.6330472103004292 0.084375 0.08583690987124463
502 0.7 0.6351931330472103 0.075 0.09012875536480687
336 0.7171875 0.555793991416309 0.0234375 0.030042918454935622
411 0.7484375 0.5579399141630901 0.028125 0.02145922746781116