318 0.128125 0.1387434554973822 0.06875 0.08900523560209424
336 0.1453125 0.06282722513089005 0.01875 0.028795811518324606
484 0.196875 0.1387434554973822 0.04375 0.08900523560209424
296 0.1921875 0.060209424083769635 0.0484375 0.05759162303664921
411 0.2265625 0.06544502617801047 0.0234375 0.020942408376963352
412 0.2640625 0.1387434554973822 0.059375 0.08900523560209424
296 0.2671875 0.05759162303664921 0.0484375 0.060209424083769635
546 0.346875 0.17539267015706805 0.0828125 0.15968586387434555
355 0.4296875 0.14136125654450263 0.075 0.09162303664921466
297 0.4921875 0.17539267015706805 0.0359375 0.15968586387434555
355 0.5546875 0.14136125654450263 0.075 0.08638743455497382
360 0.6125 0.14659685863874344 0.01875 0.06806282722513089
360 0.6296875 0.14397905759162305 0.0203125 0.06806282722513089
103 0.6796875 0.17015706806282724 0.059375 0.14921465968586387
484 0.740625 0.14136125654450263 0.0453125 0.08900523560209424
510 0.13125 0.6596858638743456 0.075 0.15968586387434555
297 0.190625 0.662303664921466 0.0359375 0.16230366492146597
556 0.246875 0.6256544502617801 0.0609375 0.08900523560209424
360 0.2953125 0.6308900523560209 0.01875 0.07068062827225131
326 0.35625 0.6596858638743456 0.08125 0.1544502617801047
260 0.4328125 0.6256544502617801 0.065625 0.08900523560209424
410 0.503125 0.6256544502617801 0.0609375 0.08900523560209424
198 0.5203125 0.7329842931937173 0.053125 0.112565445026178
269 0.5875 0.6596858638743456 0.075 0.15706806282722513
17 0.6734375 0.6544502617801047 0.09375 0.16230366492146597
360 0.7375 0.6308900523560209 0.021875 0.07068062827225131