224 0.115625 0.15894039735099338 0.0796875 0.09050772626931568
336 0.1359375 0.07947019867549669 0.0234375 0.02869757174392936
297 0.19375 0.19646799116997793 0.0421875 0.16335540838852097
574 0.265625 0.15894039735099338 0.0875 0.08609271523178808
410 0.3546875 0.15673289183222958 0.071875 0.09050772626931568
308 0.375 0.2671081677704194 0.0609375 0.11037527593818984
492 0.4421875 0.19205298013245034 0.06875 0.15894039735099338
337 0.521875 0.15894039735099338 0.0796875 0.09050772626931568
556 0.6078125 0.15894039735099338 0.0734375 0.09050772626931568
360 0.6640625 0.16335540838852097 0.025 0.0728476821192053
437 0.7359375 0.19205298013245034 0.0875 0.16114790286975716
382 0.8296875 0.19426048565121412 0.09375 0.16114790286975716
412 0.915625 0.15894039735099338 0.071875 0.09050772626931568
336 0.93125 0.07947019867549669 0.0234375 0.02869757174392936
502 0.1140625 0.6534216335540839 0.0734375 0.08830022075055188
224 0.2 0.6534216335540839 0.078125 0.09050772626931568
296 0.20625 0.5695364238410596 0.0578125 0.06181015452538632
297 0.275 0.6887417218543046 0.0421875 0.16335540838852097
410 0.340625 0.6512141280353201 0.071875 0.09271523178807947
179 0.425 0.6534216335540839 0.084375 0.09050772626931568
510 0.5203125 0.6887417218543046 0.0890625 0.15894039735099338
14 0.634375 0.6799116997792495 0.128125 0.16335540838852097
360 0.721875 0.6578366445916115 0.025 0.0728476821192053
360 0.74375 0.6578366445916115 0.0234375 0.07505518763796909