221 0.090625 0.17123287671232876 0.046875 0.1506849315068493
118 0.165625 0.1598173515981735 0.071875 0.0821917808219178
556 0.234375 0.1598173515981735 0.065625 0.08447488584474885
336 0.2484375 0.0867579908675799 0.021875 0.0273972602739726
297 0.2984375 0.19406392694063926 0.0390625 0.15296803652968036
502 0.359375 0.1598173515981735 0.0671875 0.0821917808219178
520 0.4390625 0.1598173515981735 0.075 0.08447488584474885
296 0.446875 0.0821917808219178 0.053125 0.05707762557077625
382 0.53125 0.1917808219178082 0.084375 0.1506849315068493
411 0.575 0.08904109589041095 0.0234375 0.02054794520547945
502 0.615625 0.1598173515981735 0.0671875 0.0821917808219178
502 0.6921875 0.1598173515981735 0.0671875 0.0867579908675799
336 0.70625 0.08447488584474885 0.021875 0.0273972602739726
360 0.75 0.1643835616438356 0.0234375 0.0684931506849315
374 0.8078125 0.15753424657534246 0.06875 0.07990867579908675
574 0.8921875 0.1598173515981735 0.08125 0.08447488584474885
411 0.934375 0.08904109589041095 0.025 0.02054794520547945
364 0.121875 0.6529680365296804 0.0953125 0.1506849315068493
556 0.2078125 0.6210045662100456 0.0671875 0.0867579908675799
336 0.221875 0.545662100456621 0.0234375 0.02968036529680365
392 0.284375 0.6187214611872146 0.065625 0.08447488584474885
163 0.3 0.723744292237443 0.0625 0.1095890410958904
355 0.3734375 0.6187214611872146 0.08125 0.08447488584474885
355 0.4640625 0.6210045662100456 0.08125 0.08447488584474885
484 0.4875 0.6963470319634704 0.0359375 0.05251141552511415
318 0.553125 0.6210045662100456 0.0734375 0.08447488584474885
502 0.63125 0.6187214611872146 0.0671875 0.08447488584474885
336 0.646875 0.545662100456621 0.0203125 0.0273972602739726
318 0.7140625 0.6210045662100456 0.0734375 0.0821917808219178
360 0.7734375 0.6255707762557078 0.021875 0.06621004566210045
360 0.79375 0.6255707762557078 0.021875 0.06621004566210045