318 0.103125 0.11463414634146342 0.075 0.0975609756097561
410 0.184375 0.11463414634146342 0.06875 0.0975609756097561
297 0.2484375 0.15365853658536585 0.0421875 0.17073170731707318
466 0.3140625 0.11463414634146342 0.0703125 0.0951219512195122
520 0.396875 0.11463414634146342 0.08125 0.0951219512195122
297 0.4671875 0.15609756097560976 0.040625 0.17073170731707318
374 0.5296875 0.11463414634146342 0.0734375 0.0951219512195122
465 0.5921875 0.11463414634146342 0.04375 0.0951219512195122
355 0.6671875 0.11463414634146342 0.0875 0.0951219512195122
502 0.753125 0.11707317073170732 0.0703125 0.09268292682926829
336 0.76875 0.03170731707317073 0.021875 0.02926829268292683
224 0.1015625 0.6073170731707317 0.075 0.0951219512195122
455 0.2015625 0.6414634146341464 0.1140625 0.16829268292682928
510 0.30625 0.6439024390243903 0.0859375 0.17073170731707318
242 0.390625 0.6097560975609756 0.0734375 0.09268292682926829
336 0.40625 0.524390243902439 0.021875 0.03170731707317073
318 0.478125 0.6073170731707317 0.078125 0.0951219512195122
336 0.496875 0.526829268292683 0.0203125 0.03170731707317073
411 0.5265625 0.5292682926829269 0.0265625 0.024390243902439025
318 0.5734375 0.6097560975609756 0.0796875 0.0975609756097561
374 0.6578125 0.6073170731707317 0.0734375 0.09268292682926829
502 0.7375 0.6073170731707317 0.0703125 0.0951219512195122
61 0.7484375 0.6951219512195121 0.0671875 0.06585365853658537
296 0.746875 0.5219512195121951 0.0546875 0.06829268292682927
529 0.834375 0.6439024390243903 0.0890625 0.17073170731707318
360 0.896875 0.6146341463414634 0.021875 0.07317073170731707
360 0.91875 0.6146341463414634 0.025 0.07560975609756097