30 0.103125 0.16831683168316833 0.0859375 0.09158415841584158
484 0.1671875 0.1707920792079208 0.0453125 0.08415841584158416
336 0.1734375 0.09653465346534654 0.0203125 0.027227722772277228
392 0.23125 0.1707920792079208 0.059375 0.08415841584158416
159 0.2390625 0.24504950495049505 0.0453125 0.05198019801980198
336 0.2484375 0.09653465346534654 0.01875 0.027227722772277228
224 0.309375 0.1707920792079208 0.065625 0.08415841584158416
410 0.38125 0.16831683168316833 0.059375 0.08415841584158416
191 0.3984375 0.2722772277227723 0.0515625 0.10891089108910891
207 0.4203125 0.08415841584158416 0.0265625 0.0594059405940594
260 0.4640625 0.1707920792079208 0.0640625 0.08415841584158416
260 0.5375 0.1707920792079208 0.065625 0.08415841584158416
336 0.5515625 0.09653465346534654 0.01875 0.027227722772277228
466 0.6125 0.1707920792079208 0.0625 0.08415841584158416
296 0.6171875 0.09405940594059406 0.0484375 0.05693069306930693
374 0.6875 0.1707920792079208 0.0640625 0.08415841584158416
296 0.69375 0.09405940594059406 0.05 0.054455445544554455
502 0.7640625 0.1707920792079208 0.0625 0.08415841584158416
215 0.76875 0.24752475247524752 0.0546875 0.054455445544554455
484 0.828125 0.1707920792079208 0.0453125 0.08168316831683169
336 0.8328125 0.09653465346534654 0.0203125 0.027227722772277228
232 0.096875 0.6633663366336634 0.0796875 0.1485148514851485
260 0.175 0.6336633663366337 0.0671875 0.08415841584158416
574 0.2515625 0.6311881188118812 0.0734375 0.08168316831683169
374 0.325 0.6311881188118812 0.0640625 0.08168316831683169
410 0.396875 0.6311881188118812 0.059375 0.08415841584158416
412 0.40625 0.7054455445544554 0.04375 0.05198019801980198
337 0.46875 0.6336633663366337 0.065625 0.08415841584158416
484 0.5328125 0.6311881188118812 0.04375 0.08415841584158416
336 0.5390625 0.5594059405940595 0.01875 0.024752475247524754
297 0.5859375 0.6658415841584159 0.0359375 0.15346534653465346
224 0.6421875 0.6311881188118812 0.065625 0.08168316831683169
465 0.6984375 0.6311881188118812 0.0359375 0.08415841584158416
242 0.7578125 0.6311881188118812 0.0640625 0.08415841584158416
180 0.8109375 0.6707920792079208 0.0328125 0.15841584158415842