297 0.0859375 0.2025862068965517 0.0421875 0.15301724137931033
224 0.1515625 0.16810344827586207 0.0765625 0.08405172413793104
465 0.215625 0.16810344827586207 0.040625 0.08405172413793104
242 0.284375 0.16810344827586207 0.075 0.08405172413793104
180 0.3453125 0.20474137931034483 0.0390625 0.15948275862068967
437 0.415625 0.20043103448275862 0.084375 0.15301724137931033
374 0.4984375 0.16810344827586207 0.0765625 0.08405172413793104
336 0.5171875 0.09482758620689655 0.021875 0.03017241379310345
502 0.5859375 0.16810344827586207 0.0734375 0.08405172413793104
179 0.6671875 0.16810344827586207 0.084375 0.08405172413793104
355 0.7609375 0.16810344827586207 0.084375 0.08620689655172414
208 0.853125 0.16810344827586207 0.0859375 0.08405172413793104
484 0.921875 0.16810344827586207 0.05 0.08405172413793104
337 0.103125 0.6336206896551724 0.075 0.08620689655172414
556 0.1859375 0.6336206896551724 0.0703125 0.08620689655172414
510 0.2734375 0.665948275862069 0.0859375 0.15086206896551724
466 0.3578125 0.6336206896551724 0.071875 0.08620689655172414
574 0.4453125 0.6336206896551724 0.084375 0.08405172413793104
297 0.515625 0.6681034482758621 0.04375 0.15301724137931033
318 0.5828125 0.6336206896551724 0.0796875 0.08189655172413793
465 0.646875 0.6314655172413793 0.0421875 0.08405172413793104
484 0.7046875 0.6336206896551724 0.0515625 0.08405172413793104
318 0.778125 0.6336206896551724 0.0796875 0.08405172413793104
336 0.7984375 0.5581896551724138 0.0234375 0.028017241379310345
374 0.86875 0.6336206896551724 0.075 0.08405172413793104
411 0.9109375 0.5625 0.0265625 0.021551724137931036