502 0.1046875 0.13010204081632654 0.0671875 0.09438775510204081
355 0.1890625 0.13010204081632654 0.0828125 0.09693877551020408
232 0.28125 0.1683673469387755 0.0859375 0.17091836734693877
392 0.3609375 0.13010204081632654 0.065625 0.09693877551020408
336 0.3765625 0.04591836734693878 0.021875 0.02806122448979592
81 0.45 0.1683673469387755 0.0796875 0.1683673469387755
502 0.528125 0.13010204081632654 0.06875 0.09438775510204081
410 0.6046875 0.13010204081632654 0.0671875 0.09693877551020408
215 0.6078125 0.21428571428571427 0.059375 0.06377551020408163
484 0.6734375 0.13010204081632654 0.0515625 0.09438775510204081
360 0.71875 0.1377551020408163 0.0234375 0.07653061224489796
360 0.740625 0.13520408163265307 0.021875 0.07397959183673469