30 0.1046875 0.16289592760180996 0.0984375 0.09276018099547512
410 0.190625 0.16515837104072398 0.0671875 0.09049773755656108
502 0.26875 0.16515837104072398 0.071875 0.08823529411764706
556 0.35 0.167420814479638 0.0703125 0.08823529411764706
336 0.3625 0.09049773755656108 0.021875 0.029411764705882353
337 0.434375 0.16515837104072398 0.075 0.09049773755656108
336 0.453125 0.08823529411764706 0.021875 0.029411764705882353
410 0.521875 0.16515837104072398 0.06875 0.08823529411764706
336 0.5359375 0.08823529411764706 0.0234375 0.029411764705882353
411 0.565625 0.09276018099547512 0.0265625 0.020361990950226245
502 0.609375 0.167420814479638 0.071875 0.08823529411764706
296 0.6140625 0.08597285067873303 0.05625 0.06108597285067873
297 0.6796875 0.20135746606334842 0.0421875 0.1583710407239819
355 0.7484375 0.167420814479638 0.0875 0.09049773755656108
465 0.81875 0.16515837104072398 0.0421875 0.08597285067873303
374 0.8875 0.16515837104072398 0.0734375 0.08597285067873303
180 0.946875 0.20588235294117646 0.0375 0.167420814479638
318 0.0953125 0.6515837104072398 0.0765625 0.08823529411764706
336 0.1140625 0.5746606334841629 0.0203125 0.03167420814479638
411 0.1421875 0.5769230769230769 0.025 0.020361990950226245
374 0.1890625 0.6493212669683258 0.071875 0.08823529411764706
412 0.26875 0.6515837104072398 0.06875 0.08823529411764706
336 0.2828125 0.5746606334841629 0.021875 0.029411764705882353
520 0.35625 0.6515837104072398 0.0796875 0.08597285067873303
208 0.4453125 0.6493212669683258 0.0859375 0.08597285067873303
336 0.4609375 0.5746606334841629 0.021875 0.029411764705882353
411 0.4890625 0.5769230769230769 0.025 0.020361990950226245
400 0.5390625 0.6832579185520362 0.0828125 0.15610859728506787
411 0.58125 0.5769230769230769 0.025 0.020361990950226245
224 0.628125 0.6515837104072398 0.0734375 0.08823529411764706
336 0.646875 0.5723981900452488 0.021875 0.029411764705882353
502 0.715625 0.6493212669683258 0.0703125 0.08597285067873303