360 0.121875 0.12646370023419204 0.0734375 0.08899297423887588
336 0.1359375 0.04918032786885246 0.021875 0.03044496487119438
260 0.20625 0.12646370023419204 0.0734375 0.08899297423887588
296 0.2109375 0.0468384074941452 0.0546875 0.06088992974238876
374 0.290625 0.12646370023419204 0.071875 0.08665105386416862
299 0.2953125 0.04449648711943794 0.0546875 0.06088992974238876
297 0.3578125 0.16159250585480095 0.0421875 0.1592505854800937
260 0.4234375 0.12646370023419204 0.075 0.08899297423887588
410 0.5 0.12646370023419204 0.065625 0.08899297423887588
336 0.5140625 0.0468384074941452 0.0203125 0.02810304449648712
411 0.54375 0.05152224824355972 0.0234375 0.02107728337236534
297 0.571875 0.16159250585480095 0.040625 0.1592505854800937
224 0.634375 0.12646370023419204 0.071875 0.08899297423887588
465 0.6953125 0.12646370023419204 0.0421875 0.08899297423887588
242 0.7625 0.12646370023419204 0.071875 0.08899297423887588
180 0.8203125 0.16393442622950818 0.0359375 0.16159250585480095
502 0.88125 0.12646370023419204 0.0703125 0.08899297423887588
336 0.8984375 0.04918032786885246 0.021875 0.02576112412177986
411 0.9265625 0.05152224824355972 0.0265625 0.01639344262295082
508 0.1234375 0.6510538641686182 0.084375 0.17096018735362997
300 0.2015625 0.6088992974238876 0.065625 0.08430913348946135
296 0.2046875 0.5292740046838408 0.053125 0.06088992974238876
466 0.284375 0.6112412177985949 0.0703125 0.08899297423887588
208 0.365625 0.6088992974238876 0.0828125 0.08899297423887588
336 0.38125 0.531615925058548 0.021875 0.03044496487119438
410 0.446875 0.6088992974238876 0.06875 0.08899297423887588
326 0.5328125 0.6440281030444965 0.0890625 0.15690866510538642
360 0.5953125 0.6135831381733021 0.0234375 0.06791569086651054
360 0.6171875 0.6159250585480094 0.021875 0.06791569086651054