118 0.096875 0.16063348416289594 0.0734375 0.083710407239819
296 0.09375 0.08144796380090498 0.0546875 0.058823529411764705
297 0.159375 0.19683257918552036 0.0421875 0.1583710407239819
355 0.2265625 0.16063348416289594 0.0859375 0.08597285067873303
465 0.296875 0.16063348416289594 0.040625 0.08823529411764706
374 0.3640625 0.16063348416289594 0.075 0.08144796380090498
374 0.425 0.19909502262443438 0.0375 0.16289592760180996
364 0.5015625 0.19457013574660634 0.1 0.15610859728506787
556 0.5921875 0.16063348416289594 0.06875 0.08597285067873303
336 0.60625 0.08597285067873303 0.0203125 0.029411764705882353
337 0.675 0.16063348416289594 0.0734375 0.08597285067873303
296 0.68125 0.08144796380090498 0.053125 0.058823529411764705
296 0.7640625 0.08144796380090498 0.0546875 0.058823529411764705
410 0.7609375 0.16063348416289594 0.0671875 0.08597285067873303
297 0.8296875 0.19683257918552036 0.040625 0.15610859728506787
412 0.8890625 0.16063348416289594 0.06875 0.08597285067873303
556 0.096875 0.6380090497737556 0.06875 0.083710407239819
336 0.1109375 0.5633484162895928 0.0203125 0.027149321266968326
556 0.1796875 0.6402714932126696 0.06875 0.08597285067873303
484 0.246875 0.6380090497737556 0.0515625 0.08597285067873303
374 0.3171875 0.6402714932126696 0.071875 0.083710407239819
336 0.334375 0.5633484162895928 0.0203125 0.029411764705882353
410 0.4015625 0.6380090497737556 0.0671875 0.08597285067873303
215 0.40625 0.7171945701357466 0.0625 0.05656108597285068
411 0.44375 0.5656108597285068 0.0265625 0.020361990950226245
360 0.4640625 0.6447963800904978 0.021875 0.06561085972850679
260 0.5265625 0.6380090497737556 0.0734375 0.08597285067873303
336 0.54375 0.5633484162895928 0.021875 0.029411764705882353
300 0.6078125 0.6402714932126696 0.065625 0.08597285067873303
556 0.6859375 0.6380090497737556 0.06875 0.08597285067873303
297 0.7484375 0.6742081447963801 0.0390625 0.1583710407239819
260 0.8125 0.6380090497737556 0.075 0.08823529411764706
410 0.890625 0.6380090497737556 0.0671875 0.08823529411764706
336 0.90625 0.5633484162895928 0.021875 0.029411764705882353
411 0.934375 0.5678733031674208 0.0265625 0.020361990950226245