308 0.1359375 0.15991471215351813 0.0875 0.15565031982942432
492 0.21875 0.15991471215351813 0.0703125 0.15565031982942432
308 0.3015625 0.15991471215351813 0.0875 0.15565031982942432
492 0.384375 0.15991471215351813 0.06875 0.15565031982942432
502 0.4609375 0.12366737739872068 0.075 0.08742004264392324
355 0.5546875 0.1257995735607676 0.090625 0.08955223880597014
337 0.6484375 0.12366737739872068 0.078125 0.08742004264392324
392 0.734375 0.1257995735607676 0.0703125 0.08528784648187633
410 0.8171875 0.12366737739872068 0.071875 0.08955223880597014
364 0.8296875 0.232409381663113 0.0796875 0.10874200426439233
410 0.9109375 0.12366737739872068 0.071875 0.08955223880597014
360 0.96875 0.1300639658848614 0.025 0.07036247334754797
355 0.1390625 0.6098081023454158 0.0890625 0.08742004264392324
574 0.240625 0.6098081023454158 0.0890625 0.08742004264392324
484 0.3203125 0.6098081023454158 0.053125 0.08742004264392324
296 0.3140625 0.5287846481876333 0.059375 0.06183368869936034
502 0.4 0.6098081023454158 0.075 0.08742004264392324
336 0.415625 0.5330490405117271 0.0234375 0.02771855010660981
556 0.490625 0.6098081023454158 0.0734375 0.08742004264392324
336 0.5046875 0.5330490405117271 0.0234375 0.0255863539445629
504 0.59375 0.650319829424307 0.10625 0.16844349680170576
360 0.65625 0.6162046908315565 0.0234375 0.06609808102345416
107 0.721875 0.6375266524520256 0.1 0.15991471215351813
232 0.828125 0.6460554371002132 0.096875 0.15565031982942432