412 0.1109375 0.19103773584905662 0.0640625 0.08490566037735849
300 0.121875 0.2665094339622642 0.0421875 0.049528301886792456
297 0.1734375 0.22877358490566038 0.040625 0.15330188679245282
556 0.23125 0.19339622641509435 0.0640625 0.08254716981132075
374 0.3046875 0.19103773584905662 0.06875 0.08490566037735849
296 0.309375 0.11320754716981132 0.0515625 0.0589622641509434
392 0.38125 0.19103773584905662 0.0640625 0.08490566037735849
180 0.4359375 0.23113207547169812 0.0375 0.16273584905660377
260 0.496875 0.19103773584905662 0.06875 0.08254716981132075
260 0.5734375 0.19103773584905662 0.06875 0.08726415094339622
336 0.5890625 0.1179245283018868 0.0203125 0.025943396226415096
484 0.6421875 0.19103773584905662 0.046875 0.08254716981132075
296 0.6375 0.11556603773584906 0.0515625 0.0589622641509434
300 0.7078125 0.19103773584905662 0.0625 0.08490566037735849
296 0.7109375 0.11320754716981132 0.0515625 0.0589622641509434
10 0.803125 0.21933962264150944 0.1015625 0.15330188679245282
360 0.875 0.19811320754716982 0.0203125 0.0660377358490566
360 0.89375 0.1957547169811321 0.021875 0.06839622641509434
104 0.109375 0.6533018867924528 0.0625 0.09198113207547169
355 0.1890625 0.6556603773584906 0.0796875 0.08490566037735849
37 0.2140625 0.7594339622641509 0.05625 0.10613207547169812
260 0.2796875 0.6580188679245284 0.06875 0.08726415094339622
336 0.2953125 0.5825471698113207 0.0203125 0.025943396226415096
224 0.3609375 0.6556603773584906 0.06875 0.08254716981132075
410 0.4359375 0.6556603773584906 0.0640625 0.08726415094339622
191 0.4546875 0.7570754716981132 0.0546875 0.10849056603773585
207 0.478125 0.5707547169811321 0.0265625 0.0589622641509434
400 0.5265625 0.6910377358490566 0.0765625 0.1509433962264151
374 0.6015625 0.6580188679245284 0.065625 0.08490566037735849
336 0.61875 0.5825471698113207 0.0203125 0.02830188679245283
180 0.6625 0.6933962264150944 0.0359375 0.16037735849056603
360 0.7 0.660377358490566 0.021875 0.0660377358490566
412 0.7546875 0.6580188679245284 0.0625 0.08490566037735849
300 0.7671875 0.7311320754716981 0.0421875 0.05188679245283019
556 0.8296875 0.6580188679245284 0.0640625 0.08490566037735849