30 0.115625 0.1863799283154122 0.1171875 0.08781362007168458
337 0.2203125 0.18996415770609318 0.0890625 0.08422939068100359
336 0.24375 0.11648745519713262 0.0265625 0.026881720430107527
502 0.325 0.18996415770609318 0.084375 0.08243727598566308
355 0.4296875 0.18996415770609318 0.10625 0.08243727598566308
360 0.5078125 0.1935483870967742 0.0296875 0.06630824372759857
374 0.58125 0.18996415770609318 0.0875 0.08243727598566308
297 0.6609375 0.22401433691756273 0.05 0.15232974910394265
410 0.7375 0.18996415770609318 0.0828125 0.08422939068100359
169 0.746875 0.2616487455197133 0.0640625 0.05017921146953405
556 0.834375 0.18996415770609318 0.084375 0.08243727598566308
336 0.853125 0.11648745519713262 0.025 0.02867383512544803
118 0.0984375 0.6487455197132617 0.090625 0.08422939068100359
484 0.175 0.6505376344086021 0.0625 0.08422939068100359
511 0.2578125 0.6917562724014337 0.0875 0.16666666666666666
520 0.3640625 0.6505376344086021 0.0953125 0.08422939068100359
336 0.3875 0.5770609318996416 0.0265625 0.025089605734767026
360 0.446875 0.6541218637992832 0.028125 0.06272401433691756
360 0.471875 0.6559139784946236 0.0265625 0.06630824372759857