221 0.0765625 0.1493212669683258 0.0484375 0.15384615384615385
118 0.1546875 0.14027149321266968 0.071875 0.083710407239819
224 0.228125 0.14027149321266968 0.0734375 0.08823529411764706
296 0.234375 0.058823529411764705 0.0546875 0.058823529411764705
410 0.3125 0.14027149321266968 0.06875 0.08823529411764706
198 0.3328125 0.24434389140271492 0.0578125 0.10633484162895927
484 0.3890625 0.14027149321266968 0.05 0.08597285067873303
336 0.39375 0.06334841628959276 0.0234375 0.024886877828054297
260 0.4640625 0.14027149321266968 0.0734375 0.08597285067873303
169 0.475 0.2149321266968326 0.05 0.05203619909502263
336 0.484375 0.06334841628959276 0.021875 0.027149321266968326
556 0.553125 0.14027149321266968 0.0671875 0.08597285067873303
337 0.63125 0.14027149321266968 0.0734375 0.08597285067873303
336 0.65 0.06561085972850679 0.021875 0.027149321266968326
224 0.7203125 0.14027149321266968 0.075 0.08597285067873303
297 0.7859375 0.17420814479638008 0.040625 0.15610859728506787
355 0.8546875 0.14027149321266968 0.0828125 0.08597285067873303
224 0.0953125 0.6153846153846154 0.0734375 0.08823529411764706
336 0.1140625 0.5407239819004525 0.0203125 0.029411764705882353
502 0.1828125 0.6153846153846154 0.0703125 0.08597285067873303
392 0.259375 0.6153846153846154 0.065625 0.08597285067873303
242 0.3359375 0.6153846153846154 0.071875 0.083710407239819
374 0.4171875 0.6153846153846154 0.0703125 0.08597285067873303
431 0.5109375 0.6561085972850679 0.0953125 0.16968325791855204
374 0.5890625 0.6153846153846154 0.0734375 0.08597285067873303
336 0.6078125 0.5407239819004525 0.0203125 0.027149321266968326
21 0.6921875 0.6425339366515838 0.10625 0.1583710407239819