318 0.0765625 0.17647058823529413 0.078125 0.08823529411764706
355 0.165625 0.17647058823529413 0.0859375 0.09049773755656108
208 0.2578125 0.17420814479638008 0.084375 0.08823529411764706
484 0.325 0.17420814479638008 0.05 0.08823529411764706
337 0.3953125 0.17420814479638008 0.0734375 0.08823529411764706
556 0.4765625 0.17420814479638008 0.06875 0.08823529411764706
412 0.553125 0.17647058823529413 0.06875 0.09049773755656108
411 0.590625 0.10180995475113122 0.025 0.020361990950226245
297 0.6203125 0.21040723981900453 0.040625 0.15610859728506787
300 0.6796875 0.17420814479638008 0.0671875 0.08597285067873303
465 0.7390625 0.17647058823529413 0.0421875 0.08597285067873303
520 0.809375 0.17420814479638008 0.078125 0.08597285067873303
296 0.81875 0.09502262443438914 0.053125 0.058823529411764705
382 0.90625 0.2081447963800905 0.0890625 0.15610859728506787
411 0.9515625 0.10180995475113122 0.025 0.02262443438914027
520 0.078125 0.6561085972850679 0.0765625 0.08597285067873303
336 0.0984375 0.5769230769230769 0.021875 0.027149321266968326
411 0.128125 0.579185520361991 0.0265625 0.020361990950226245
355 0.178125 0.6538461538461539 0.084375 0.08597285067873303
520 0.2890625 0.6809954751131222 0.115625 0.16063348416289594
360 0.36875 0.6606334841628959 0.025 0.06787330316742081
360 0.3890625 0.6606334841628959 0.0234375 0.06787330316742081
318 0.45 0.6538461538461539 0.0765625 0.09049773755656108
355 0.540625 0.6538461538461539 0.0859375 0.08823529411764706
208 0.6296875 0.6538461538461539 0.0859375 0.08823529411764706
484 0.7 0.6538461538461539 0.0484375 0.08823529411764706