224 0.1140625 0.14925373134328357 0.08125 0.08742004264392324
336 0.1328125 0.07036247334754797 0.025 0.029850746268656716
318 0.209375 0.14712153518123666 0.08125 0.08955223880597014
502 0.296875 0.14712153518123666 0.0765625 0.08955223880597014
360 0.3578125 0.1535181236673774 0.0265625 0.07036247334754797
400 0.428125 0.18336886993603413 0.0875 0.15565031982942432
207 0.4703125 0.057569296375266525 0.03125 0.05970149253731343
260 0.5234375 0.14925373134328357 0.078125 0.08528784648187633
360 0.5828125 0.1535181236673774 0.025 0.06823027718550106
374 0.6484375 0.14712153518123666 0.078125 0.08528784648187633
17 0.7515625 0.17697228144989338 0.1140625 0.15778251599147122
318 0.115625 0.6289978678038379 0.08125 0.08742004264392324
355 0.2125 0.6311300639658849 0.0921875 0.08742004264392324
208 0.3078125 0.6289978678038379 0.0890625 0.08955223880597014
484 0.38125 0.6289978678038379 0.0546875 0.08742004264392324
511 0.4546875 0.673773987206823 0.075 0.17484008528784648
484 0.5328125 0.6311300639658849 0.053125 0.08955223880597014
360 0.584375 0.6375266524520256 0.025 0.06823027718550106
360 0.60625 0.6353944562899787 0.025 0.06823027718550106
118 0.66875 0.6311300639658849 0.0796875 0.08528784648187633
410 0.7453125 0.6289978678038379 0.0703125 0.08955223880597014
170 0.746875 0.7057569296375267 0.05625 0.0511727078891258
412 0.8296875 0.6289978678038379 0.0703125 0.08742004264392324
17 0.93125 0.6588486140724946 0.115625 0.15991471215351813