364 0.10625 0.21888412017167383 0.10625 0.15236051502145923
286 0.2078125 0.21888412017167383 0.0890625 0.15236051502145923
543 0.30625 0.2167381974248927 0.0984375 0.148068669527897
392 0.3953125 0.18454935622317598 0.0671875 0.08583690987124463
199 0.4734375 0.18669527896995708 0.071875 0.08798283261802575
336 0.490625 0.11158798283261803 0.021875 0.02575107296137339
15 0.5796875 0.21244635193133046 0.1125 0.15665236051502146
360 0.6578125 0.19098712446351931 0.025 0.06652360515021459
360 0.6796875 0.19098712446351931 0.0234375 0.06652360515021459
520 0.7453125 0.18669527896995708 0.0828125 0.08583690987124463
374 0.83125 0.18669527896995708 0.0765625 0.08369098712446352
336 0.85 0.11158798283261803 0.021875 0.02575107296137339
411 0.8796875 0.11373390557939914 0.028125 0.019313304721030045
360 0.9 0.1888412017167382 0.0265625 0.06866952789699571
466 0.0921875 0.6502145922746781 0.071875 0.08583690987124463
296 0.096875 0.572961373390558 0.05625 0.055793991416309016
466 0.18125 0.6502145922746781 0.071875 0.08583690987124463
296 0.184375 0.572961373390558 0.05625 0.060085836909871244
22 0.290625 0.6781115879828327 0.1203125 0.15450643776824036
360 0.36875 0.6566523605150214 0.025 0.06652360515021459
564 0.4390625 0.6845493562231759 0.0859375 0.15021459227467812
382 0.53125 0.6845493562231759 0.090625 0.15021459227467812
360 0.5921875 0.6566523605150214 0.025 0.06652360515021459
510 0.6625 0.6845493562231759 0.0875 0.15021459227467812
364 0.7609375 0.6845493562231759 0.1015625 0.15021459227467812
360 0.8296875 0.6587982832618026 0.0234375 0.06652360515021459