374 0.0875 0.14351851851851852 0.0734375 0.09027777777777778
410 0.16875 0.14351851851851852 0.06875 0.09259259259259259
164 0.178125 0.2199074074074074 0.053125 0.05555555555555555
296 0.175 0.0625 0.05625 0.0625
242 0.2546875 0.14351851851851852 0.0734375 0.08564814814814815
14 0.3625 0.1736111111111111 0.121875 0.16435185185185186
360 0.4453125 0.14814814814814814 0.025 0.06944444444444445
360 0.465625 0.14814814814814814 0.0234375 0.07175925925925926
297 0.509375 0.18055555555555555 0.040625 0.16435185185185186
574 0.5796875 0.14351851851851852 0.0828125 0.08796296296296297
410 0.6640625 0.1412037037037037 0.0703125 0.09490740740740741
208 0.746875 0.14351851851851852 0.0859375 0.09027777777777778
374 0.8265625 0.14351851851851852 0.0734375 0.08564814814814815
180 0.8875 0.18287037037037038 0.0375 0.16666666666666666
502 0.0875 0.6365740740740741 0.0703125 0.08796296296296297
336 0.103125 0.5578703703703703 0.021875 0.03009259259259259
337 0.171875 0.6365740740740741 0.0734375 0.09027777777777778
336 0.190625 0.5578703703703703 0.021875 0.03009259259259259
502 0.259375 0.6365740740740741 0.06875 0.09027777777777778
374 0.3390625 0.6365740740740741 0.0734375 0.09027777777777778
180 0.4015625 0.6736111111111112 0.0390625 0.16898148148148148
360 0.4421875 0.6412037037037037 0.025 0.07175925925925926
546 0.5140625 0.6712962962962963 0.09375 0.1574074074074074
374 0.603125 0.6365740740740741 0.0734375 0.08796296296296297
336 0.6203125 0.5578703703703703 0.021875 0.027777777777777776
502 0.6875 0.6365740740740741 0.0703125 0.09027777777777778
297 0.753125 0.6712962962962963 0.0421875 0.16203703703703703
410 0.815625 0.6342592592592593 0.06875 0.09259259259259259