224 0.071875 0.1286031042128603 0.0796875 0.09090909090909091
355 0.16875 0.1286031042128603 0.09375 0.09312638580931264
374 0.265625 0.1286031042128603 0.0796875 0.09312638580931264
179 0.35625 0.1286031042128603 0.0890625 0.09312638580931264
336 0.378125 0.04656319290465632 0.0234375 0.031042128603104215
374 0.4546875 0.1286031042128603 0.0796875 0.09090909090909091
411 0.5 0.050997782705099776 0.0296875 0.024390243902439025
360 0.525 0.13303769401330376 0.025 0.07538802660753881
360 0.5484375 0.13303769401330376 0.0265625 0.07538802660753881
221 0.05 0.656319290465632 0.053125 0.16851441241685144
564 0.14375 0.6807095343680709 0.0890625 0.164079822616408
374 0.234375 0.6452328159645233 0.078125 0.09090909090909091
17 0.3390625 0.6740576496674058 0.115625 0.17073170731707318
360 0.4203125 0.647450110864745 0.025 0.07760532150776053
297 0.4703125 0.6807095343680709 0.046875 0.16851441241685144
224 0.540625 0.6430155210643016 0.08125 0.09534368070953436
465 0.6109375 0.6452328159645233 0.0453125 0.09090909090909091
242 0.6828125 0.6430155210643016 0.078125 0.09312638580931264
179 0.7484375 0.6851441241685144 0.040625 0.17516629711751663
502 0.81875 0.6430155210643016 0.0765625 0.09312638580931264
355 0.9125 0.6452328159645233 0.09375 0.09090909090909091