46 0.09375 0.1705263157894737 0.103125 0.15368421052631578
437 0.19375 0.1705263157894737 0.0890625 0.15578947368421053
411 0.2390625 0.06315789473684211 0.0265625 0.021052631578947368
61 0.2890625 0.1368421052631579 0.08125 0.0863157894736842
336 0.3 0.05894736842105263 0.0234375 0.029473684210526315
286 0.384375 0.1705263157894737 0.0953125 0.15578947368421053
15 0.49375 0.16421052631578947 0.1171875 0.16
360 0.5734375 0.14105263157894737 0.025 0.07157894736842105
224 0.640625 0.1368421052631579 0.078125 0.0863157894736842
336 0.659375 0.061052631578947365 0.025 0.02736842105263158
502 0.7328125 0.1368421052631579 0.075 0.0863157894736842
392 0.815625 0.1368421052631579 0.071875 0.08842105263157894
193 0.8265625 0.21263157894736842 0.0609375 0.05263157894736842
296 0.821875 0.056842105263157895 0.0609375 0.061052631578947365
232 0.91875 0.1705263157894737 0.096875 0.15789473684210525
502 0.0796875 0.6378947368421053 0.075 0.08842105263157894
296 0.0859375 0.56 0.059375 0.061052631578947365
297 0.1546875 0.6736842105263158 0.04375 0.16
355 0.2296875 0.6378947368421053 0.090625 0.08842105263157894
465 0.303125 0.6378947368421053 0.0453125 0.0863157894736842
374 0.3765625 0.64 0.0796875 0.08842105263157894
180 0.440625 0.6778947368421052 0.040625 0.16421052631578947
364 0.525 0.6736842105263158 0.1078125 0.15578947368421053
556 0.621875 0.64 0.0734375 0.0863157894736842
336 0.6375 0.5621052631578948 0.0234375 0.02736842105263158
318 0.7140625 0.64 0.08125 0.08842105263157894
392 0.8 0.64 0.071875 0.09052631578947369
207 0.840625 0.5494736842105263 0.03125 0.06315789473684211
300 0.884375 0.64 0.071875 0.08842105263157894