392 0.09375 0.14408602150537633 0.071875 0.08817204301075268
296 0.096875 0.06236559139784946 0.059375 0.05591397849462366
410 0.18125 0.14408602150537633 0.0734375 0.09032258064516129
411 0.2234375 0.07096774193548387 0.0296875 0.021505376344086023
502 0.2703125 0.14408602150537633 0.075 0.08817204301075268
574 0.3640625 0.14408602150537633 0.0875 0.08817204301075268
296 0.375 0.06236559139784946 0.0609375 0.06236559139784946
392 0.4578125 0.14408602150537633 0.071875 0.09032258064516129
159 0.46875 0.22365591397849463 0.05625 0.05161290322580645
484 0.534375 0.14408602150537633 0.0546875 0.08817204301075268
392 0.6078125 0.14408602150537633 0.0734375 0.09032258064516129
242 0.6921875 0.14408602150537633 0.0796875 0.09032258064516129
374 0.7796875 0.14623655913978495 0.0796875 0.08817204301075268
574 0.8734375 0.14408602150537633 0.090625 0.09032258064516129
411 0.9234375 0.07096774193548387 0.028125 0.023655913978494623
364 0.1109375 0.6731182795698925 0.1078125 0.15913978494623657
410 0.2078125 0.6365591397849463 0.0734375 0.09247311827956989
360 0.26875 0.6430107526881721 0.025 0.07311827956989247
360 0.290625 0.6408602150537634 0.025 0.07096774193548387
564 0.3625 0.6731182795698925 0.090625 0.15913978494623657
374 0.4515625 0.6387096774193548 0.0796875 0.08602150537634409
410 0.5390625 0.6365591397849463 0.071875 0.09032258064516129
208 0.6265625 0.6387096774193548 0.090625 0.08817204301075268
336 0.6421875 0.5591397849462365 0.0234375 0.030107526881720432
410 0.7171875 0.6365591397849463 0.0734375 0.09247311827956989
326 0.8109375 0.6731182795698925 0.0984375 0.15913978494623657