502 0.08125 0.15604395604395604 0.0734375 0.08791208791208792
224 0.165625 0.15604395604395604 0.078125 0.08791208791208792
296 0.171875 0.07692307692307693 0.05625 0.05934065934065934
410 0.253125 0.15604395604395604 0.0703125 0.08791208791208792
169 0.2625 0.23296703296703297 0.053125 0.05274725274725275
336 0.271875 0.07912087912087912 0.021875 0.02857142857142857
410 0.3421875 0.15604395604395604 0.0703125 0.08791208791208792
412 0.4203125 0.15604395604395604 0.0703125 0.08791208791208792
410 0.5 0.15604395604395604 0.0703125 0.08791208791208792
215 0.5046875 0.23516483516483516 0.0640625 0.05274725274725275
224 0.590625 0.15604395604395604 0.0765625 0.08791208791208792
336 0.51875 0.07912087912087912 0.021875 0.02857142857142857
336 0.609375 0.07912087912087912 0.0234375 0.03076923076923077
502 0.68125 0.15604395604395604 0.0734375 0.08791208791208792
437 0.0890625 0.6681318681318681 0.0859375 0.16043956043956045
374 0.1734375 0.6351648351648351 0.075 0.08791208791208792
336 0.190625 0.5582417582417583 0.021875 0.02857142857142857
502 0.2609375 0.6351648351648351 0.071875 0.08571428571428572
193 0.2734375 0.7142857142857143 0.059375 0.05274725274725275
574 0.353125 0.6373626373626373 0.0875 0.08571428571428572
411 0.4 0.5626373626373626 0.0265625 0.02197802197802198
318 0.45 0.6373626373626373 0.0796875 0.08791208791208792
355 0.540625 0.6373626373626373 0.0875 0.08791208791208792
208 0.634375 0.6351648351648351 0.0875 0.08571428571428572
484 0.70625 0.6351648351648351 0.0515625 0.08791208791208792
337 0.778125 0.6351648351648351 0.075 0.08571428571428572
556 0.8640625 0.6351648351648351 0.071875 0.08791208791208792