502 0.090625 0.16475095785440613 0.0796875 0.08237547892720307
582 0.1953125 0.19923371647509577 0.109375 0.14942528735632185
207 0.2484375 0.07854406130268199 0.0328125 0.05747126436781609
360 0.275 0.17049808429118773 0.0265625 0.06513409961685823
232 0.3546875 0.19731800766283525 0.1015625 0.14942528735632185
318 0.453125 0.16666666666666666 0.0875 0.0842911877394636
180 0.5234375 0.20306513409961685 0.04375 0.15708812260536398
360 0.56875 0.1724137931034483 0.025 0.06321839080459771
374 0.6375 0.16475095785440613 0.08125 0.08237547892720307
410 0.7296875 0.16475095785440613 0.0765625 0.08620689655172414
199 0.815625 0.16475095785440613 0.0796875 0.08237547892720307
484 0.8921875 0.16475095785440613 0.0578125 0.08237547892720307
336 0.9 0.09195402298850575 0.0265625 0.028735632183908046
502 0.090625 0.6264367816091954 0.08125 0.08620689655172414
296 0.0953125 0.5478927203065134 0.0609375 0.05747126436781609
300 0.18125 0.6245210727969349 0.0765625 0.0842911877394636
296 0.184375 0.5459770114942529 0.0609375 0.05555555555555555
207 0.228125 0.5383141762452107 0.03125 0.05555555555555555
360 0.2578125 0.6302681992337165 0.0265625 0.06704980842911877
360 0.28125 0.6283524904214559 0.0265625 0.06704980842911877