412 0.0921875 0.1729957805907173 0.071875 0.08649789029535865
411 0.1328125 0.09915611814345991 0.028125 0.02109704641350211
297 0.165625 0.2088607594936709 0.04375 0.1540084388185654
300 0.228125 0.1729957805907173 0.0703125 0.08438818565400844
465 0.290625 0.1729957805907173 0.04375 0.08438818565400844
364 0.3765625 0.20675105485232068 0.10625 0.1540084388185654
318 0.475 0.1729957805907173 0.0828125 0.08649789029535865
502 0.5625 0.1729957805907173 0.075 0.08438818565400844
179 0.65 0.1729957805907173 0.0859375 0.08649789029535865
296 0.659375 0.0949367088607595 0.059375 0.056962025316455694
392 0.7421875 0.1729957805907173 0.071875 0.08649789029535865
21 0.84375 0.20042194092827004 0.115625 0.15611814345991562
360 0.921875 0.17721518987341772 0.025 0.07172995780590717
520 0.1 0.6497890295358649 0.084375 0.08649789029535865
410 0.1875 0.6497890295358649 0.071875 0.08649789029535865
199 0.26875 0.6497890295358649 0.075 0.08649789029535865
355 0.3609375 0.6497890295358649 0.090625 0.08649789029535865
296 0.3734375 0.569620253164557 0.059375 0.05907172995780591
502 0.4578125 0.6518987341772152 0.075 0.08649789029535865
374 0.54375 0.6497890295358649 0.078125 0.08649789029535865
318 0.6328125 0.6497890295358649 0.0828125 0.08649789029535865
410 0.7203125 0.6497890295358649 0.071875 0.08649789029535865
208 0.8078125 0.6497890295358649 0.090625 0.08438818565400844
336 0.8234375 0.5738396624472574 0.025 0.027426160337552744
337 0.896875 0.6497890295358649 0.078125 0.08649789029535865
336 0.91875 0.5738396624472574 0.0234375 0.027426160337552744