556 0.0796875 0.09722222222222222 0.084375 0.09126984126984126
297 0.15625 0.1349206349206349 0.05 0.16468253968253968
318 0.2359375 0.09722222222222222 0.0921875 0.09126984126984126
360 0.309375 0.0992063492063492 0.028125 0.07539682539682539
360 0.3359375 0.0992063492063492 0.028125 0.07738095238095238
221 0.0578125 0.6150793650793651 0.0578125 0.16666666666666666
60 0.15625 0.6091269841269841 0.0953125 0.1111111111111111
411 0.209375 0.5257936507936508 0.0328125 0.021825396825396824
520 0.2703125 0.6031746031746031 0.096875 0.09325396825396826
296 0.2796875 0.5198412698412699 0.0671875 0.061507936507936505
412 0.3734375 0.6011904761904762 0.08125 0.08928571428571429
180 0.44375 0.6448412698412699 0.0453125 0.17261904761904762
326 0.5328125 0.6388888888888888 0.1109375 0.1626984126984127
337 0.6375 0.6031746031746031 0.0890625 0.09126984126984126
336 0.6609375 0.5218253968253969 0.0234375 0.02976190476190476
318 0.746875 0.6031746031746031 0.0921875 0.08928571428571429
17 0.865625 0.6309523809523809 0.1296875 0.16865079365079366