318 0.078125 0.14953271028037382 0.075 0.08644859813084112
355 0.1640625 0.14953271028037382 0.084375 0.08878504672897196
179 0.25 0.14953271028037382 0.0796875 0.08644859813084112
336 0.271875 0.07242990654205607 0.0203125 0.02570093457943925
207 0.2984375 0.06074766355140187 0.028125 0.06074766355140187
360 0.321875 0.15654205607476634 0.0234375 0.07009345794392523
564 0.3875 0.18457943925233644 0.0828125 0.15654205607476634
374 0.46875 0.14953271028037382 0.0703125 0.08878504672897196
431 0.559375 0.18925233644859812 0.09375 0.17523364485981308
374 0.6375 0.14953271028037382 0.071875 0.08644859813084112
336 0.65625 0.07242990654205607 0.021875 0.028037383177570093
21 0.7390625 0.17757009345794392 0.1046875 0.16121495327102803
520 0.0796875 0.6355140186915887 0.0765625 0.08411214953271028
296 0.0890625 0.5560747663551402 0.0546875 0.06074766355140187
392 0.1640625 0.6355140186915887 0.065625 0.08878504672897196
163 0.1796875 0.7406542056074766 0.0640625 0.11214953271028037
411 0.209375 0.5607476635514018 0.025 0.02102803738317757
466 0.2546875 0.6355140186915887 0.0703125 0.08878504672897196
222 0.2578125 0.5560747663551402 0.0203125 0.03271028037383177
355 0.34375 0.6355140186915887 0.0828125 0.08644859813084112
222 0.3546875 0.5560747663551402 0.0203125 0.030373831775700934
336 0.371875 0.5584112149532711 0.0203125 0.02570093457943925
180 0.41875 0.6728971962616822 0.0375 0.1658878504672897
360 0.459375 0.6401869158878505 0.0234375 0.07242990654205607
519 0.5421875 0.6682242990654206 0.1203125 0.16121495327102803
364 0.65625 0.6705607476635514 0.0984375 0.1542056074766355
207 0.7015625 0.544392523364486 0.0296875 0.06074766355140187
360 0.7265625 0.6401869158878505 0.0234375 0.07242990654205607
260 0.7859375 0.6355140186915887 0.071875 0.08644859813084112
222 0.790625 0.5560747663551402 0.021875 0.028037383177570093
336 0.8078125 0.5584112149532711 0.0203125 0.02570093457943925
355 0.8828125 0.6355140186915887 0.0828125 0.08411214953271028
336 0.9046875 0.5584112149532711 0.0203125 0.02570093457943925
207 0.93125 0.544392523364486 0.028125 0.06074766355140187