355 0.10625 0.12658227848101267 0.096875 0.09071729957805907
222 0.11875 0.04430379746835443 0.025 0.029535864978902954
520 0.2140625 0.12869198312236288 0.090625 0.09071729957805907
392 0.3046875 0.12658227848101267 0.0734375 0.09282700421940929
412 0.3171875 0.20675105485232068 0.05625 0.056962025316455694
411 0.353125 0.05063291139240506 0.0296875 0.02531645569620253
297 0.3859375 0.16455696202531644 0.0453125 0.16666666666666666
300 0.4515625 0.12658227848101267 0.075 0.09071729957805907
465 0.51875 0.12658227848101267 0.0484375 0.09071729957805907
318 0.596875 0.12658227848101267 0.0875 0.08860759493670886
355 0.696875 0.12658227848101267 0.0953125 0.09071729957805907
208 0.7984375 0.12658227848101267 0.09375 0.08860759493670886
484 0.875 0.12658227848101267 0.05625 0.09071729957805907
296 0.08125 0.5443037974683544 0.0625 0.06329113924050633
484 0.0859375 0.6265822784810127 0.059375 0.08860759493670886
355 0.1765625 0.6286919831223629 0.0984375 0.09071729957805907
17 0.2921875 0.6582278481012658 0.1203125 0.16666666666666666
360 0.3765625 0.6329113924050633 0.025 0.07172995780590717
360 0.4015625 0.6329113924050633 0.0265625 0.07383966244725738
52 0.48125 0.6624472573839663 0.10625 0.16033755274261605
492 0.575 0.6624472573839663 0.075 0.16455696202531644
297 0.6390625 0.6645569620253164 0.046875 0.16455696202531644
318 0.7140625 0.6286919831223629 0.0875 0.09071729957805907
360 0.7796875 0.6329113924050633 0.0296875 0.07172995780590717
61 0.85 0.6265822784810127 0.0859375 0.09071729957805907
336 0.8609375 0.5464135021097046 0.0234375 0.029535864978902954