118 0.0953125 0.14478764478764478 0.090625 0.09073359073359073
410 0.1828125 0.14285714285714285 0.084375 0.09266409266409266
170 0.1859375 0.22393822393822393 0.065625 0.055984555984555984
336 0.2046875 0.0637065637065637 0.0265625 0.032818532818532815
360 0.2625 0.15057915057915058 0.0296875 0.07335907335907337
400 0.3421875 0.17953667953667954 0.1015625 0.1640926640926641
337 0.4453125 0.14478764478764478 0.090625 0.09073359073359073
336 0.46875 0.0637065637065637 0.0265625 0.03088803088803089
546 0.56875 0.18146718146718147 0.115625 0.16216216216216217
374 0.6765625 0.14285714285714285 0.090625 0.09266409266409266
336 0.696875 0.0637065637065637 0.0265625 0.02895752895752896
502 0.7828125 0.14478764478764478 0.0875 0.0888030888030888
297 0.8625 0.18146718146718147 0.0515625 0.16988416988416988
410 0.940625 0.14478764478764478 0.0859375 0.0945945945945946
374 0.0953125 0.6525096525096525 0.090625 0.09073359073359073
410 0.1953125 0.6505791505791506 0.0828125 0.0945945945945946
199 0.2890625 0.6525096525096525 0.0875 0.09073359073359073
484 0.375 0.6544401544401545 0.065625 0.0945945945945946
336 0.38125 0.5733590733590733 0.0265625 0.03088803088803089
411 0.4171875 0.5752895752895753 0.03125 0.023166023166023165
318 0.4765625 0.6544401544401545 0.096875 0.09266409266409266
260 0.58125 0.6525096525096525 0.09375 0.09073359073359073
336 0.603125 0.5714285714285714 0.0296875 0.03088803088803089
318 0.690625 0.6525096525096525 0.096875 0.09266409266409266
180 0.76875 0.6911196911196911 0.046875 0.17374517374517376
360 0.8203125 0.6563706563706564 0.0296875 0.07528957528957529
360 0.846875 0.6563706563706564 0.0296875 0.07722007722007722