355 0.084375 0.12114014251781473 0.0875 0.09263657957244656
400 0.178125 0.15914489311163896 0.084375 0.166270783847981
502 0.2609375 0.12114014251781473 0.071875 0.09501187648456057
179 0.34375 0.12351543942992874 0.084375 0.09263657957244656
355 0.4359375 0.12351543942992874 0.0875 0.09501187648456057
208 0.5296875 0.12114014251781473 0.0875 0.09501187648456057
484 0.5984375 0.12351543942992874 0.0515625 0.09263657957244656
337 0.671875 0.12351543942992874 0.0765625 0.09263657957244656
556 0.7546875 0.12114014251781473 0.0703125 0.09263657957244656
374 0.8375 0.12114014251781473 0.0765625 0.09501187648456057
411 0.878125 0.04275534441805225 0.0265625 0.023752969121140142
355 0.93125 0.12351543942992874 0.0875 0.09263657957244656
502 0.0765625 0.6389548693586699 0.0734375 0.09501187648456057
355 0.1640625 0.6365795724465558 0.0875 0.09501187648456057
318 0.2578125 0.6365795724465558 0.08125 0.09501187648456057
224 0.34375 0.6389548693586699 0.0765625 0.09501187648456057
260 0.428125 0.6365795724465558 0.075 0.09263657957244656
192 0.4359375 0.7197149643705463 0.06875 0.06175771971496437
296 0.4375 0.5510688836104513 0.0578125 0.06413301662707839
300 0.5078125 0.6365795724465558 0.0640625 0.09501187648456057
374 0.584375 0.6365795724465558 0.0734375 0.09501187648456057
360 0.65 0.6413301662707839 0.0234375 0.07600950118764846
360 0.671875 0.6413301662707839 0.0234375 0.07838479809976247