221 0.075 0.17832957110609482 0.0484375 0.15124153498871332
564 0.1578125 0.20090293453724606 0.0828125 0.1489841986455982
374 0.2375 0.16930022573363432 0.06875 0.0835214446952596
410 0.315625 0.1670428893905192 0.0671875 0.08803611738148984
159 0.325 0.24379232505643342 0.0515625 0.05191873589164785
374 0.3953125 0.16930022573363432 0.071875 0.08577878103837472
336 0.4125 0.09480812641083522 0.021875 0.02708803611738149
392 0.478125 0.16930022573363432 0.065625 0.0835214446952596
296 0.4796875 0.09255079006772009 0.0546875 0.05869074492099323
411 0.6234375 0.09932279909706546 0.028125 0.022573363431151242
297 0.6515625 0.20316027088036118 0.040625 0.15575620767494355
260 0.7140625 0.16930022573363432 0.071875 0.0835214446952596
465 0.775 0.16930022573363432 0.040625 0.0835214446952596
374 0.09375 0.6343115124153499 0.0703125 0.0835214446952596
410 0.171875 0.6343115124153499 0.065625 0.08803611738148984
412 0.1828125 0.708803611738149 0.0484375 0.05191873589164785
260 0.253125 0.6343115124153499 0.071875 0.0835214446952596
296 0.259375 0.5575620767494357 0.053125 0.05869074492099323
300 0.3328125 0.6343115124153499 0.0640625 0.0835214446952596
297 0.39375 0.6704288939051919 0.040625 0.15349887133182843
355 0.4609375 0.6343115124153499 0.0828125 0.08577878103837472
502 0.5453125 0.6343115124153499 0.0671875 0.08577878103837472
411 0.584375 0.5643340857787811 0.025 0.020316027088036117
300 0.6234375 0.636568848758465 0.0640625 0.08577878103837472
207 0.659375 0.5485327313769752 0.028125 0.05869074492099323
437 0.7109375 0.6681715575620768 0.08125 0.15124153498871332
374 0.790625 0.6343115124153499 0.0703125 0.0835214446952596
336 0.80625 0.5620767494356659 0.021875 0.029345372460496615
21 0.890625 0.6613995485327314 0.1046875 0.15349887133182843
446 0.5703125 0.16930022573363432 0.0953125 0.08577878103837472
446 0.853125 0.16930022573363432 0.096875 0.08577878103837472