337 0.09375 0.14523809523809525 0.0703125 0.08571428571428572
556 0.171875 0.14523809523809525 0.065625 0.08571428571428572
360 0.225 0.14761904761904762 0.021875 0.06904761904761905
360 0.24375 0.14761904761904762 0.0234375 0.06904761904761905
118 0.3 0.14285714285714285 0.06875 0.08333333333333333
224 0.3703125 0.14523809523809525 0.0703125 0.08571428571428572
296 0.3765625 0.06428571428571428 0.0515625 0.05714285714285714
410 0.4515625 0.14285714285714285 0.065625 0.0880952380952381
194 0.4625 0.23095238095238096 0.0421875 0.07380952380952381
336 0.46875 0.06904761904761905 0.0203125 0.02857142857142857
411 0.4953125 0.07142857142857142 0.025 0.02142857142857143
308 0.540625 0.17857142857142858 0.0765625 0.1523809523809524
360 0.5953125 0.15 0.0234375 0.07142857142857142
297 0.6375 0.17857142857142858 0.0390625 0.15714285714285714
224 0.6984375 0.14285714285714285 0.0703125 0.0880952380952381
465 0.7578125 0.14285714285714285 0.0390625 0.08571428571428572
242 0.821875 0.14523809523809525 0.06875 0.0880952380952381
179 0.878125 0.18333333333333332 0.034375 0.1619047619047619
297 0.078125 0.6547619047619048 0.040625 0.15714285714285714
224 0.1390625 0.6214285714285714 0.0703125 0.0880952380952381
465 0.2 0.6190476190476191 0.0390625 0.0880952380952381
242 0.2625 0.6214285714285714 0.0671875 0.08571428571428572
180 0.31875 0.6571428571428571 0.0359375 0.1619047619047619
297 0.365625 0.6547619047619048 0.0390625 0.15714285714285714
260 0.4265625 0.6214285714285714 0.06875 0.08571428571428572
465 0.484375 0.6190476190476191 0.0390625 0.08571428571428572
374 0.5484375 0.6214285714285714 0.071875 0.08571428571428572
410 0.6234375 0.6190476190476191 0.065625 0.0880952380952381
296 0.6296875 0.5404761904761904 0.0515625 0.05952380952380952
194 0.6359375 0.7071428571428572 0.0421875 0.07142857142857142
411 0.76875 0.5476190476190477 0.025 0.01904761904761905
446 0.71875 0.6190476190476191 0.09375 0.09047619047619047