502 0.090625 0.15369649805447472 0.084375 0.08949416342412451
411 0.1375 0.07782101167315175 0.0328125 0.023346303501945526
300 0.1875 0.1556420233463035 0.0828125 0.0914396887159533
297 0.2640625 0.19066147859922178 0.053125 0.16342412451361868
484 0.3265625 0.15369649805447472 0.0625 0.08949416342412451
355 0.41875 0.15369649805447472 0.103125 0.0933852140077821
411 0.475 0.07782101167315175 0.0328125 0.02529182879377432
297 0.5109375 0.19066147859922178 0.0515625 0.16342412451361868
300 0.5828125 0.15369649805447472 0.08125 0.0914396887159533
465 0.6546875 0.15369649805447472 0.05 0.08949416342412451
502 0.7328125 0.1556420233463035 0.084375 0.08949416342412451
336 0.7515625 0.07392996108949416 0.0265625 0.0311284046692607
410 0.834375 0.15369649805447472 0.0828125 0.0914396887159533
326 0.940625 0.188715953307393 0.1109375 0.1614785992217899
437 0.0984375 0.6848249027237354 0.1 0.16536964980544747
374 0.1984375 0.6517509727626459 0.0875 0.0933852140077821
336 0.21875 0.5719844357976653 0.025 0.0311284046692607
21 0.321875 0.6809338521400778 0.13125 0.16536964980544747
360 0.4109375 0.6556420233463035 0.03125 0.07587548638132295
392 0.48125 0.6517509727626459 0.08125 0.0914396887159533
242 0.5734375 0.6536964980544747 0.0875 0.0914396887159533
360 0.64375 0.6536964980544747 0.028125 0.07392996108949416
374 0.7171875 0.6517509727626459 0.0875 0.0933852140077821
410 0.815625 0.6517509727626459 0.0828125 0.0933852140077821
165 0.8203125 0.754863813229572 0.1015625 0.10700389105058365
520 0.9296875 0.6517509727626459 0.096875 0.0933852140077821
336 0.840625 0.5719844357976653 0.0296875 0.03501945525291829