412 0.0609375 0.1277533039647577 0.071875 0.0881057268722467
411 0.1 0.05286343612334802 0.028125 0.019823788546255508
297 0.1328125 0.16299559471365638 0.04375 0.16079295154185022
300 0.19375 0.1277533039647577 0.06875 0.09030837004405286
465 0.25625 0.1277533039647577 0.04375 0.09030837004405286
318 0.3296875 0.1277533039647577 0.0828125 0.0881057268722467
355 0.4234375 0.1277533039647577 0.090625 0.0881057268722467
208 0.5203125 0.1277533039647577 0.0875 0.0881057268722467
484 0.5921875 0.1277533039647577 0.05625 0.09030837004405286
337 0.665625 0.1277533039647577 0.078125 0.09030837004405286
556 0.753125 0.1277533039647577 0.0734375 0.09030837004405286
360 0.8109375 0.13215859030837004 0.025 0.07268722466960352
360 0.8328125 0.13215859030837004 0.0265625 0.07268722466960352
556 0.0625 0.6189427312775331 0.0734375 0.0881057268722467
484 0.134375 0.6167400881057269 0.0546875 0.0881057268722467
336 0.140625 0.539647577092511 0.0234375 0.030837004405286344
502 0.2109375 0.6189427312775331 0.075 0.09030837004405286
410 0.2953125 0.6167400881057269 0.075 0.0947136563876652
163 0.3109375 0.724669603524229 0.06875 0.11233480176211454
260 0.3875 0.6167400881057269 0.078125 0.09030837004405286
574 0.4796875 0.6189427312775331 0.0875 0.0881057268722467
337 0.5703125 0.6167400881057269 0.078125 0.09251101321585903
556 0.65625 0.6189427312775331 0.075 0.09251101321585903
318 0.740625 0.6167400881057269 0.0828125 0.09030837004405286
336 0.7625 0.5418502202643172 0.0234375 0.028634361233480177
502 0.8328125 0.6189427312775331 0.075 0.0881057268722467
336 0.85 0.539647577092511 0.025 0.028634361233480177
180 0.9015625 0.6563876651982379 0.040625 0.16740088105726872