221 0.0765625 0.166270783847981 0.0453125 0.15201900237529692
60 0.153125 0.16152019002375298 0.0734375 0.1021377672209026
411 0.1953125 0.0831353919239905 0.025 0.021377672209026127
297 0.2234375 0.19002375296912113 0.0390625 0.1543942992874109
318 0.284375 0.15676959619952494 0.071875 0.0855106888361045
465 0.3453125 0.1543942992874109 0.0390625 0.0855106888361045
392 0.40625 0.15676959619952494 0.0640625 0.08788598574821853
179 0.459375 0.19477434679334918 0.0359375 0.16389548693586697
360 0.496875 0.15914489311163896 0.021875 0.0688836104513064
297 0.540625 0.19002375296912113 0.0390625 0.1543942992874109
261 0.6015625 0.15676959619952494 0.0671875 0.0831353919239905
297 0.6625 0.19239904988123516 0.0390625 0.1543942992874109
556 0.7203125 0.1543942992874109 0.065625 0.0855106888361045
297 0.7796875 0.19002375296912113 0.040625 0.15201900237529692
297 0.846875 0.15676959619952494 0.08125 0.08788598574821853
355 0.1 0.6294536817102138 0.0796875 0.0855106888361045
296 0.1109375 0.5510688836104513 0.0515625 0.057007125890736345
520 0.1921875 0.6294536817102138 0.075 0.0831353919239905
296 0.1984375 0.5510688836104513 0.0515625 0.057007125890736345
400 0.2796875 0.66270783847981 0.0765625 0.15201900237529692
297 0.3421875 0.665083135391924 0.0375 0.15676959619952494
224 0.403125 0.6294536817102138 0.0703125 0.0855106888361045
465 0.4625 0.6294536817102138 0.0390625 0.0855106888361045
297 0.5109375 0.665083135391924 0.0390625 0.1543942992874109
337 0.5703125 0.6294536817102138 0.06875 0.0855106888361045
465 0.63125 0.6294536817102138 0.0390625 0.0855106888361045
297 0.6796875 0.665083135391924 0.0390625 0.1543942992874109
410 0.7390625 0.6294536817102138 0.0640625 0.08788598574821853
360 0.7890625 0.6342042755344418 0.0203125 0.0688836104513064