374 0.0828125 0.1721132897603486 0.0796875 0.08714596949891068
296 0.0875 0.08932461873638345 0.0578125 0.06100217864923747
502 0.171875 0.1721132897603486 0.0734375 0.08714596949891068
215 0.178125 0.25272331154684097 0.065625 0.05664488017429194
484 0.2484375 0.1721132897603486 0.0546875 0.08932461873638345
336 0.2546875 0.09368191721132897 0.0234375 0.030501089324618737
318 0.3296875 0.1721132897603486 0.0828125 0.08714596949891068
392 0.4140625 0.1721132897603486 0.071875 0.08714596949891068
207 0.453125 0.08278867102396514 0.03125 0.058823529411764705
300 0.4984375 0.1721132897603486 0.06875 0.08714596949891068
502 0.5796875 0.1721132897603486 0.075 0.08932461873638345
296 0.584375 0.08932461873638345 0.0578125 0.06100217864923747
392 0.665625 0.1721132897603486 0.0703125 0.08714596949891068
412 0.7453125 0.1721132897603486 0.071875 0.08932461873638345
297 0.8125 0.20915032679738563 0.0453125 0.15904139433551198
520 0.8828125 0.1721132897603486 0.084375 0.08932461873638345
502 0.0796875 0.6601307189542484 0.075 0.08932461873638345
336 0.0984375 0.5816993464052288 0.0234375 0.030501089324618737
337 0.171875 0.6601307189542484 0.078125 0.0915032679738562
336 0.190625 0.5816993464052288 0.021875 0.02832244008714597
297 0.246875 0.6949891067538126 0.04375 0.16122004357298475
224 0.315625 0.6601307189542484 0.0796875 0.0915032679738562
465 0.3828125 0.6601307189542484 0.04375 0.08714596949891068
242 0.4515625 0.6579520697167756 0.0765625 0.08932461873638345
180 0.515625 0.6993464052287581 0.0390625 0.16775599128540306
360 0.559375 0.664488017429194 0.025 0.06971677559912855
360 0.5828125 0.664488017429194 0.0234375 0.06971677559912855