221 0.08125 0.17550274223034734 0.0609375 0.15722120658135283
67 0.184375 0.19744058500914077 0.1046875 0.1590493601462523
297 0.2671875 0.19926873857404023 0.053125 0.1590493601462523
318 0.3484375 0.16453382084095064 0.0984375 0.08775137111517367
465 0.4296875 0.16270566727605118 0.0546875 0.08775137111517367
520 0.51875 0.16453382084095064 0.1 0.08775137111517367
60 0.628125 0.16819012797074953 0.0984375 0.10603290676416818
297 0.7140625 0.19926873857404023 0.053125 0.16087751371115175
392 0.7890625 0.16453382084095064 0.084375 0.08775137111517367
199 0.8859375 0.16270566727605118 0.0859375 0.08957952468007313
207 0.9328125 0.07312614259597806 0.0375 0.062157221206581355
465 0.9671875 0.16453382084095064 0.053125 0.08775137111517367
31 0.103125 0.6489945155393053 0.084375 0.08957952468007313
355 0.209375 0.6489945155393053 0.1078125 0.08957952468007313
374 0.3203125 0.6489945155393053 0.0921875 0.08775137111517367
169 0.334375 0.7257769652650823 0.065625 0.054844606946983544
336 0.3453125 0.5703839122486288 0.028125 0.031078610603290677
318 0.434375 0.6489945155393053 0.096875 0.08775137111517367
474 0.55 0.6837294332723949 0.10625 0.1590493601462523
21 0.6734375 0.6782449725776966 0.1359375 0.16087751371115175
360 0.7671875 0.6526508226691042 0.0265625 0.06946983546617916