556 0.0859375 0.15454545454545454 0.071875 0.08863636363636364
297 0.15 0.19090909090909092 0.0421875 0.16136363636363638
392 0.2109375 0.15454545454545454 0.06875 0.08863636363636364
410 0.2890625 0.15227272727272728 0.06875 0.09090909090909091
215 0.2921875 0.2340909090909091 0.0625 0.056818181818181816
17 0.3875 0.18409090909090908 0.109375 0.16363636363636364
360 0.4625 0.1590909090909091 0.025 0.07272727272727272
360 0.4828125 0.1590909090909091 0.025 0.07272727272727272
20 0.5421875 0.18409090909090908 0.1078125 0.1590909090909091
60 0.64375 0.16136363636363638 0.08125 0.10681818181818181
132 0.7296875 0.16363636363636364 0.0765625 0.10681818181818181
296 0.7359375 0.07272727272727272 0.05625 0.05909090909090909
520 0.821875 0.15454545454545454 0.0796875 0.09090909090909091
520 0.9265625 0.18181818181818182 0.109375 0.16136363636363638
318 0.090625 0.6386363636363637 0.0796875 0.09090909090909091
492 0.16875 0.675 0.065625 0.1590909090909091
21 0.2609375 0.6681818181818182 0.109375 0.16363636363636364
125 0.3578125 0.6840909090909091 0.075 0.175
502 0.434375 0.6409090909090909 0.0703125 0.08863636363636364
296 0.4390625 0.5590909090909091 0.05625 0.06136363636363636
392 0.5171875 0.6409090909090909 0.06875 0.08863636363636364
159 0.525 0.7159090909090909 0.053125 0.05227272727272727
260 0.6015625 0.6409090909090909 0.075 0.08863636363636364
104 0.6796875 0.6363636363636364 0.0671875 0.09545454545454546
412 0.75625 0.6386363636363637 0.06875 0.08863636363636364
17 0.8515625 0.6681818181818182 0.1109375 0.16363636363636364