260 0.0890625 0.16626506024096385 0.071875 0.0891566265060241
296 0.09375 0.08433734939759036 0.053125 0.06265060240963856
412 0.1703125 0.1686746987951807 0.06875 0.09156626506024096
410 0.246875 0.1686746987951807 0.065625 0.09397590361445783
208 0.3265625 0.16626506024096385 0.08125 0.09156626506024096
336 0.340625 0.08674698795180723 0.021875 0.03132530120481928
502 0.40625 0.16626506024096385 0.06875 0.0891566265060241
215 0.4109375 0.24819277108433735 0.0625 0.060240963855421686
296 0.4140625 0.08433734939759036 0.0546875 0.06265060240963856
392 0.490625 0.16626506024096385 0.065625 0.09156626506024096
179 0.5671875 0.16626506024096385 0.078125 0.0891566265060241
336 0.5890625 0.08674698795180723 0.0203125 0.02891566265060241
297 0.640625 0.20481927710843373 0.0390625 0.1614457831325301
392 0.7 0.1686746987951807 0.065625 0.09156626506024096
199 0.7734375 0.16626506024096385 0.06875 0.09156626506024096
207 0.8109375 0.07228915662650602 0.028125 0.060240963855421686
465 0.8390625 0.16626506024096385 0.040625 0.0891566265060241
574 0.9109375 0.1686746987951807 0.0796875 0.0891566265060241
411 0.9546875 0.09156626506024096 0.025 0.021686746987951807
374 0.0875 0.6674698795180722 0.0734375 0.0891566265060241
296 0.09375 0.5855421686746988 0.0515625 0.060240963855421686
412 0.171875 0.6674698795180722 0.0734375 0.0891566265060241
180 0.2375 0.708433734939759 0.0375 0.1686746987951807
520 0.3046875 0.6674698795180722 0.078125 0.0891566265060241
296 0.3140625 0.5831325301204819 0.053125 0.060240963855421686
207 0.3515625 0.5734939759036145 0.028125 0.06265060240963856
336 0.190625 0.5879518072289157 0.0203125 0.02891566265060241
232 0.40625 0.7036144578313253 0.0875 0.1614457831325301
355 0.49375 0.6674698795180722 0.084375 0.09156626506024096
360 0.5578125 0.672289156626506 0.0234375 0.07228915662650602