124 0.0765625 0.17551963048498845 0.0828125 0.16397228637413394
260 0.1609375 0.13856812933025403 0.0765625 0.09468822170900693
207 0.2015625 0.04387990762124711 0.03125 0.06466512702078522
297 0.234375 0.17782909930715934 0.0421875 0.16397228637413394
574 0.30625 0.13856812933025403 0.0859375 0.09237875288683603
465 0.375 0.13856812933025403 0.0421875 0.09006928406466513
297 0.428125 0.17782909930715934 0.0421875 0.16628175519630484
410 0.4921875 0.13856812933025403 0.0703125 0.09237875288683603
465 0.553125 0.13856812933025403 0.04375 0.09006928406466513
392 0.61875 0.13856812933025403 0.0703125 0.09006928406466513
296 0.621875 0.053117782909930716 0.05625 0.06235565819861432
574 0.7125 0.13856812933025403 0.084375 0.09237875288683603
355 0.80625 0.13856812933025403 0.0875 0.09237875288683603
336 0.8296875 0.057736720554272515 0.021875 0.03002309468822171
410 0.9 0.13856812933025403 0.0703125 0.09468822170900693
336 0.9140625 0.057736720554272515 0.0234375 0.03002309468822171
318 0.0765625 0.6420323325635104 0.0796875 0.09237875288683603
207 0.1203125 0.5496535796766744 0.0296875 0.06466512702078522
300 0.1640625 0.6420323325635104 0.06875 0.09237875288683603
297 0.228125 0.6812933025404158 0.04375 0.16628175519630484
355 0.3 0.6443418013856813 0.0875 0.08775981524249422
465 0.3703125 0.6420323325635104 0.04375 0.09237875288683603
297 0.4234375 0.6812933025404158 0.0421875 0.16628175519630484
392 0.4859375 0.6420323325635104 0.06875 0.09237875288683603
465 0.546875 0.6420323325635104 0.04375 0.08775981524249422
260 0.61875 0.6420323325635104 0.0765625 0.09237875288683603
336 0.6359375 0.5635103926096998 0.021875 0.03002309468822171
520 0.7109375 0.6420323325635104 0.0828125 0.09237875288683603
21 0.815625 0.6720554272517321 0.1109375 0.16859122401847576