466 0.0921875 0.15415821501014199 0.078125 0.08924949290060852
412 0.178125 0.15415821501014199 0.0765625 0.0872210953346856
410 0.265625 0.15415821501014199 0.078125 0.09127789046653144
208 0.3578125 0.15415821501014199 0.0953125 0.08924949290060852
296 0.3609375 0.07302231237322515 0.0625 0.06288032454361055
466 0.453125 0.15415821501014199 0.078125 0.08924949290060852
296 0.4578125 0.07505070993914807 0.0625 0.060851926977687626
207 0.5015625 0.06288032454361055 0.034375 0.060851926977687626
520 0.559375 0.15415821501014199 0.0890625 0.08924949290060852
336 0.58125 0.07707910750507099 0.025 0.028397565922920892
260 0.6609375 0.15618661257606492 0.0828125 0.08924949290060852
300 0.746875 0.15415821501014199 0.075 0.0872210953346856
336 0.7625 0.07707910750507099 0.025 0.028397565922920892
411 0.7953125 0.08113590263691683 0.03125 0.02028397565922921
224 0.090625 0.6389452332657201 0.0859375 0.09127789046653144
296 0.0984375 0.5578093306288032 0.0609375 0.060851926977687626
207 0.1421875 0.5496957403651116 0.034375 0.060851926977687626
297 0.178125 0.6754563894523327 0.05 0.16024340770791076
466 0.2515625 0.6389452332657201 0.0796875 0.09127789046653144
465 0.31875 0.6389452332657201 0.0484375 0.08924949290060852
297 0.3765625 0.6754563894523327 0.0484375 0.16227180527383367
520 0.453125 0.6389452332657201 0.0890625 0.0872210953346856
410 0.546875 0.6369168356997972 0.078125 0.08924949290060852
208 0.640625 0.6369168356997972 0.09375 0.08924949290060852
336 0.65625 0.5618661257606491 0.0265625 0.028397565922920892
392 0.7296875 0.6389452332657201 0.075 0.08924949290060852
296 0.734375 0.5598377281947262 0.0625 0.060851926977687626
410 0.821875 0.6369168356997972 0.0765625 0.09127789046653144
187 0.8375 0.718052738336714 0.0484375 0.058823529411764705
260 0.9171875 0.6369168356997972 0.0828125 0.08924949290060852
336 0.9359375 0.5618661257606491 0.0265625 0.028397565922920892