374 0.0859375 0.16150442477876106 0.075 0.08849557522123894
296 0.0921875 0.08185840707964602 0.05625 0.061946902654867256
224 0.1765625 0.16150442477876106 0.0765625 0.08849557522123894
336 0.1953125 0.08628318584070796 0.021875 0.02654867256637168
180 0.24375 0.2013274336283186 0.0390625 0.16592920353982302
520 0.3140625 0.16150442477876106 0.08125 0.08628318584070796
296 0.321875 0.08185840707964602 0.0578125 0.059734513274336286
207 0.3625 0.07079646017699115 0.0296875 0.059734513274336286
337 0.4109375 0.16150442477876106 0.078125 0.08849557522123894
411 0.45625 0.08849557522123894 0.0265625 0.022123893805309734
355 0.509375 0.16371681415929204 0.090625 0.08628318584070796
326 0.6078125 0.19690265486725664 0.0953125 0.15265486725663716
360 0.6734375 0.16592920353982302 0.0234375 0.07079646017699115
360 0.6953125 0.16592920353982302 0.0234375 0.07079646017699115
556 0.084375 0.6415929203539823 0.0703125 0.08628318584070796
355 0.171875 0.6438053097345132 0.0875 0.08628318584070796
336 0.196875 0.5641592920353983 0.0234375 0.02654867256637168
374 0.2671875 0.6415929203539823 0.0765625 0.08628318584070796
296 0.2765625 0.5619469026548672 0.05625 0.05752212389380531
194 0.2828125 0.7278761061946902 0.046875 0.0752212389380531
410 0.3578125 0.6415929203539823 0.06875 0.08849557522123894
296 0.365625 0.5619469026548672 0.05625 0.059734513274336286
215 0.3625 0.7190265486725663 0.0640625 0.05530973451327434
484 0.4359375 0.6415929203539823 0.0546875 0.08849557522123894
336 0.4421875 0.5641592920353983 0.0234375 0.030973451327433628
104 0.5109375 0.6371681415929203 0.06875 0.09734513274336283
296 0.5125 0.5619469026548672 0.0578125 0.061946902654867256
207 0.553125 0.5530973451327433 0.0296875 0.059734513274336286
520 0.60625 0.6438053097345132 0.0828125 0.08849557522123894
410 0.690625 0.6393805309734514 0.0703125 0.09070796460176991
336 0.7046875 0.5641592920353983 0.0234375 0.028761061946902654
318 0.778125 0.6415929203539823 0.0796875 0.08849557522123894
17 0.8796875 0.6703539823008849 0.109375 0.16150442477876106