124 0.10625 0.1930783242258652 0.0984375 0.15300546448087432
260 0.2078125 0.15846994535519127 0.0921875 0.08743169398907104
207 0.2578125 0.0692167577413479 0.0359375 0.058287795992714025
297 0.296875 0.1930783242258652 0.05 0.15846994535519127
574 0.384375 0.15846994535519127 0.1015625 0.08378870673952642
465 0.465625 0.15846994535519127 0.0515625 0.08743169398907104
465 0.5296875 0.19489981785063754 0.0515625 0.15846994535519127
410 0.60625 0.15664845173041894 0.0828125 0.08743169398907104
465 0.6828125 0.15846994535519127 0.0515625 0.08743169398907104
392 0.1 0.6375227686703097 0.0828125 0.08743169398907104
412 0.19375 0.639344262295082 0.0828125 0.08561020036429873
520 0.296875 0.639344262295082 0.096875 0.08925318761384335
355 0.409375 0.639344262295082 0.10625 0.08743169398907104
17 0.5359375 0.668488160291439 0.1359375 0.16029143897996356
360 0.6296875 0.644808743169399 0.028125 0.06739526411657559
484 0.6921875 0.639344262295082 0.0640625 0.08561020036429873
296 0.684375 0.5591985428051002 0.06875 0.060109289617486336
410 0.7828125 0.6375227686703097 0.0828125 0.08925318761384335
164 0.7953125 0.7122040072859745 0.0640625 0.0546448087431694
410 0.8828125 0.6375227686703097 0.0859375 0.08743169398907104