297 0.06875 0.1710794297352342 0.05 0.164969450101833
107 0.14375 0.1629327902240326 0.1109375 0.164969450101833
502 0.2453125 0.13238289205702647 0.08125 0.09164969450101833
336 0.2640625 0.05295315682281059 0.028125 0.03054989816700611
297 0.3265625 0.1710794297352342 0.0484375 0.1670061099796334
260 0.403125 0.13441955193482688 0.0875 0.09164969450101833
410 0.4953125 0.13238289205702647 0.0796875 0.09572301425661914
158 0.5125 0.24439918533604887 0.078125 0.109979633401222
224 0.5984375 0.13238289205702647 0.0890625 0.09572301425661914
336 0.61875 0.05295315682281059 0.0265625 0.032586558044806514
318 0.7015625 0.13238289205702647 0.090625 0.09164969450101833
297 0.78125 0.1710794297352342 0.0484375 0.1670061099796334
410 0.853125 0.13034623217922606 0.0796875 0.09572301425661914
465 0.928125 0.13238289205702647 0.05 0.09164969450101833
215 0.8578125 0.21384928716904278 0.0734375 0.059063136456211814
392 0.0828125 0.6334012219959266 0.078125 0.09164969450101833
299 0.0875 0.5498981670061099 0.065625 0.06109979633401222
318 0.1828125 0.6334012219959266 0.0890625 0.09164969450101833
474 0.290625 0.670061099796334 0.0984375 0.1629327902240326
502 0.384375 0.6334012219959266 0.0828125 0.09164969450101833
364 0.4 0.745417515274949 0.0890625 0.11405295315682282
297 0.46875 0.6720977596741344 0.05 0.1670061099796334
318 0.546875 0.6334012219959266 0.090625 0.09164969450101833
465 0.621875 0.6354378818737271 0.0515625 0.09164969450101833
520 0.703125 0.6354378818737271 0.0921875 0.09164969450101833