318 0.1046875 0.15862068965517243 0.078125 0.0896551724137931
336 0.125 0.08275862068965517 0.021875 0.029885057471264367
297 0.178125 0.19540229885057472 0.04375 0.16091954022988506
392 0.2390625 0.16091954022988506 0.0671875 0.08735632183908046
199 0.3140625 0.16091954022988506 0.0734375 0.0896551724137931
207 0.353125 0.07126436781609195 0.0296875 0.059770114942528735
465 0.38125 0.16091954022988506 0.04375 0.0896551724137931
520 0.453125 0.16091954022988506 0.0796875 0.0896551724137931
355 0.54375 0.16091954022988506 0.0859375 0.0896551724137931
299 0.5609375 0.08045977011494253 0.05625 0.059770114942528735
194 0.565625 0.25057471264367814 0.0453125 0.07586206896551724
318 0.64375 0.16091954022988506 0.0796875 0.09195402298850575
336 0.6625 0.08275862068965517 0.0234375 0.029885057471264367
374 0.7328125 0.16091954022988506 0.075 0.09195402298850575
411 0.7734375 0.08505747126436781 0.0265625 0.022988505747126436
355 0.825 0.16091954022988506 0.0859375 0.0896551724137931
17 0.9265625 0.18850574712643678 0.109375 0.1632183908045977
318 0.1046875 0.6482758620689655 0.078125 0.09195402298850575
392 0.1859375 0.6505747126436782 0.06875 0.0896551724137931
336 0.2046875 0.5724137931034483 0.025 0.029885057471264367
159 0.1953125 0.728735632183908 0.053125 0.052873563218390804
502 0.271875 0.6505747126436782 0.0703125 0.0896551724137931
336 0.2875 0.5724137931034483 0.0234375 0.03218390804597701
392 0.3546875 0.6505747126436782 0.06875 0.0896551724137931
296 0.3578125 0.5678160919540229 0.0546875 0.06206896551724138
564 0.4453125 0.6850574712643678 0.084375 0.16091954022988506
345 0.5359375 0.6850574712643678 0.0890625 0.16091954022988506
260 0.6234375 0.6505747126436782 0.075 0.0896551724137931
192 0.6296875 0.7264367816091954 0.065625 0.05747126436781609
17 0.7234375 0.6781609195402298 0.109375 0.16091954022988506