60 0.0984375 0.15048543689320387 0.071875 0.10194174757281553
232 0.1859375 0.1796116504854369 0.0828125 0.1553398058252427
118 0.2640625 0.14563106796116504 0.06875 0.08737864077669903
484 0.321875 0.14320388349514562 0.0484375 0.08495145631067962
336 0.3265625 0.06796116504854369 0.0203125 0.02912621359223301
360 0.36875 0.14805825242718446 0.021875 0.06796116504854369
502 0.4234375 0.14320388349514562 0.065625 0.08737864077669903
336 0.4390625 0.06796116504854369 0.0203125 0.02669902912621359
411 0.465625 0.07281553398058252 0.0234375 0.021844660194174758
556 0.50625 0.14563106796116504 0.0640625 0.08495145631067962
336 0.51875 0.06796116504854369 0.01875 0.02912621359223301
502 0.5828125 0.14563106796116504 0.0640625 0.08495145631067962
194 0.5953125 0.23300970873786409 0.040625 0.07524271844660194
502 0.659375 0.14563106796116504 0.065625 0.08737864077669903
14 0.75625 0.17233009708737865 0.1125 0.15776699029126215
502 0.0953125 0.6189320388349514 0.065625 0.08737864077669903
392 0.1671875 0.6189320388349514 0.0625 0.08737864077669903
296 0.1734375 0.5412621359223301 0.05 0.05825242718446602
159 0.175 0.6941747572815534 0.046875 0.050970873786407765
15 0.265625 0.6480582524271845 0.1015625 0.15776699029126215
360 0.334375 0.6237864077669902 0.021875 0.0703883495145631
410 0.390625 0.6189320388349514 0.0609375 0.08737864077669903
502 0.4609375 0.6189320388349514 0.0640625 0.08495145631067962
336 0.475 0.5436893203883495 0.0203125 0.02912621359223301
360 0.5171875 0.6237864077669902 0.021875 0.06796116504854369
374 0.575 0.6189320388349514 0.0671875 0.08737864077669903
17 0.6640625 0.6480582524271845 0.0984375 0.15776699029126215