511 0.0953125 0.1984732824427481 0.0859375 0.1736641221374046
502 0.19375 0.15458015267175573 0.084375 0.08778625954198473
296 0.1984375 0.07251908396946564 0.065625 0.061068702290076333
392 0.2921875 0.15458015267175573 0.0796875 0.08969465648854962
159 0.303125 0.23091603053435114 0.0625 0.05343511450381679
260 0.3921875 0.15458015267175573 0.0890625 0.08778625954198473
466 0.490625 0.15458015267175573 0.0828125 0.08778625954198473
412 0.5828125 0.15458015267175573 0.0828125 0.08969465648854962
410 0.675 0.15267175572519084 0.0796875 0.08969465648854962
169 0.684375 0.23091603053435114 0.0625 0.05343511450381679
17 0.7890625 0.183206106870229 0.1296875 0.16030534351145037
297 0.078125 0.6717557251908397 0.05 0.15839694656488548
318 0.15625 0.6374045801526718 0.0921875 0.08778625954198473
297 0.2375 0.6717557251908397 0.05 0.15839694656488548
410 0.3125 0.6354961832061069 0.0828125 0.0916030534351145
207 0.35625 0.5458015267175572 0.0375 0.061068702290076333
300 0.40625 0.6354961832061069 0.08125 0.08778625954198473
336 0.425 0.5610687022900763 0.0265625 0.02862595419847328
360 0.4796875 0.6393129770992366 0.0296875 0.07251908396946564
360 0.5046875 0.6393129770992366 0.028125 0.07442748091603053
67 0.58125 0.6717557251908397 0.0984375 0.15648854961832062
297 0.6609375 0.6717557251908397 0.0484375 0.15839694656488548
318 0.7390625 0.6374045801526718 0.0921875 0.08778625954198473
465 0.815625 0.6335877862595419 0.0515625 0.08778625954198473
520 0.9 0.6374045801526718 0.09375 0.08778625954198473