318 0.1 0.16806722689075632 0.08125 0.0861344537815126
336 0.121875 0.09243697478991597 0.0234375 0.029411764705882353
297 0.1796875 0.20378151260504201 0.0453125 0.15546218487394958
392 0.24375 0.17016806722689076 0.0734375 0.09033613445378151
199 0.325 0.17016806722689076 0.0765625 0.08823529411764706
207 0.3671875 0.07983193277310924 0.03125 0.06092436974789916
465 0.3953125 0.16806722689075632 0.046875 0.0861344537815126
574 0.475 0.17016806722689076 0.0890625 0.0861344537815126
411 0.5234375 0.09663865546218488 0.0296875 0.023109243697478993
318 0.575 0.17016806722689076 0.0828125 0.0861344537815126
355 0.66875 0.16806722689075632 0.0921875 0.0861344537815126
17 0.778125 0.19747899159663865 0.115625 0.15756302521008403
260 0.1 0.6470588235294118 0.078125 0.08823529411764706
336 0.1171875 0.5714285714285714 0.0234375 0.0273109243697479
318 0.19375 0.6470588235294118 0.0828125 0.0861344537815126
474 0.29375 0.680672268907563 0.0890625 0.15546218487394958
21 0.4 0.6743697478991597 0.1140625 0.15756302521008403
360 0.478125 0.6491596638655462 0.025 0.07142857142857142
392 0.5390625 0.6470588235294118 0.071875 0.0861344537815126
296 0.54375 0.5672268907563025 0.0609375 0.06092436974789916
437 0.6359375 0.6785714285714286 0.0890625 0.15756302521008403
492 0.71875 0.680672268907563 0.0703125 0.15336134453781514
520 0.8015625 0.6470588235294118 0.0859375 0.08823529411764706
169 0.81875 0.7226890756302521 0.0546875 0.0546218487394958
336 0.828125 0.5714285714285714 0.021875 0.029411764705882353
318 0.9046875 0.6470588235294118 0.0828125 0.0861344537815126
360 0.9671875 0.6512605042016807 0.025 0.06932773109243698