318 0.1 0.16087751371115175 0.1 0.09140767824497258
520 0.3484375 0.16087751371115175 0.1015625 0.09323583180987204
296 0.359375 0.07678244972577697 0.071875 0.06398537477148081
207 0.409375 0.06764168190127971 0.0359375 0.06398537477148081
224 0.4703125 0.16087751371115175 0.096875 0.09140767824497258
520 0.58125 0.16087751371115175 0.1015625 0.08957952468007313
502 0.6890625 0.16087751371115175 0.09375 0.09323583180987204
199 0.7875 0.16087751371115175 0.0953125 0.09140767824497258
260 0.8921875 0.1590493601462523 0.0953125 0.09323583180987204
297 0.0765625 0.6928702010968921 0.0546875 0.16453382084095064
502 0.15625 0.6563071297989032 0.090625 0.08957952468007313
297 0.240625 0.6928702010968921 0.0546875 0.1663619744058501
355 0.3296875 0.6563071297989032 0.109375 0.08957952468007313
207 0.3921875 0.5630712979890311 0.0390625 0.06398537477148081
215 0.346875 0.7385740402193784 0.08125 0.05850091407678245
465 0.4296875 0.6563071297989032 0.0546875 0.09140767824497258
520 0.5203125 0.6563071297989032 0.103125 0.09140767824497258
296 0.5328125 0.5740402193784278 0.0703125 0.06398537477148081
207 0.5828125 0.5630712979890311 0.040625 0.06398537477148081
520 0.6484375 0.6581352833638026 0.103125 0.09140767824497258
296 0.659375 0.5740402193784278 0.071875 0.0603290676416819
410 0.7609375 0.6544789762340036 0.0875 0.09140767824497258
546 0.778125 0.7659963436928702 0.0890625 0.113345521023766
360 0.84375 0.659963436928702 0.0328125 0.07678244972577697
360 0.871875 0.659963436928702 0.03125 0.07678244972577697
446 0.2234375 0.16087751371115175 0.1234375 0.08957952468007313