124 0.1015625 0.1735985533453888 0.10625 0.16455696202531644
260 0.2109375 0.13743218806509946 0.0984375 0.0922242314647378
207 0.2625 0.0433996383363472 0.0390625 0.0650994575045208
297 0.3046875 0.17540687160940324 0.05625 0.16817359855334538
574 0.3953125 0.13924050632911392 0.109375 0.0922242314647378
465 0.4828125 0.13924050632911392 0.0546875 0.0922242314647378
297 0.55 0.17540687160940324 0.05625 0.16817359855334538
410 0.634375 0.13562386980108498 0.090625 0.09584086799276673
465 0.7125 0.13743218806509946 0.05625 0.09041591320072333
392 0.09375 0.64376130198915 0.0875 0.09403254972875226
296 0.0984375 0.5605786618444847 0.0734375 0.06148282097649186
297 0.184375 0.6799276672694394 0.05625 0.16817359855334538
410 0.2671875 0.64376130198915 0.0921875 0.09403254972875226
164 0.2796875 0.7215189873417721 0.06875 0.05786618444846293
465 0.35 0.64376130198915 0.05625 0.0922242314647378
297 0.41875 0.6817359855334539 0.05625 0.16817359855334538
410 0.5 0.6419529837251357 0.0890625 0.09584086799276673
215 0.50625 0.7269439421338155 0.0828125 0.059674502712477394
465 0.584375 0.64376130198915 0.05625 0.09041591320072333
180 0.64375 0.6853526220614828 0.0515625 0.17540687160940324
355 0.7375 0.64376130198915 0.1125 0.09403254972875226
17 0.8734375 0.6726943942133815 0.140625 0.16998191681735986
360 0.9703125 0.6473779385171791 0.03125 0.0759493670886076