297 0.046875 0.1978021978021978 0.0453125 0.16483516483516483
355 0.121875 0.16263736263736264 0.090625 0.09010989010989011
465 0.1953125 0.16043956043956045 0.0421875 0.09010989010989011
297 0.2484375 0.2 0.046875 0.16483516483516483
392 0.315625 0.16263736263736264 0.0734375 0.09230769230769231
465 0.378125 0.16043956043956045 0.0453125 0.09010989010989011
260 0.45 0.16263736263736264 0.0796875 0.09230769230769231
336 0.46875 0.08351648351648351 0.0234375 0.03076923076923077
520 0.5484375 0.16263736263736264 0.0859375 0.09010989010989011
502 0.6375 0.16043956043956045 0.0765625 0.09010989010989011
169 0.646875 0.23956043956043957 0.05625 0.05714285714285714
300 0.721875 0.16263736263736264 0.071875 0.09010989010989011
336 0.7359375 0.08351648351648351 0.0234375 0.02857142857142857
411 0.7671875 0.08571428571428572 0.0296875 0.024175824175824177
224 0.8171875 0.16263736263736264 0.08125 0.09010989010989011
296 0.8234375 0.07912087912087912 0.059375 0.06373626373626373
364 0.925 0.1978021978021978 0.10625 0.16263736263736264
574 0.06875 0.6593406593406593 0.0875 0.09010989010989011
411 0.1171875 0.5824175824175825 0.028125 0.024175824175824177
260 0.1671875 0.6593406593406593 0.0796875 0.08791208791208792
336 0.1875 0.578021978021978 0.0265625 0.026373626373626374
232 0.26875 0.6945054945054945 0.096875 0.16043956043956045
546 0.371875 0.6945054945054945 0.1 0.16043956043956045
180 0.44375 0.6989010989010989 0.040625 0.17142857142857143
355 0.51875 0.6593406593406593 0.0921875 0.09010989010989011
17 0.628125 0.6879120879120879 0.115625 0.16483516483516483