297 0.0765625 0.18202764976958524 0.04375 0.16589861751152074
318 0.1453125 0.14516129032258066 0.0796875 0.0944700460829493
465 0.2109375 0.14285714285714285 0.04375 0.08986175115207373
297 0.2640625 0.18202764976958524 0.04375 0.16359447004608296
374 0.3296875 0.14516129032258066 0.075 0.08986175115207373
180 0.3921875 0.18663594470046083 0.0390625 0.1728110599078341
318 0.4609375 0.14285714285714285 0.0796875 0.09216589861751152
336 0.48125 0.06451612903225806 0.021875 0.029953917050691243
410 0.55 0.14285714285714285 0.0703125 0.09216589861751152
178 0.5671875 0.2534562211981567 0.06875 0.1175115207373272
502 0.6390625 0.14516129032258066 0.0734375 0.08986175115207373
543 0.6453125 0.2488479262672811 0.0875 0.10599078341013825
336 0.6625 0.06451612903225806 0.0234375 0.03225806451612903
502 0.7328125 0.14516129032258066 0.0734375 0.08986175115207373
318 0.81875 0.14285714285714285 0.0796875 0.08986175115207373
22 0.9265625 0.17511520737327188 0.1203125 0.16820276497695852
318 0.0953125 0.6497695852534562 0.0796875 0.09216589861751152
336 0.1140625 0.5691244239631337 0.021875 0.029953917050691243
410 0.1859375 0.6474654377880185 0.0703125 0.09216589861751152
336 0.2 0.5691244239631337 0.0234375 0.03225806451612903
392 0.2671875 0.6474654377880185 0.0703125 0.08986175115207373
502 0.346875 0.6474654377880185 0.071875 0.09216589861751152
336 0.3640625 0.5691244239631337 0.025 0.029953917050691243
180 0.4140625 0.6889400921658986 0.0390625 0.1728110599078341
318 0.4828125 0.6497695852534562 0.0796875 0.08986175115207373
336 0.5015625 0.5691244239631337 0.0234375 0.027649769585253458
297 0.55625 0.684331797235023 0.04375 0.16359447004608296
392 0.6203125 0.6474654377880185 0.0703125 0.08986175115207373
199 0.6984375 0.6497695852534562 0.071875 0.09216589861751152
207 0.7375 0.5552995391705069 0.0328125 0.06451612903225806
465 0.765625 0.6497695852534562 0.04375 0.08986175115207373
360 0.8125 0.652073732718894 0.025 0.07142857142857142
360 0.8328125 0.652073732718894 0.025 0.07373271889400922