260 0.0828125 0.17002237136465326 0.075 0.0894854586129754
296 0.0890625 0.0894854586129754 0.05625 0.06040268456375839
412 0.1671875 0.17002237136465326 0.0671875 0.0894854586129754
410 0.246875 0.17002237136465326 0.0703125 0.09172259507829977
199 0.3234375 0.17002237136465326 0.0703125 0.087248322147651
299 0.328125 0.0894854586129754 0.05625 0.06040268456375839
318 0.4109375 0.17002237136465326 0.0796875 0.087248322147651
474 0.5046875 0.203579418344519 0.0859375 0.15659955257270694
502 0.5875 0.17002237136465326 0.071875 0.087248322147651
410 0.6671875 0.16778523489932887 0.0703125 0.0894854586129754
364 0.678125 0.2751677852348993 0.0765625 0.10961968680089486
297 0.7390625 0.2058165548098434 0.04375 0.15883668903803133
318 0.8078125 0.17002237136465326 0.078125 0.087248322147651
465 0.871875 0.16778523489932887 0.04375 0.08501118568232663
520 0.94375 0.17002237136465326 0.0796875 0.08501118568232663
360 0.059375 0.6532438478747203 0.025 0.07158836689038031
360 0.08125 0.6532438478747203 0.0234375 0.07158836689038031
466 0.1421875 0.6487695749440716 0.0703125 0.087248322147651
296 0.146875 0.5682326621923938 0.05625 0.06263982102908278
392 0.225 0.6487695749440716 0.06875 0.087248322147651
296 0.228125 0.5704697986577181 0.0546875 0.06040268456375839
484 0.2984375 0.6510067114093959 0.053125 0.0894854586129754
336 0.3046875 0.5727069351230425 0.021875 0.029082774049217
410 0.3734375 0.6487695749440716 0.06875 0.0894854586129754
215 0.3765625 0.727069351230425 0.0640625 0.05592841163310962
180 0.4359375 0.6868008948545862 0.0390625 0.16554809843400448
318 0.503125 0.6487695749440716 0.078125 0.0894854586129754
355 0.59375 0.6487695749440716 0.0859375 0.08501118568232663
17 0.696875 0.6778523489932886 0.109375 0.15883668903803133