392 0.0828125 0.13366336633663367 0.0640625 0.09158415841584158
296 0.0859375 0.04950495049504951 0.053125 0.06188118811881188
392 0.1609375 0.1311881188118812 0.0640625 0.09158415841584158
296 0.1671875 0.04950495049504951 0.053125 0.06188118811881188
159 0.16875 0.21287128712871287 0.05 0.054455445544554455
484 0.2328125 0.13366336633663367 0.05 0.09405940594059406
336 0.2390625 0.054455445544554455 0.021875 0.0297029702970297
355 0.3109375 0.1311881188118812 0.08125 0.09405940594059406
410 0.39375 0.13366336633663367 0.065625 0.09405940594059406
179 0.4703125 0.13366336633663367 0.0765625 0.09158415841584158
355 0.5578125 0.13366336633663367 0.0828125 0.09158415841584158
194 0.578125 0.22524752475247525 0.04375 0.07673267326732673
296 0.571875 0.04950495049504951 0.0515625 0.06188118811881188
412 0.646875 0.13366336633663367 0.065625 0.09405940594059406
336 0.6609375 0.05198019801980198 0.021875 0.0297029702970297
297 0.7125 0.1707920792079208 0.0421875 0.16831683168316833
392 0.7703125 0.13366336633663367 0.0640625 0.09158415841584158
199 0.84375 0.13366336633663367 0.0671875 0.09158415841584158
465 0.90625 0.13366336633663367 0.0421875 0.08663366336633663
207 0.8796875 0.039603960396039604 0.028125 0.06435643564356436
355 0.0921875 0.6361386138613861 0.08125 0.09158415841584158
296 0.103125 0.551980198019802 0.053125 0.06188118811881188
466 0.18125 0.6361386138613861 0.065625 0.09158415841584158
260 0.259375 0.6361386138613861 0.0703125 0.09158415841584158
318 0.3390625 0.6386138613861386 0.075 0.09405940594059406
336 0.3578125 0.5594059405940595 0.0203125 0.0297029702970297
410 0.421875 0.6361386138613861 0.065625 0.09405940594059406
178 0.4375 0.745049504950495 0.0640625 0.11633663366336634
502 0.5046875 0.6361386138613861 0.06875 0.09158415841584158
543 0.5125 0.7400990099009901 0.08125 0.10643564356435643
520 0.5984375 0.6386138613861386 0.0765625 0.09158415841584158
410 0.6765625 0.6361386138613861 0.065625 0.09405940594059406
336 0.528125 0.556930693069307 0.021875 0.03217821782178218
199 0.75 0.6361386138613861 0.0703125 0.09158415841584158