466 0.1046875 0.1417624521072797 0.0828125 0.09195402298850575
296 0.1109375 0.05747126436781609 0.065625 0.05938697318007663
207 0.1578125 0.04789272030651341 0.034375 0.06513409961685823
382 0.221875 0.17624521072796934 0.1078125 0.15708812260536398
374 0.325 0.13984674329501914 0.0890625 0.09003831417624521
300 0.4171875 0.13984674329501914 0.08125 0.09003831417624521
336 0.434375 0.06130268199233716 0.028125 0.028735632183908046
392 0.5140625 0.13984674329501914 0.0828125 0.09003831417624521
296 0.515625 0.05938697318007663 0.0671875 0.06130268199233716
374 0.6140625 0.1417624521072797 0.090625 0.09003831417624521
382 0.721875 0.1743295019157088 0.1078125 0.16091954022988506
318 0.8265625 0.1417624521072797 0.0953125 0.09003831417624521
336 0.85 0.06130268199233716 0.0265625 0.028735632183908046
466 0.1046875 0.6283524904214559 0.084375 0.08812260536398467
296 0.1109375 0.5478927203065134 0.065625 0.05938697318007663
484 0.19375 0.6283524904214559 0.0625 0.08812260536398467
410 0.275 0.6264367816091954 0.0828125 0.09195402298850575
215 0.28125 0.7088122605363985 0.075 0.05747126436781609
484 0.3609375 0.6283524904214559 0.0625 0.09003831417624521
466 0.4484375 0.6264367816091954 0.0859375 0.09003831417624521
484 0.5296875 0.6283524904214559 0.0625 0.08812260536398467
466 0.615625 0.6283524904214559 0.0859375 0.09003831417624521
296 0.6203125 0.5478927203065134 0.06875 0.06321839080459771
392 0.7140625 0.6264367816091954 0.08125 0.09003831417624521
296 0.7171875 0.5459770114942529 0.0671875 0.05938697318007663
300 0.809375 0.6283524904214559 0.08125 0.09003831417624521
411 0.8546875 0.553639846743295 0.0328125 0.02490421455938697