364 0.09375 0.17536534446764093 0.1125 0.162839248434238
297 0.1796875 0.17954070981210857 0.0484375 0.16701461377870563
318 0.2546875 0.1419624217118998 0.0890625 0.0918580375782881
465 0.328125 0.1419624217118998 0.0484375 0.09603340292275574
520 0.4078125 0.13987473903966596 0.0890625 0.0918580375782881
360 0.478125 0.14613778705636743 0.028125 0.07515657620041753
360 0.503125 0.14613778705636743 0.028125 0.07306889352818371
132 0.5703125 0.15031315240083507 0.0859375 0.11064718162839249
466 0.6671875 0.1419624217118998 0.078125 0.09394572025052192
336 0.6828125 0.06263048016701461 0.025 0.029227557411273485
318 0.7640625 0.13987473903966596 0.0890625 0.09394572025052192
336 0.7859375 0.060542797494780795 0.0265625 0.031315240083507306
318 0.86875 0.1419624217118998 0.0890625 0.08977035490605428
520 0.0828125 0.6450939457202505 0.090625 0.0918580375782881
355 0.1875 0.6430062630480167 0.0953125 0.0918580375782881
296 0.203125 0.5594989561586639 0.065625 0.06471816283924843
194 0.209375 0.7369519832985386 0.053125 0.07724425887265135
296 0.328125 0.5594989561586639 0.0625 0.06471816283924843
232 0.4296875 0.6784968684759917 0.1015625 0.162839248434238
520 0.53125 0.6450939457202505 0.090625 0.09394572025052192
208 0.63125 0.6430062630480167 0.096875 0.0918580375782881
336 0.6484375 0.5636743215031316 0.0265625 0.031315240083507306
318 0.728125 0.6430062630480167 0.0890625 0.0918580375782881
466 0.825 0.6450939457202505 0.0796875 0.0918580375782881
446 0.3078125 0.6450939457202505 0.1109375 0.09394572025052192