318 0.075 0.12468827930174564 0.071875 0.08977556109725686
574 0.1578125 0.12468827930174564 0.0765625 0.08728179551122195
297 0.2234375 0.1596009975062344 0.0375 0.1596009975062344
392 0.278125 0.12468827930174564 0.0609375 0.08977556109725686
300 0.290625 0.20448877805486285 0.0421875 0.05486284289276808
465 0.3375 0.12468827930174564 0.040625 0.08478802992518704
297 0.3859375 0.16209476309226933 0.0390625 0.16209476309226933
484 0.434375 0.12219451371571072 0.0484375 0.08977556109725686
411 0.4625 0.04987531172069826 0.028125 0.022443890274314215
360 0.4828125 0.12718204488778054 0.021875 0.06982543640897755
411 0.503125 0.12718204488778054 0.021875 0.06982543640897755
556 0.5578125 0.12468827930174564 0.0640625 0.08728179551122195
296 0.5609375 0.04239401496259352 0.0515625 0.059850374064837904
412 0.6328125 0.12468827930174564 0.0625 0.08977556109725686
336 0.646875 0.04488778054862843 0.0203125 0.029925187032418952
318 0.7125 0.12468827930174564 0.071875 0.08977556109725686
336 0.73125 0.04488778054862843 0.0203125 0.029925187032418952
364 0.8078125 0.1596009975062344 0.09375 0.1596009975062344
360 0.86875 0.12967581047381546 0.021875 0.07231920199501247
355 0.078125 0.6134663341645885 0.078125 0.08977556109725686
297 0.1453125 0.6508728179551122 0.0390625 0.16209476309226933
224 0.20625 0.6159600997506235 0.0703125 0.08728179551122195
180 0.2625 0.655860349127182 0.0359375 0.16458852867830423
502 0.321875 0.6159600997506235 0.0671875 0.08977556109725686
296 0.325 0.5336658354114713 0.0515625 0.06234413965087282
410 0.3984375 0.6159600997506235 0.0625 0.08977556109725686
296 0.4015625 0.5336658354114713 0.0515625 0.059850374064837904
411 0.4390625 0.5411471321695761 0.0234375 0.022443890274314215
411 0.4578125 0.6209476309226932 0.021875 0.07231920199501247
392 0.5125 0.6159600997506235 0.0640625 0.08977556109725686
412 0.5828125 0.6159600997506235 0.0625 0.09226932668329177
410 0.6546875 0.6134663341645885 0.0625 0.09226932668329177
159 0.6625 0.6932668329177057 0.0484375 0.05236907730673317
484 0.7203125 0.6159600997506235 0.0484375 0.08728179551122195
296 0.715625 0.5336658354114713 0.0515625 0.059850374064837904
411 0.753125 0.5411471321695761 0.0234375 0.022443890274314215