221 0.1046875 0.14342629482071714 0.0578125 0.18725099601593626
45 0.19375 0.13147410358565736 0.0734375 0.08764940239043825
510 0.29375 0.16733067729083664 0.1015625 0.16135458167330677
355 0.4 0.13346613545816732 0.1 0.09362549800796813
336 0.4328125 0.05179282868525897 0.025 0.029880478087649404
169 0.4203125 0.21115537848605578 0.0609375 0.055776892430278883
410 0.5125 0.1294820717131474 0.08125 0.09561752988047809
296 0.6109375 0.04780876494023904 0.065625 0.061752988047808766
502 0.6046875 0.13147410358565736 0.084375 0.08964143426294821
546 0.71875 0.1693227091633466 0.1125 0.1593625498007968
360 0.7953125 0.13545816733067728 0.0296875 0.07370517928286853
30 0.1359375 0.6215139442231076 0.1171875 0.099601593625498
410 0.2359375 0.6235059760956175 0.0796875 0.09362549800796813
466 0.33125 0.6254980079681275 0.0828125 0.08964143426294821
296 0.3359375 0.5418326693227091 0.065625 0.06374501992031872
520 0.4375 0.6254980079681275 0.0953125 0.08964143426294821
410 0.5359375 0.6235059760956175 0.08125 0.09163346613545817
336 0.553125 0.545816733067729 0.028125 0.029880478087649404
337 0.6359375 0.6254980079681275 0.0890625 0.09362549800796813
296 0.64375 0.5418326693227091 0.065625 0.061752988047808766
410 0.7390625 0.6235059760956175 0.08125 0.09362549800796813
296 0.7421875 0.5418326693227091 0.0671875 0.06374501992031872
296 0.8375 0.5398406374501992 0.065625 0.061752988047808766
412 0.834375 0.6254980079681275 0.08125 0.09163346613545817