297 0.06875 0.16747572815533981 0.0390625 0.16262135922330098
318 0.13125 0.12864077669902912 0.075 0.08980582524271845
465 0.19375 0.12864077669902912 0.040625 0.08980582524271845
484 0.2484375 0.12864077669902912 0.0484375 0.08980582524271845
411 0.2765625 0.055825242718446605 0.025 0.021844660194174758
297 0.3046875 0.16747572815533981 0.040625 0.16262135922330098
318 0.36875 0.13106796116504854 0.075 0.08980582524271845
465 0.4296875 0.12864077669902912 0.040625 0.08980582524271845
484 0.484375 0.13106796116504854 0.0484375 0.08737864077669903
411 0.5125 0.05339805825242718 0.025 0.024271844660194174
318 0.5578125 0.12864077669902912 0.0734375 0.08737864077669903
336 0.5765625 0.050970873786407765 0.0203125 0.02912621359223301
546 0.6546875 0.1650485436893204 0.090625 0.16019417475728157
360 0.7171875 0.13349514563106796 0.021875 0.07524271844660194
360 0.7375 0.13106796116504854 0.021875 0.07524271844660194
45 0.08125 0.6213592233009708 0.0609375 0.08980582524271845
411 0.11875 0.5485436893203883 0.025 0.021844660194174758
300 0.15625 0.6213592233009708 0.0640625 0.08737864077669903
355 0.2375 0.6237864077669902 0.0828125 0.08980582524271845
184 0.3296875 0.6577669902912622 0.0921875 0.15776699029126215
502 0.4140625 0.6237864077669902 0.0671875 0.08980582524271845
180 0.46875 0.662621359223301 0.0359375 0.16990291262135923
318 0.5328125 0.6237864077669902 0.075 0.08980582524271845
260 0.615625 0.6237864077669902 0.0703125 0.08737864077669903
466 0.69375 0.6237864077669902 0.0671875 0.08980582524271845
336 0.709375 0.5436893203883495 0.021875 0.03155339805825243
318 0.778125 0.6237864077669902 0.075 0.08737864077669903
14 0.8796875 0.6504854368932039 0.1171875 0.1650485436893204