520 0.0875 0.16511627906976745 0.0796875 0.08837209302325581
296 0.096875 0.08139534883720931 0.0546875 0.06046511627906977
207 0.1359375 0.07209302325581396 0.0296875 0.06511627906976744
520 0.1859375 0.16511627906976745 0.078125 0.08837209302325581
296 0.19375 0.08139534883720931 0.0546875 0.06046511627906977
410 0.2734375 0.16046511627906976 0.0671875 0.09069767441860466
546 0.2875 0.26976744186046514 0.06875 0.11162790697674418
574 0.365625 0.16511627906976745 0.08125 0.08837209302325581
411 0.4109375 0.08837209302325581 0.025 0.023255813953488372
260 0.45625 0.16279069767441862 0.0734375 0.09069767441860466
336 0.4734375 0.08604651162790698 0.021875 0.030232558139534883
355 0.546875 0.16279069767441862 0.0859375 0.09069767441860466
502 0.6328125 0.16279069767441862 0.0703125 0.08837209302325581
336 0.65 0.08604651162790698 0.021875 0.030232558139534883
180 0.696875 0.20232558139534884 0.0390625 0.16744186046511628
364 0.096875 0.686046511627907 0.1 0.15813953488372093
297 0.171875 0.6906976744186046 0.040625 0.16046511627906976
318 0.2359375 0.6534883720930232 0.0765625 0.08837209302325581
465 0.3 0.6534883720930232 0.0421875 0.08837209302325581
520 0.3703125 0.6534883720930232 0.078125 0.08837209302325581
360 0.43125 0.6558139534883721 0.0234375 0.07441860465116279
355 0.4984375 0.6534883720930232 0.0859375 0.08837209302325581
296 0.509375 0.5720930232558139 0.0546875 0.06046511627906977
400 0.59375 0.686046511627907 0.08125 0.15813953488372093
260 0.6765625 0.6534883720930232 0.071875 0.08837209302325581
336 0.69375 0.5720930232558139 0.0234375 0.030232558139534883
318 0.7640625 0.6511627906976745 0.078125 0.09069767441860466
17 0.8609375 0.6813953488372093 0.10625 0.16279069767441862