260 0.09375 0.15021459227467812 0.08125 0.09227467811158799
336 0.1109375 0.07081545064377683 0.025 0.030042918454935622
318 0.190625 0.15021459227467812 0.084375 0.09012875536480687
574 0.2875 0.15021459227467812 0.0890625 0.09012875536480687
411 0.3375 0.07510729613733906 0.028125 0.023605150214592276
412 0.384375 0.148068669527897 0.075 0.09227467811158799
546 0.4828125 0.18454935622317598 0.103125 0.1609442060085837
207 0.5328125 0.055793991416309016 0.0328125 0.06437768240343347
345 0.59375 0.18454935622317598 0.0984375 0.1630901287553648
392 0.684375 0.15021459227467812 0.0734375 0.09227467811158799
193 0.69375 0.2296137339055794 0.0625 0.055793991416309016
180 0.7515625 0.1888412017167382 0.0421875 0.17167381974248927
360 0.9109375 0.15236051502145923 0.028125 0.07510729613733906
260 0.09375 0.648068669527897 0.0828125 0.09227467811158799
336 0.1125 0.5686695278969958 0.025 0.032188841201716736
318 0.190625 0.648068669527897 0.0859375 0.09012875536480687
574 0.2875 0.648068669527897 0.090625 0.09012875536480687
411 0.3375 0.5708154506437768 0.0296875 0.02145922746781116
260 0.3890625 0.648068669527897 0.08125 0.09012875536480687
336 0.40625 0.5686695278969958 0.025 0.030042918454935622
355 0.4890625 0.6459227467811158 0.09375 0.09012875536480687
502 0.584375 0.6459227467811158 0.078125 0.09012875536480687
336 0.6015625 0.5686695278969958 0.0234375 0.030042918454935622
180 0.6546875 0.6866952789699571 0.04375 0.17167381974248927
318 0.7265625 0.648068669527897 0.084375 0.09227467811158799
14 0.8453125 0.6759656652360515 0.134375 0.16738197424892703
446 0.8359375 0.15021459227467812 0.1078125 0.09012875536480687