364 0.1046875 0.17136150234741784 0.1 0.1619718309859155
222 0.11875 0.056338028169014086 0.021875 0.03051643192488263
510 0.20625 0.17370892018779344 0.0859375 0.1619718309859155
21 0.30625 0.16666666666666666 0.1078125 0.1643192488262911
360 0.38125 0.14084507042253522 0.0265625 0.07276995305164319
360 0.4015625 0.14084507042253522 0.025 0.07511737089201878
392 0.4578125 0.13615023474178403 0.065625 0.0892018779342723
296 0.4609375 0.0539906103286385 0.05625 0.06338028169014084
437 0.5484375 0.16901408450704225 0.0828125 0.1643192488262911
492 0.625 0.17136150234741784 0.065625 0.1619718309859155
520 0.7015625 0.13615023474178403 0.0796875 0.09389671361502347
147 0.78125 0.13380281690140844 0.0734375 0.09624413145539906
14 0.8859375 0.16666666666666666 0.121875 0.1643192488262911
297 0.075 0.6713615023474179 0.0421875 0.1643192488262911
107 0.1390625 0.6619718309859155 0.0921875 0.1643192488262911
502 0.228125 0.6338028169014085 0.0703125 0.0892018779342723
336 0.24375 0.5539906103286385 0.0234375 0.03051643192488263
297 0.296875 0.6690140845070423 0.0421875 0.1643192488262911
260 0.3625 0.6338028169014085 0.0734375 0.09154929577464789
410 0.440625 0.6338028169014085 0.06875 0.09624413145539906
179 0.51875 0.6338028169014085 0.0796875 0.09154929577464789
336 0.540625 0.5539906103286385 0.021875 0.03051643192488263
546 0.6203125 0.6666666666666666 0.0953125 0.1596244131455399
520 0.7125 0.6338028169014085 0.078125 0.0892018779342723
336 0.7328125 0.5539906103286385 0.021875 0.03051643192488263
260 0.803125 0.6338028169014085 0.075 0.0892018779342723
14 0.9078125 0.6619718309859155 0.121875 0.1643192488262911