318 0.0796875 0.14285714285714285 0.0890625 0.08979591836734693
260 0.1765625 0.14285714285714285 0.084375 0.08979591836734693
336 0.1953125 0.0653061224489796 0.025 0.030612244897959183
15 0.29375 0.17142857142857143 0.125 0.16326530612244897
360 0.378125 0.1469387755102041 0.0265625 0.07346938775510205
326 0.45625 0.17755102040816326 0.1046875 0.15714285714285714
337 0.5546875 0.14285714285714285 0.0828125 0.08979591836734693
207 0.6015625 0.053061224489795916 0.034375 0.061224489795918366
124 0.08125 0.6632653061224489 0.090625 0.15714285714285714
260 0.1734375 0.6285714285714286 0.0828125 0.08775510204081632
207 0.215625 0.5387755102040817 0.034375 0.06326530612244897
297 0.253125 0.6673469387755102 0.046875 0.15918367346938775
574 0.33125 0.6285714285714286 0.09375 0.08979591836734693
465 0.40625 0.6265306122448979 0.0484375 0.08571428571428572
297 0.4640625 0.6653061224489796 0.0484375 0.16122448979591836
410 0.534375 0.6285714285714286 0.0765625 0.09387755102040816
465 0.6 0.6285714285714286 0.05 0.08775510204081632
260 0.678125 0.6285714285714286 0.0828125 0.08775510204081632
374 0.76875 0.6285714285714286 0.0828125 0.08979591836734693
16 0.8765625 0.6571428571428571 0.121875 0.16122448979591836