355 0.103125 0.16772823779193205 0.090625 0.0870488322717622
296 0.115625 0.0870488322717622 0.059375 0.06157112526539278
520 0.20625 0.16772823779193205 0.084375 0.08917197452229299
296 0.215625 0.0870488322717622 0.059375 0.06157112526539278
484 0.290625 0.16772823779193205 0.0546875 0.08492569002123142
412 0.3609375 0.16772823779193205 0.0734375 0.0870488322717622
410 0.44375 0.16772823779193205 0.071875 0.08917197452229299
215 0.446875 0.24628450106157113 0.0671875 0.05732484076433121
296 0.45 0.08917197452229299 0.059375 0.06157112526539278
207 0.4921875 0.07855626326963906 0.0328125 0.06369426751592357
546 0.5546875 0.20169851380042464 0.1 0.15498938428874734
374 0.6484375 0.16772823779193205 0.078125 0.0870488322717622
336 0.6671875 0.09129511677282377 0.0234375 0.029723991507430998
21 0.759375 0.19745222929936307 0.1171875 0.1592356687898089
360 0.8375 0.1740976645435244 0.0265625 0.07218683651804671
345 0.1046875 0.6815286624203821 0.0953125 0.15498938428874734
392 0.19375 0.6496815286624203 0.071875 0.08917197452229299
179 0.278125 0.6475583864118896 0.0859375 0.08917197452229299
22 0.390625 0.6772823779193206 0.1234375 0.1592356687898089
360 0.475 0.6518046709129511 0.025 0.07218683651804671
300 0.528125 0.6475583864118896 0.0640625 0.0870488322717622
300 0.6015625 0.6475583864118896 0.0671875 0.08917197452229299
30 0.7015625 0.6454352441613588 0.1046875 0.09766454352441614
466 0.79375 0.6475583864118896 0.0765625 0.0870488322717622
484 0.8125 0.7261146496815286 0.0390625 0.05732484076433121
336 0.8140625 0.5732484076433121 0.025 0.029723991507430998
15 0.9078125 0.6772823779193206 0.11875 0.1613588110403397