26 0.2368839427662957 0.128125 0.05564387917329094 0.0890625
28 0.4642289348171701 0.1375 0.09062003179650238 0.1109375
360 0.5564387917329093 0.1375 0.034976152623211444 0.071875
360 0.5882352941176471 0.1375 0.03815580286168521 0.0734375
61 0.14149443561208266 0.6421875 0.12082670906200318 0.0921875
296 0.1383147853736089 0.55625 0.0890302066772655 0.065625
546 0.2845786963434022 0.678125 0.1478537360890302 0.1671875
318 0.424483306836248 0.6421875 0.12241653418124006 0.0953125
260 0.5596184419713831 0.6421875 0.11764705882352941 0.096875
296 0.5659777424483307 0.5578125 0.08744038155802862 0.0640625
556 0.6931637519872814 0.6421875 0.10810810810810811 0.0921875
17 0.8410174880763116 0.6734375 0.17011128775834658 0.1703125
413 0.1383147853736089 0.1609375 0.1287758346581876 0.153125
413 0.3449920508744038 0.1609375 0.1287758346581876 0.153125