104 0.0875 0.15982721382289417 0.071875 0.09935205183585313
207 0.1265625 0.07127429805615551 0.03125 0.06047516198704104
520 0.18125 0.16198704103671707 0.0859375 0.09071274298056156
318 0.275 0.16414686825053995 0.0828125 0.08855291576673865
336 0.2953125 0.08423326133909287 0.025 0.028077753779697623
46 0.3734375 0.16198704103671707 0.0875 0.09071274298056156
296 0.3828125 0.08207343412526998 0.0609375 0.06263498920086392
484 0.4578125 0.16414686825053995 0.05625 0.09071274298056156
336 0.4640625 0.08423326133909287 0.025 0.028077753779697623
410 0.5375 0.16198704103671707 0.0734375 0.09071274298056156
283 0.5421875 0.2634989200863931 0.0890625 0.10583153347732181
337 0.6296875 0.16198704103671707 0.08125 0.09287257019438445
556 0.7171875 0.16414686825053995 0.075 0.08855291576673865
520 0.80625 0.16198704103671707 0.0859375 0.08855291576673865
296 0.815625 0.08207343412526998 0.0609375 0.06047516198704104
412 0.9 0.16198704103671707 0.0734375 0.09071274298056156
180 0.9609375 0.20302375809935205 0.0421875 0.17278617710583152
318 0.0921875 0.6544276457883369 0.084375 0.09071274298056156
336 0.1125 0.5766738660907127 0.0234375 0.028077753779697623
410 0.184375 0.652267818574514 0.075 0.09287257019438445
336 0.2 0.5766738660907127 0.025 0.028077753779697623
392 0.271875 0.6544276457883369 0.071875 0.09071274298056156
296 0.275 0.572354211663067 0.0609375 0.06047516198704104
410 0.359375 0.652267818574514 0.075 0.09287257019438445
392 0.440625 0.6544276457883369 0.071875 0.09071274298056156
159 0.4515625 0.7321814254859611 0.05625 0.056155507559395246
180 0.5078125 0.693304535637149 0.040625 0.17062634989200864
355 0.5828125 0.6544276457883369 0.090625 0.08855291576673865
17 0.6921875 0.6825053995680346 0.115625 0.16198704103671707
360 0.771875 0.6587473002159827 0.0265625 0.07127429805615551