355 0.0921875 0.14823529411764705 0.0859375 0.09176470588235294
296 0.1046875 0.06352941176470588 0.05625 0.0611764705882353
224 0.1859375 0.14823529411764705 0.075 0.08941176470588236
336 0.2046875 0.06823529411764706 0.021875 0.03058823529411765
337 0.275 0.14823529411764705 0.075 0.09176470588235294
355 0.3640625 0.14823529411764705 0.0859375 0.08941176470588236
410 0.4515625 0.14588235294117646 0.06875 0.09411764705882353
199 0.528125 0.14823529411764705 0.071875 0.09176470588235294
299 0.5328125 0.06352941176470588 0.05625 0.06352941176470588
318 0.615625 0.14823529411764705 0.0765625 0.09176470588235294
474 0.709375 0.18352941176470589 0.0859375 0.1623529411764706
502 0.790625 0.14823529411764705 0.071875 0.09176470588235294
17 0.8859375 0.17647058823529413 0.109375 0.16705882352941176
364 0.1 0.6847058823529412 0.1 0.16470588235294117
297 0.175 0.6870588235294117 0.040625 0.16470588235294117
318 0.2421875 0.6517647058823529 0.0765625 0.09176470588235294
465 0.30625 0.6494117647058824 0.0421875 0.09176470588235294
520 0.378125 0.6517647058823529 0.0796875 0.08941176470588236
318 0.465625 0.6494117647058824 0.078125 0.09176470588235294
336 0.484375 0.5694117647058824 0.021875 0.03058823529411765
297 0.5390625 0.6870588235294117 0.0421875 0.16470588235294117
392 0.6015625 0.6494117647058824 0.06875 0.09411764705882353
199 0.6765625 0.6517647058823529 0.071875 0.09411764705882353
207 0.7140625 0.5552941176470588 0.03125 0.06588235294117648
465 0.74375 0.6494117647058824 0.04375 0.09176470588235294