520 0.1 0.1670103092783505 0.0890625 0.088659793814433
355 0.2015625 0.1670103092783505 0.0984375 0.09072164948453608
179 0.3 0.1670103092783505 0.0921875 0.09072164948453608
355 0.403125 0.1670103092783505 0.0953125 0.09072164948453608
410 0.5 0.16494845360824742 0.0765625 0.09278350515463918
296 0.5078125 0.08453608247422681 0.0625 0.05979381443298969
194 0.5125 0.25773195876288657 0.0515625 0.07628865979381444
392 0.59375 0.16494845360824742 0.075 0.088659793814433
520 0.6875 0.1670103092783505 0.090625 0.09072164948453608
336 0.7109375 0.088659793814433 0.025 0.0288659793814433
355 0.7953125 0.1670103092783505 0.0953125 0.09072164948453608
17 0.9109375 0.1958762886597938 0.1203125 0.16082474226804125
318 0.096875 0.6597938144329897 0.0859375 0.088659793814433
336 0.11875 0.5814432989690722 0.025 0.0288659793814433
410 0.1953125 0.6577319587628866 0.0765625 0.09278350515463918
178 0.2125 0.7670103092783506 0.075 0.11134020618556702
502 0.2921875 0.6597938144329897 0.0796875 0.088659793814433
543 0.3 0.7608247422680412 0.0953125 0.10309278350515463
336 0.3171875 0.5814432989690722 0.025 0.0288659793814433
260 0.3984375 0.6597938144329897 0.0828125 0.088659793814433
374 0.4890625 0.6577319587628866 0.0828125 0.09072164948453608
393 0.584375 0.6927835051546392 0.0859375 0.15876288659793814
296 0.5859375 0.5773195876288659 0.0625 0.06391752577319587
300 0.671875 0.6597938144329897 0.075 0.088659793814433
296 0.6734375 0.5773195876288659 0.0640625 0.061855670103092786
484 0.7515625 0.6577319587628866 0.0578125 0.088659793814433
336 0.759375 0.5814432989690722 0.0265625 0.030927835051546393
360 0.8109375 0.6639175257731958 0.028125 0.07422680412371134
360 0.8359375 0.6639175257731958 0.028125 0.07628865979381444