355 0.103125 0.15424164524421594 0.078125 0.09254498714652956
297 0.1671875 0.19023136246786632 0.0359375 0.16195372750642673
484 0.2140625 0.15424164524421594 0.046875 0.08997429305912596
465 0.259375 0.15681233933161953 0.0390625 0.09254498714652956
364 0.3328125 0.19023136246786632 0.090625 0.15938303341902313
374 0.4140625 0.15424164524421594 0.065625 0.08740359897172237
556 0.4875 0.15424164524421594 0.0625 0.08997429305912596
207 0.5203125 0.061696658097686374 0.0265625 0.061696658097686374
300 0.559375 0.15424164524421594 0.059375 0.08997429305912596
360 0.609375 0.15938303341902313 0.021875 0.07197943444730077
360 0.628125 0.15938303341902313 0.021875 0.07197943444730077
221 0.078125 0.6580976863753213 0.0421875 0.15938303341902313
104 0.146875 0.6401028277634961 0.0609375 0.09511568123393316
355 0.2234375 0.6452442159383034 0.0765625 0.08997429305912596
37 0.246875 0.7532133676092545 0.0546875 0.11311053984575835
260 0.3109375 0.6452442159383034 0.0671875 0.08740359897172237
336 0.3265625 0.5681233933161953 0.01875 0.028277634961439587
392 0.3859375 0.6452442159383034 0.059375 0.08740359897172237
546 0.4671875 0.6786632390745502 0.084375 0.15938303341902313
207 0.509375 0.5552699228791774 0.0265625 0.061696658097686374
437 0.55625 0.6786632390745502 0.075 0.16195372750642673
564 0.6359375 0.6786632390745502 0.075 0.15938303341902313
410 0.709375 0.6426735218508998 0.0609375 0.09254498714652956
194 0.71875 0.7352185089974294 0.040625 0.07712082262210797
484 0.7734375 0.6452442159383034 0.046875 0.09254498714652956
411 0.7984375 0.570694087403599 0.0265625 0.02313624678663239