104 0.0828125 0.14 0.0703125 0.09333333333333334
296 0.0859375 0.06222222222222222 0.0578125 0.06222222222222222
392 0.1671875 0.14444444444444443 0.0703125 0.09111111111111111
296 0.1703125 0.06222222222222222 0.059375 0.06222222222222222
484 0.24375 0.14444444444444443 0.05625 0.09111111111111111
336 0.25 0.06444444444444444 0.025 0.03111111111111111
410 0.3203125 0.14222222222222222 0.071875 0.09111111111111111
215 0.325 0.22444444444444445 0.065625 0.057777777777777775
180 0.384375 0.18444444444444444 0.040625 0.1711111111111111
360 0.4265625 0.14888888888888888 0.0265625 0.07333333333333333
326 0.5015625 0.18 0.0984375 0.16
337 0.5921875 0.14444444444444443 0.078125 0.09111111111111111
207 0.634375 0.05333333333333334 0.03125 0.06
260 0.6859375 0.14444444444444443 0.0765625 0.08888888888888889
336 0.7046875 0.06666666666666667 0.0234375 0.028888888888888888
318 0.778125 0.14222222222222222 0.08125 0.09111111111111111
360 0.8421875 0.14666666666666667 0.0265625 0.07555555555555556
318 0.0875 0.6355555555555555 0.08125 0.09111111111111111
355 0.1828125 0.6377777777777778 0.0890625 0.08888888888888889
410 0.271875 0.6355555555555555 0.071875 0.09333333333333334
215 0.2765625 0.7177777777777777 0.065625 0.06
296 0.2796875 0.5533333333333333 0.0578125 0.06222222222222222
492 0.359375 0.6711111111111111 0.06875 0.1622222222222222
502 0.4359375 0.6355555555555555 0.0734375 0.08888888888888889
194 0.45 0.7288888888888889 0.046875 0.07555555555555556
296 0.44375 0.5555555555555556 0.059375 0.06444444444444444
297 0.5125 0.6733333333333333 0.04375 0.16444444444444445
410 0.578125 0.6355555555555555 0.071875 0.09333333333333334
169 0.5859375 0.7155555555555555 0.0546875 0.05555555555555555
465 0.64375 0.6355555555555555 0.0453125 0.08888888888888889
297 0.6984375 0.6733333333333333 0.04375 0.16444444444444445
484 0.753125 0.6377777777777778 0.0546875 0.08888888888888889
411 0.784375 0.5622222222222222 0.0265625 0.022222222222222223
465 0.8125 0.6355555555555555 0.04375 0.08888888888888889