297 0.075 0.17674418604651163 0.0421875 0.15813953488372093
471 0.14375 0.17209302325581396 0.0921875 0.15348837209302327
465 0.2125 0.13953488372093023 0.0421875 0.08837209302325581
286 0.2859375 0.1744186046511628 0.0859375 0.1558139534883721
355 0.3734375 0.14186046511627906 0.0828125 0.08837209302325581
208 0.4609375 0.13953488372093023 0.0828125 0.08837209302325581
336 0.4765625 0.06511627906976744 0.021875 0.027906976744186046
466 0.5453125 0.14186046511627906 0.0671875 0.08604651162790698
296 0.5484375 0.06046511627906977 0.053125 0.06046511627906977
207 0.5875 0.05116279069767442 0.0296875 0.06046511627906977
520 0.6359375 0.14186046511627906 0.0765625 0.08837209302325581
410 0.7171875 0.13953488372093023 0.065625 0.09069767441860466
336 0.73125 0.06511627906976744 0.0203125 0.027906976744186046
318 0.8 0.13953488372093023 0.0734375 0.08837209302325581
17 0.896875 0.1697674418604651 0.10625 0.16046511627906976
260 0.0921875 0.6209302325581395 0.071875 0.08604651162790698
374 0.1703125 0.6209302325581395 0.0703125 0.08837209302325581
393 0.253125 0.6558139534883721 0.075 0.15813953488372093
296 0.2546875 0.541860465116279 0.0546875 0.05813953488372093
300 0.328125 0.6209302325581395 0.0640625 0.08837209302325581
296 0.3296875 0.541860465116279 0.053125 0.06046511627906977
484 0.3984375 0.6209302325581395 0.05 0.08604651162790698
336 0.4046875 0.5441860465116279 0.021875 0.030232558139534883
326 0.4796875 0.6558139534883721 0.090625 0.15813953488372093
410 0.5625 0.6186046511627907 0.065625 0.08837209302325581
546 0.5765625 0.7255813953488373 0.0671875 0.10930232558139535
355 0.6546875 0.6209302325581395 0.0828125 0.09069767441860466
296 0.66875 0.5395348837209303 0.0546875 0.06046511627906977
194 0.675 0.7093023255813954 0.04375 0.07441860465116279
410 0.7453125 0.6209302325581395 0.0671875 0.08837209302325581
164 0.75625 0.6953488372093023 0.05 0.05581395348837209
466 0.828125 0.6209302325581395 0.0671875 0.08604651162790698
318 0.9078125 0.6209302325581395 0.075 0.08837209302325581
336 0.925 0.5441860465116279 0.021875 0.030232558139534883