511 0.090625 0.19141914191419143 0.103125 0.1782178217821782
502 0.20625 0.14686468646864687 0.1 0.0891089108910891
296 0.2125 0.06435643564356436 0.0796875 0.0627062706270627
392 0.321875 0.14686468646864687 0.0953125 0.09075907590759076
159 0.3359375 0.22442244224422442 0.0765625 0.054455445544554455
260 0.440625 0.14686468646864687 0.10625 0.09075907590759076
466 0.559375 0.14686468646864687 0.0984375 0.09075907590759076
412 0.6671875 0.14686468646864687 0.096875 0.0924092409240924
410 0.7765625 0.14686468646864687 0.096875 0.0924092409240924
169 0.7875 0.22607260726072606 0.0765625 0.056105610561056105
17 0.9140625 0.17656765676567657 0.15 0.16336633663366337
297 0.06875 0.6782178217821783 0.0609375 0.16501650165016502
318 0.1625 0.641914191419142 0.1109375 0.09075907590759076
297 0.2578125 0.6782178217821783 0.059375 0.16336633663366337
410 0.346875 0.641914191419142 0.096875 0.0924092409240924
207 0.4 0.5495049504950495 0.0453125 0.0627062706270627
300 0.459375 0.641914191419142 0.09375 0.09075907590759076
336 0.4796875 0.5643564356435643 0.0328125 0.0297029702970297
360 0.5453125 0.6468646864686468 0.034375 0.07260726072607261
360 0.5765625 0.6468646864686468 0.0359375 0.07425742574257425