61 0.078125 0.14163090128755365 0.08125 0.08798283261802575
392 0.15625 0.14163090128755365 0.0703125 0.08798283261802575
336 0.16875 0.06437768240343347 0.025 0.030042918454935622
392 0.2390625 0.13948497854077252 0.071875 0.08583690987124463
296 0.2421875 0.060085836909871244 0.059375 0.06223175965665236
374 0.3296875 0.14163090128755365 0.078125 0.08798283261802575
336 0.3484375 0.06223175965665236 0.0234375 0.030042918454935622
410 0.41875 0.13948497854077252 0.071875 0.09012875536480687
178 0.4359375 0.2446351931330472 0.071875 0.11158798283261803
412 0.509375 0.14163090128755365 0.071875 0.08798283261802575
336 0.525 0.06437768240343347 0.025 0.030042918454935622
574 0.6046875 0.13948497854077252 0.0875 0.08798283261802575
411 0.653125 0.06652360515021459 0.0265625 0.02145922746781116
260 0.703125 0.14163090128755365 0.078125 0.08583690987124463
336 0.7203125 0.06437768240343347 0.0234375 0.030042918454935622
260 0.078125 0.6266094420600858 0.078125 0.08798283261802575
374 0.165625 0.6244635193133047 0.078125 0.08798283261802575
393 0.2546875 0.6609442060085837 0.0828125 0.15879828326180256
296 0.2546875 0.5450643776824035 0.0578125 0.060085836909871244
300 0.3359375 0.6266094420600858 0.071875 0.08798283261802575
296 0.3390625 0.5450643776824035 0.059375 0.06223175965665236
484 0.4140625 0.6266094420600858 0.05625 0.08798283261802575
336 0.41875 0.5472103004291845 0.025 0.032188841201716736
360 0.46875 0.630901287553648 0.025 0.06866952789699571
360 0.4921875 0.630901287553648 0.025 0.07081545064377683
37 0.5625 0.6609442060085837 0.0875 0.15665236051502146
355 0.65625 0.6266094420600858 0.090625 0.08798283261802575
410 0.746875 0.6244635193133047 0.071875 0.08798283261802575
296 0.7546875 0.5450643776824035 0.059375 0.060085836909871244
484 0.828125 0.6266094420600858 0.0546875 0.08798283261802575
159 0.7578125 0.7017167381974249 0.05625 0.055793991416309016
207 0.859375 0.5364806866952789 0.03125 0.060085836909871244
520 0.9140625 0.6266094420600858 0.084375 0.08798283261802575
336 0.934375 0.5472103004291845 0.0234375 0.030042918454935622