260 0.0765625 0.14893617021276595 0.078125 0.08723404255319149
336 0.09375 0.07446808510638298 0.0234375 0.029787234042553193
232 0.175 0.18085106382978725 0.09375 0.15319148936170213
355 0.2703125 0.14893617021276595 0.0890625 0.08723404255319149
502 0.359375 0.14893617021276595 0.0734375 0.0851063829787234
296 0.3640625 0.07021276595744681 0.0578125 0.059574468085106386
382 0.45625 0.18085106382978725 0.09375 0.15319148936170213
318 0.5484375 0.14893617021276595 0.08125 0.0851063829787234
21 0.6515625 0.17446808510638298 0.1125 0.1574468085106383
21 0.0734375 0.6191489361702127 0.075 0.0851063829787234
296 0.078125 0.5404255319148936 0.0578125 0.0574468085106383
382 0.1703125 0.6531914893617021 0.09375 0.15319148936170213
318 0.2609375 0.6170212765957447 0.0796875 0.08723404255319149
505 0.3609375 0.6531914893617021 0.10625 0.1574468085106383
355 0.4671875 0.6191489361702127 0.0890625 0.0851063829787234
296 0.4796875 0.5404255319148936 0.0578125 0.059574468085106386
400 0.56875 0.6510638297872341 0.0859375 0.15319148936170213
260 0.653125 0.6170212765957447 0.0765625 0.0851063829787234
336 0.671875 0.5425531914893617 0.0234375 0.029787234042553193
318 0.746875 0.6191489361702127 0.08125 0.08723404255319149
17 0.85 0.6468085106382979 0.1109375 0.15531914893617021