318 0.0828125 0.1762295081967213 0.0890625 0.09016393442622951
336 0.1046875 0.09836065573770492 0.025 0.030737704918032786
410 0.18125 0.17418032786885246 0.078125 0.09221311475409837
178 0.1984375 0.2848360655737705 0.0765625 0.11475409836065574
502 0.2796875 0.1762295081967213 0.08125 0.09221311475409837
543 0.2859375 0.2786885245901639 0.0953125 0.10245901639344263
336 0.3046875 0.09836065573770492 0.025 0.030737704918032786
574 0.3890625 0.1762295081967213 0.09375 0.09016393442622951
411 0.440625 0.10245901639344263 0.03125 0.022540983606557378
260 0.49375 0.17827868852459017 0.0828125 0.08811475409836066
336 0.5125 0.09836065573770492 0.025 0.030737704918032786
260 0.5921875 0.1762295081967213 0.0828125 0.08811475409836066
374 0.684375 0.1762295081967213 0.084375 0.09016393442622951
393 0.778125 0.21106557377049182 0.0875 0.1598360655737705
296 0.7796875 0.09221311475409837 0.0625 0.06352459016393443
300 0.865625 0.1762295081967213 0.075 0.08811475409836066
296 0.86875 0.0942622950819672 0.0609375 0.06147540983606557
484 0.946875 0.1762295081967213 0.059375 0.09221311475409837
336 0.9546875 0.09836065573770492 0.0265625 0.030737704918032786
392 0.078125 0.6659836065573771 0.075 0.08811475409836066
520 0.1703125 0.6659836065573771 0.0890625 0.09016393442622951
336 0.19375 0.5881147540983607 0.025 0.030737704918032786
360 0.2453125 0.6721311475409836 0.028125 0.07377049180327869
318 0.3171875 0.6680327868852459 0.0875 0.09016393442622951
299 0.325 0.5860655737704918 0.0640625 0.06147540983606557
300 0.4109375 0.6659836065573771 0.075 0.09221311475409837
14 0.528125 0.6967213114754098 0.140625 0.16598360655737704
360 0.6203125 0.6721311475409836 0.0265625 0.07172131147540983
360 0.64375 0.6700819672131147 0.028125 0.07377049180327869
61 0.7125 0.6659836065573771 0.0859375 0.09016393442622951
336 0.7234375 0.5901639344262295 0.025 0.028688524590163935
520 0.80625 0.6680327868852459 0.0875 0.09016393442622951