520 0.0890625 0.1282051282051282 0.0828125 0.09324009324009325
296 0.096875 0.04195804195804196 0.05625 0.06526806526806526
520 0.1859375 0.1258741258741259 0.08125 0.09324009324009325
466 0.2734375 0.1258741258741259 0.071875 0.09324009324009325
179 0.3578125 0.1282051282051282 0.084375 0.09557109557109557
492 0.440625 0.16317016317016317 0.06875 0.1655011655011655
21 0.534375 0.1585081585081585 0.1109375 0.17249417249417248
511 0.634375 0.17249417249417248 0.075 0.1864801864801865
502 0.7171875 0.1282051282051282 0.075 0.09324009324009325
296 0.721875 0.04195804195804196 0.0578125 0.06293706293706294
392 0.8015625 0.1258741258741259 0.0703125 0.09557109557109557
159 0.8125 0.20745920745920746 0.053125 0.055944055944055944
260 0.8890625 0.1282051282051282 0.0765625 0.09324009324009325
360 0.9484375 0.13053613053613053 0.025 0.07459207459207459
326 0.0953125 0.6736596736596736 0.0953125 0.1655011655011655
337 0.184375 0.6363636363636364 0.0765625 0.09324009324009325
207 0.2265625 0.5407925407925408 0.03125 0.06526806526806526
360 0.25 0.6410256410256411 0.025 0.07459207459207459
124 0.315625 0.6713286713286714 0.0828125 0.1655011655011655
260 0.4 0.6363636363636364 0.0765625 0.09324009324009325
207 0.440625 0.5407925407925408 0.0328125 0.06526806526806526
297 0.4734375 0.6736596736596736 0.04375 0.16783216783216784
574 0.5453125 0.6386946386946387 0.0859375 0.09324009324009325
465 0.6140625 0.6363636363636364 0.04375 0.09557109557109557
297 0.6671875 0.6736596736596736 0.04375 0.17016317016317017
410 0.73125 0.6363636363636364 0.0703125 0.09557109557109557
465 0.7921875 0.6363636363636364 0.0453125 0.09324009324009325
360 0.840625 0.6410256410256411 0.025 0.07459207459207459
360 0.8609375 0.6410256410256411 0.025 0.07459207459207459