260 0.0671875 0.15151515151515152 0.0734375 0.08857808857808858
296 0.0734375 0.06993006993006994 0.0546875 0.06293706293706294
412 0.15 0.15151515151515152 0.0671875 0.08857808857808858
410 0.2265625 0.14918414918414918 0.06875 0.09090909090909091
208 0.3078125 0.14918414918414918 0.084375 0.09090909090909091
336 0.321875 0.07226107226107226 0.0234375 0.03263403263403263
502 0.3890625 0.15151515151515152 0.0703125 0.08857808857808858
215 0.39375 0.23076923076923078 0.0625 0.05827505827505827
296 0.396875 0.06993006993006994 0.05625 0.06293706293706294
392 0.4734375 0.15151515151515152 0.065625 0.09090909090909091
179 0.5515625 0.15151515151515152 0.0796875 0.09090909090909091
336 0.571875 0.07459207459207459 0.021875 0.030303030303030304
297 0.625 0.1864801864801865 0.0421875 0.16317016317016317
392 0.6859375 0.15151515151515152 0.065625 0.09090909090909091
199 0.7609375 0.15151515151515152 0.071875 0.09090909090909091
207 0.796875 0.06060606060606061 0.0296875 0.06293706293706294
465 0.825 0.15151515151515152 0.0421875 0.08857808857808858
574 0.896875 0.15151515151515152 0.08125 0.08857808857808858
411 0.9421875 0.07692307692307693 0.0265625 0.023310023310023312
374 0.0671875 0.6386946386946387 0.0734375 0.08857808857808858
296 0.0734375 0.5571095571095571 0.0546875 0.06060606060606061
224 0.153125 0.6386946386946387 0.0734375 0.08857808857808858
336 0.1703125 0.5617715617715617 0.021875 0.027972027972027972
179 0.21875 0.6783216783216783 0.0375 0.16783216783216784
520 0.2859375 0.6386946386946387 0.078125 0.08857808857808858
296 0.29375 0.5571095571095571 0.0546875 0.06060606060606061
207 0.3328125 0.5501165501165501 0.028125 0.06060606060606061
232 0.3875 0.6736596736596736 0.0890625 0.1585081585081585
355 0.478125 0.6386946386946387 0.084375 0.09090909090909091
360 0.540625 0.6433566433566433 0.025 0.07459207459207459