124 0.078125 0.18322295805739514 0.084375 0.15894039735099338
260 0.1640625 0.1479028697571744 0.078125 0.08830022075055188
207 0.2046875 0.05518763796909492 0.03125 0.06181015452538632
297 0.2390625 0.18543046357615894 0.0453125 0.16335540838852097
574 0.3109375 0.1479028697571744 0.0890625 0.09050772626931568
465 0.38125 0.1456953642384106 0.04375 0.08830022075055188
297 0.4359375 0.18543046357615894 0.0453125 0.16114790286975716
410 0.5015625 0.1456953642384106 0.071875 0.09271523178807947
465 0.5640625 0.1479028697571744 0.04375 0.09050772626931568
392 0.63125 0.1479028697571744 0.0703125 0.08830022075055188
296 0.634375 0.06622516556291391 0.0578125 0.06181015452538632
574 0.725 0.1479028697571744 0.0859375 0.09050772626931568
355 0.821875 0.1479028697571744 0.0890625 0.09271523178807947
336 0.8453125 0.0684326710816777 0.0234375 0.03090507726269316
410 0.9171875 0.1479028697571744 0.0734375 0.09050772626931568
336 0.93125 0.0684326710816777 0.0234375 0.03090507726269316
318 0.0765625 0.6401766004415012 0.08125 0.08830022075055188
207 0.121875 0.5474613686534217 0.0328125 0.0640176600441501
300 0.1671875 0.6379690949227373 0.0703125 0.09050772626931568
297 0.23125 0.6754966887417219 0.0453125 0.16335540838852097
355 0.3046875 0.6379690949227373 0.090625 0.09050772626931568
465 0.3765625 0.6379690949227373 0.0453125 0.09050772626931568
297 0.4328125 0.673289183222958 0.0453125 0.16335540838852097
392 0.4953125 0.6379690949227373 0.06875 0.09050772626931568
465 0.559375 0.6401766004415012 0.04375 0.09050772626931568
260 0.6296875 0.6379690949227373 0.078125 0.08830022075055188
336 0.6484375 0.5607064017660044 0.0234375 0.03090507726269316
520 0.725 0.6379690949227373 0.084375 0.09050772626931568
21 0.83125 0.6666666666666666 0.1125 0.16335540838852097