466 0.1015625 0.1504424778761062 0.0734375 0.09070796460176991
412 0.1828125 0.1504424778761062 0.071875 0.09070796460176991
410 0.265625 0.14823008849557523 0.0734375 0.09292035398230089
208 0.353125 0.14823008849557523 0.0875 0.09070796460176991
296 0.35625 0.06637168141592921 0.0578125 0.061946902654867256
466 0.44375 0.1504424778761062 0.075 0.09070796460176991
296 0.446875 0.06637168141592921 0.0578125 0.061946902654867256
207 0.4890625 0.05530973451327434 0.03125 0.061946902654867256
520 0.54375 0.1504424778761062 0.084375 0.09070796460176991
336 0.565625 0.06858407079646017 0.0234375 0.028761061946902654
260 0.640625 0.1504424778761062 0.0796875 0.09070796460176991
300 0.721875 0.1504424778761062 0.0734375 0.09292035398230089
336 0.734375 0.07079646017699115 0.0234375 0.028761061946902654
411 0.7671875 0.07300884955752213 0.028125 0.022123893805309734
224 0.1015625 0.6482300884955752 0.0796875 0.09070796460176991
296 0.1078125 0.5663716814159292 0.059375 0.061946902654867256
207 0.1515625 0.5553097345132744 0.0359375 0.061946902654867256
297 0.1828125 0.6858407079646017 0.04375 0.16371681415929204
466 0.2515625 0.6504424778761062 0.0765625 0.08849557522123894
465 0.3171875 0.6482300884955752 0.04375 0.09070796460176991
297 0.371875 0.6858407079646017 0.04375 0.16592920353982302
520 0.44375 0.6482300884955752 0.0859375 0.09070796460176991
410 0.5328125 0.6482300884955752 0.0734375 0.09292035398230089
208 0.6203125 0.6482300884955752 0.0875 0.09070796460176991
336 0.634375 0.5707964601769911 0.025 0.030973451327433628
392 0.7046875 0.6504424778761062 0.071875 0.09070796460176991
296 0.7078125 0.5663716814159292 0.059375 0.061946902654867256
410 0.7921875 0.6482300884955752 0.0734375 0.09292035398230089
187 0.80625 0.7300884955752213 0.0484375 0.061946902654867256
260 0.88125 0.6504424778761062 0.08125 0.09070796460176991
336 0.8984375 0.5707964601769911 0.0234375 0.030973451327433628