52 0.14375 0.203125 0.0953125 0.15401785714285715
502 0.2296875 0.171875 0.071875 0.08482142857142858
215 0.2359375 0.24776785714285715 0.0625 0.05580357142857143
336 0.2484375 0.09598214285714286 0.0234375 0.029017857142857144
318 0.3203125 0.171875 0.078125 0.08705357142857142
392 0.4 0.16964285714285715 0.065625 0.08482142857142858
207 0.4359375 0.08258928571428571 0.0296875 0.060267857142857144
300 0.4796875 0.16964285714285715 0.0671875 0.08482142857142858
260 0.5578125 0.171875 0.075 0.08482142857142858
336 0.575 0.09598214285714286 0.0234375 0.029017857142857144
410 0.6421875 0.16964285714285715 0.06875 0.08928571428571429
318 0.721875 0.16964285714285715 0.0765625 0.08705357142857142
336 0.7421875 0.09598214285714286 0.021875 0.03125
364 0.8234375 0.203125 0.1 0.15401785714285715
224 0.1328125 0.640625 0.075 0.08705357142857142
296 0.1390625 0.5625 0.05625 0.05803571428571429
207 0.178125 0.5513392857142857 0.03125 0.060267857142857144
355 0.2328125 0.640625 0.084375 0.08482142857142858
180 0.2984375 0.6763392857142857 0.0375 0.16071428571428573
360 0.3390625 0.6450892857142857 0.0234375 0.06696428571428571
360 0.3609375 0.6450892857142857 0.0234375 0.06919642857142858