374 0.0859375 0.16059957173447537 0.0828125 0.08993576017130621
296 0.0921875 0.07708779443254818 0.059375 0.06209850107066381
224 0.18125 0.16059957173447537 0.08125 0.08993576017130621
336 0.2015625 0.08137044967880086 0.025 0.029978586723768737
179 0.253125 0.19914346895074947 0.0421875 0.17130620985010706
520 0.328125 0.16059957173447537 0.0890625 0.08993576017130621
296 0.3390625 0.07708779443254818 0.0609375 0.06209850107066381
207 0.38125 0.06638115631691649 0.0328125 0.06209850107066381
337 0.4328125 0.16059957173447537 0.0828125 0.08993576017130621
411 0.48125 0.0835117773019272 0.0296875 0.023554603854389723
355 0.5375 0.16059957173447537 0.09375 0.08993576017130621
326 0.64375 0.19700214132762311 0.1015625 0.16059957173447537
360 0.7125 0.16274089935760172 0.028125 0.07708779443254818
360 0.7359375 0.16274089935760172 0.028125 0.07922912205567452
337 0.803125 0.15845824411134904 0.08125 0.09207708779443255
336 0.8234375 0.08137044967880086 0.0234375 0.032119914346895075
355 0.90625 0.16059957173447537 0.09375 0.08993576017130621
318 0.0875 0.6573875802997858 0.0859375 0.09207708779443255
374 0.1796875 0.6573875802997858 0.08125 0.09207708779443255
179 0.26875 0.6552462526766595 0.0890625 0.08993576017130621
336 0.2921875 0.576017130620985 0.025 0.029978586723768737
546 0.38125 0.6916488222698073 0.1015625 0.16059957173447537
520 0.48125 0.6573875802997858 0.0875 0.08993576017130621
520 0.4890625 0.5738758029978587 0.059375 0.06209850107066381
207 0.534375 0.563169164882227 0.0328125 0.06209850107066381
337 0.584375 0.6573875802997858 0.0828125 0.08993576017130621
260 0.678125 0.6573875802997858 0.08125 0.08993576017130621
336 0.696875 0.5781584582441114 0.025 0.029978586723768737
360 0.7453125 0.6595289079229122 0.0265625 0.07494646680942184
326 0.8234375 0.6916488222698073 0.1015625 0.16488222698072805
337 0.91875 0.6552462526766595 0.08125 0.09207708779443255
207 0.9640625 0.563169164882227 0.0328125 0.06638115631691649