260 0.1015625 0.15848214285714285 0.0796875 0.09151785714285714
336 0.11875 0.078125 0.0234375 0.03125
318 0.19375 0.15625 0.0796875 0.08928571428571429
360 0.2546875 0.16071428571428573 0.0265625 0.07366071428571429
318 0.321875 0.15625 0.08125 0.09151785714285714
207 0.3640625 0.06473214285714286 0.0328125 0.0625
300 0.409375 0.15848214285714285 0.0703125 0.08928571428571429
345 0.4984375 0.19196428571428573 0.0953125 0.16071428571428573
318 0.590625 0.15625 0.08125 0.09151785714285714
374 0.6765625 0.15625 0.0765625 0.08928571428571429
336 0.6984375 0.08035714285714286 0.0234375 0.03125
169 0.6890625 0.234375 0.053125 0.05580357142857143
297 0.0828125 0.6875 0.0453125 0.16294642857142858
374 0.1515625 0.6495535714285714 0.078125 0.09151785714285714
297 0.21875 0.6852678571428571 0.04375 0.16294642857142858
466 0.2875 0.6517857142857143 0.0734375 0.09151785714285714
222 0.2890625 0.5691964285714286 0.025 0.03125
297 0.3578125 0.6852678571428571 0.04375 0.16071428571428573
374 0.425 0.6495535714285714 0.0796875 0.08928571428571429
192 0.4328125 0.7276785714285714 0.0703125 0.05580357142857143
465 0.49375 0.6495535714285714 0.04375 0.08928571428571429
410 0.5625 0.6495535714285714 0.071875 0.09151785714285714
212 0.65 0.6852678571428571 0.0953125 0.16294642857142858
297 0.725 0.6875 0.0421875 0.16294642857142858
392 0.7875 0.6495535714285714 0.0703125 0.09151785714285714
17 0.884375 0.6785714285714286 0.1125 0.16517857142857142