345 0.09375 0.18385650224215247 0.0984375 0.16591928251121077
300 0.1796875 0.15022421524663676 0.0703125 0.09417040358744394
318 0.2671875 0.15022421524663676 0.0828125 0.09192825112107623
355 0.3625 0.15022421524663676 0.0921875 0.09641255605381166
410 0.4546875 0.14798206278026907 0.0734375 0.09417040358744394
215 0.4578125 0.23318385650224216 0.06875 0.05829596412556054
296 0.4609375 0.06502242152466367 0.059375 0.06502242152466367
207 0.503125 0.053811659192825115 0.0296875 0.06502242152466367
337 0.5546875 0.15022421524663676 0.0796875 0.09192825112107623
411 0.6 0.07174887892376682 0.028125 0.02242152466367713
337 0.6546875 0.15022421524663676 0.090625 0.09192825112107623
326 0.7578125 0.1860986547085202 0.0984375 0.16591928251121077
360 0.8265625 0.1547085201793722 0.0265625 0.07623318385650224
360 0.8484375 0.15246636771300448 0.025 0.07847533632286996
484 0.0734375 0.6569506726457399 0.0546875 0.09417040358744394
372 0.175 0.6905829596412556 0.134375 0.16367713004484305
22 0.3109375 0.6860986547085202 0.125 0.1681614349775785
60 0.4234375 0.6614349775784754 0.084375 0.11210762331838565
297 0.496875 0.6928251121076233 0.0453125 0.17040358744394618
410 0.5640625 0.6569506726457399 0.071875 0.09417040358744394
169 0.571875 0.7354260089686099 0.05625 0.05605381165919283
465 0.63125 0.6569506726457399 0.0453125 0.08968609865470852
297 0.6875 0.695067264573991 0.0453125 0.1681614349775785
410 0.753125 0.6547085201793722 0.0734375 0.09417040358744394
502 0.8359375 0.6547085201793722 0.0765625 0.09417040358744394
336 0.853125 0.5762331838565022 0.0234375 0.033632286995515695
318 0.9296875 0.6569506726457399 0.084375 0.09417040358744394