318 0.0890625 0.1655011655011655 0.08125 0.09324009324009325
355 0.18125 0.1655011655011655 0.0875 0.09557109557109557
410 0.2703125 0.1655011655011655 0.0703125 0.09557109557109557
296 0.2765625 0.08158508158508158 0.05625 0.06293706293706294
194 0.28125 0.25874125874125875 0.046875 0.07925407925407925
410 0.35625 0.1655011655011655 0.071875 0.09557109557109557
336 0.371875 0.08624708624708624 0.0234375 0.03263403263403263
355 0.45 0.1655011655011655 0.0859375 0.09324009324009325
194 0.4703125 0.26107226107226106 0.046875 0.07925407925407925
520 0.546875 0.1655011655011655 0.0828125 0.09090909090909091
336 0.5671875 0.08624708624708624 0.0234375 0.030303030303030304
318 0.640625 0.1655011655011655 0.08125 0.09324009324009325
207 0.6828125 0.07226107226107226 0.028125 0.06293706293706294
300 0.7265625 0.1655011655011655 0.0671875 0.09324009324009325
260 0.809375 0.1655011655011655 0.078125 0.09324009324009325
300 0.8875 0.16783216783216784 0.06875 0.09324009324009325
336 0.9015625 0.08624708624708624 0.025 0.030303030303030304
411 0.93125 0.08857808857808858 0.0265625 0.02564102564102564
574 0.09375 0.6480186480186481 0.0859375 0.09090909090909091
411 0.1390625 0.5710955710955711 0.0265625 0.02564102564102564
392 0.1828125 0.6480186480186481 0.06875 0.09557109557109557
336 0.196875 0.5687645687645687 0.025 0.030303030303030304
484 0.2578125 0.6503496503496503 0.05625 0.0979020979020979
336 0.2625 0.5687645687645687 0.021875 0.03263403263403263
411 0.2921875 0.5710955710955711 0.0296875 0.02564102564102564
360 0.315625 0.6526806526806527 0.0265625 0.07226107226107226
360 0.3375 0.6526806526806527 0.025 0.07459207459207459