296 0.09375 0.0630841121495327 0.053125 0.05841121495327103
484 0.1 0.1425233644859813 0.05 0.08878504672897196
410 0.1703125 0.1425233644859813 0.065625 0.08878504672897196
164 0.18125 0.21962616822429906 0.0484375 0.056074766355140186
410 0.2484375 0.1425233644859813 0.0671875 0.0911214953271028
466 0.3265625 0.14485981308411214 0.0671875 0.08878504672897196
299 0.3296875 0.06542056074766354 0.05625 0.05841121495327103
318 0.409375 0.14485981308411214 0.075 0.08644859813084112
474 0.4984375 0.17757009345794392 0.0828125 0.1542056074766355
502 0.578125 0.14485981308411214 0.0703125 0.08644859813084112
410 0.6546875 0.1425233644859813 0.0671875 0.0911214953271028
364 0.665625 0.24766355140186916 0.071875 0.10981308411214953
297 0.7234375 0.17990654205607476 0.040625 0.1588785046728972
318 0.7875 0.14485981308411214 0.075 0.08644859813084112
465 0.85 0.1425233644859813 0.0421875 0.08644859813084112
520 0.91875 0.14485981308411214 0.078125 0.08644859813084112
318 0.1109375 0.6238317757009346 0.0734375 0.08644859813084112
336 0.13125 0.5467289719626168 0.0203125 0.028037383177570093
297 0.1828125 0.6588785046728972 0.040625 0.15654205607476634
392 0.240625 0.6238317757009346 0.0640625 0.08644859813084112
199 0.3140625 0.6238317757009346 0.0703125 0.0911214953271028
207 0.35 0.5327102803738317 0.028125 0.06074766355140187
465 0.378125 0.6238317757009346 0.040625 0.08644859813084112