260 0.0734375 0.1444954128440367 0.075 0.08944954128440367
336 0.090625 0.06422018348623854 0.0234375 0.02981651376146789
502 0.1609375 0.1444954128440367 0.0734375 0.09403669724770643
392 0.240625 0.1444954128440367 0.0703125 0.09174311926605505
199 0.3171875 0.1444954128440367 0.0734375 0.08944954128440367
318 0.4015625 0.1444954128440367 0.0796875 0.08944954128440367
336 0.4203125 0.06651376146788991 0.0234375 0.027522935779816515
355 0.4984375 0.1444954128440367 0.0875 0.09174311926605505
17 0.603125 0.1743119266055046 0.109375 0.1651376146788991
107 0.0734375 0.6490825688073395 0.096875 0.1628440366972477
297 0.1484375 0.6559633027522935 0.04375 0.1628440366972477
224 0.215625 0.6192660550458715 0.078125 0.09174311926605505
465 0.278125 0.6169724770642202 0.04375 0.08944954128440367
297 0.3328125 0.6559633027522935 0.04375 0.1628440366972477
556 0.396875 0.6192660550458715 0.0703125 0.08944954128440367
465 0.4578125 0.6169724770642202 0.0421875 0.08944954128440367
260 0.528125 0.6192660550458715 0.0765625 0.09403669724770643
374 0.6125 0.6192660550458715 0.0765625 0.09174311926605505
392 0.6921875 0.6169724770642202 0.0703125 0.09174311926605505
179 0.771875 0.6192660550458715 0.0828125 0.09174311926605505
242 0.859375 0.6169724770642202 0.075 0.09174311926605505
484 0.93125 0.6169724770642202 0.053125 0.09174311926605505