502 0.09375 0.11842105263157894 0.0796875 0.08991228070175439
484 0.1609375 0.1206140350877193 0.05625 0.09210526315789473
297 0.2203125 0.15570175438596492 0.04375 0.16666666666666666
502 0.2875 0.11842105263157894 0.0765625 0.09210526315789473
318 0.3765625 0.11842105263157894 0.084375 0.08991228070175439
17 0.484375 0.14912280701754385 0.1171875 0.17105263157894737
45 0.090625 0.6228070175438597 0.0703125 0.09210526315789473
297 0.159375 0.6622807017543859 0.046875 0.16447368421052633
355 0.2359375 0.625 0.09375 0.09429824561403509
465 0.309375 0.6228070175438597 0.046875 0.08991228070175439
297 0.365625 0.6600877192982456 0.0453125 0.16885964912280702
410 0.4328125 0.6206140350877193 0.0734375 0.09649122807017543
465 0.4984375 0.6228070175438597 0.046875 0.09210526315789473
392 0.5703125 0.6228070175438597 0.0734375 0.09210526315789473
336 0.584375 0.543859649122807 0.025 0.03289473684210526
260 0.6625 0.625 0.08125 0.09210526315789473
336 0.6796875 0.543859649122807 0.025 0.03289473684210526
392 0.7515625 0.6228070175438597 0.071875 0.09210526315789473
296 0.753125 0.5394736842105263 0.0609375 0.06359649122807018
410 0.840625 0.6228070175438597 0.0734375 0.09210526315789473
484 0.915625 0.625 0.059375 0.09210526315789473