392 0.096875 0.18806509945750452 0.0828125 0.08860759493670886
410 0.1921875 0.18625678119349007 0.0859375 0.0922242314647378
169 0.203125 0.2640144665461121 0.065625 0.054249547920433995
336 0.215625 0.11211573236889692 0.0265625 0.027124773960216998
484 0.2875 0.18806509945750452 0.0640625 0.08860759493670886
336 0.2953125 0.11211573236889692 0.028125 0.03074141048824593
360 0.3515625 0.19168173598553345 0.0296875 0.0705244122965642
337 0.428125 0.18806509945750452 0.0921875 0.08860759493670886
355 0.540625 0.18625678119349007 0.10625 0.08860759493670886
207 0.5984375 0.09764918625678119 0.0375 0.06148282097649186
520 0.6625 0.18806509945750452 0.1015625 0.08860759493670886
360 0.7375 0.19168173598553345 0.0296875 0.07233273056057866
466 0.815625 0.18625678119349007 0.0859375 0.08860759493670886
260 0.9171875 0.18806509945750452 0.0921875 0.08860759493670886
118 0.1 0.6690777576853526 0.09375 0.08860759493670886
296 0.0953125 0.5877034358047016 0.0703125 0.059674502712477394
374 0.196875 0.6672694394213382 0.0921875 0.0867992766726944
502 0.2984375 0.6672694394213382 0.090625 0.0867992766726944
360 0.3671875 0.6726943942133815 0.03125 0.0705244122965642
104 0.4390625 0.6636528028933092 0.090625 0.09584086799276673
30 0.5609375 0.6636528028933092 0.121875 0.09403254972875226
466 0.6703125 0.6690777576853526 0.0875 0.08860759493670886
484 0.6921875 0.7468354430379747 0.046875 0.05786618444846293
336 0.6953125 0.5913200723327305 0.0265625 0.03074141048824593
15 0.803125 0.6962025316455697 0.1390625 0.15913200723327306