26 0.20625 0.1111111111111111 0.0375 0.0880503144654088
28 0.3671875 0.11740041928721175 0.065625 0.1090146750524109
360 0.4328125 0.11530398322851153 0.0265625 0.07547169811320754
360 0.45625 0.11530398322851153 0.028125 0.07756813417190776
60 0.528125 0.11949685534591195 0.0890625 0.1090146750524109
318 0.621875 0.11320754716981132 0.0875 0.0880503144654088
392 0.1328125 0.610062893081761 0.075 0.09014675052410902
296 0.1359375 0.5262054507337526 0.0625 0.06289308176100629
412 0.2234375 0.610062893081761 0.0765625 0.09014675052410902
336 0.2390625 0.5303983228511531 0.025 0.029350104821802937
17 0.3328125 0.639412997903564 0.121875 0.16561844863731656
502 0.44375 0.610062893081761 0.0796875 0.09014675052410902
545 0.4578125 0.7295597484276729 0.1140625 0.13836477987421383
355 0.5609375 0.610062893081761 0.0984375 0.09014675052410902
208 0.6640625 0.610062893081761 0.0953125 0.09014675052410902
336 0.6796875 0.5324947589098532 0.0265625 0.031446540880503145
355 0.7640625 0.610062893081761 0.0953125 0.09014675052410902
17 0.8796875 0.639412997903564 0.121875 0.16771488469601678
413 0.1328125 0.14046121593291405 0.09375 0.14675052410901468
413 0.2796875 0.14255765199161424 0.090625 0.1509433962264151