392 0.0796875 0.18082788671023964 0.06875 0.08714596949891068
296 0.0828125 0.10239651416122005 0.05625 0.058823529411764705
410 0.1640625 0.1786492374727669 0.0703125 0.08932461873638345
296 0.1703125 0.10239651416122005 0.05625 0.058823529411764705
215 0.16875 0.2570806100217865 0.0640625 0.05664488017429194
484 0.2421875 0.18082788671023964 0.0546875 0.08714596949891068
336 0.2484375 0.10457516339869281 0.0234375 0.026143790849673203
104 0.315625 0.17647058823529413 0.06875 0.09586056644880174
296 0.31875 0.10239651416122005 0.05625 0.058823529411764705
207 0.359375 0.0915032679738562 0.034375 0.06100217864923747
520 0.4109375 0.18082788671023964 0.0828125 0.08714596949891068
410 0.496875 0.18082788671023964 0.071875 0.08932461873638345
336 0.5109375 0.10457516339869281 0.0234375 0.030501089324618737
318 0.5828125 0.18082788671023964 0.0796875 0.08496732026143791
410 0.66875 0.1786492374727669 0.0703125 0.08932461873638345
169 0.678125 0.2549019607843137 0.053125 0.05228758169934641
17 0.7671875 0.20697167755991286 0.1109375 0.1568627450980392
392 0.0796875 0.6535947712418301 0.06875 0.08714596949891068
296 0.0828125 0.5751633986928104 0.0578125 0.058823529411764705
410 0.1640625 0.6535947712418301 0.0703125 0.08932461873638345
215 0.1671875 0.7298474945533769 0.0640625 0.05664488017429194
296 0.1703125 0.5751633986928104 0.05625 0.058823529411764705
484 0.2421875 0.6535947712418301 0.053125 0.08714596949891068
336 0.2484375 0.579520697167756 0.025 0.030501089324618737
104 0.315625 0.6492374727668845 0.06875 0.09368191721132897
296 0.31875 0.5751633986928104 0.0578125 0.058823529411764705
207 0.359375 0.5664488017429193 0.03125 0.058823529411764705
260 0.4078125 0.6557734204793029 0.0765625 0.08714596949891068
300 0.4875 0.6557734204793029 0.06875 0.08932461873638345
412 0.5640625 0.6535947712418301 0.0703125 0.08496732026143791
410 0.64375 0.6535947712418301 0.0703125 0.08932461873638345
194 0.65625 0.7407407407407407 0.046875 0.0718954248366013
299 0.6515625 0.5751633986928104 0.059375 0.06318082788671024
318 0.734375 0.6535947712418301 0.0828125 0.08932461873638345
474 0.8296875 0.6862745098039216 0.0875 0.15468409586056645
21 0.93125 0.681917211328976 0.109375 0.1568627450980392