221 0.0859375 0.1628440366972477 0.05 0.15825688073394495
61 0.165625 0.15137614678899083 0.075 0.08944954128440367
296 0.1640625 0.07110091743119266 0.0546875 0.05963302752293578
374 0.24375 0.15137614678899083 0.0734375 0.0871559633027523
336 0.2609375 0.07568807339449542 0.021875 0.02981651376146789
355 0.334375 0.14908256880733944 0.084375 0.08944954128440367
546 0.3578125 0.2545871559633027 0.065625 0.11009174311926606
556 0.428125 0.1536697247706422 0.06875 0.0871559633027523
336 0.4421875 0.07568807339449542 0.021875 0.02981651376146789
355 0.5171875 0.15137614678899083 0.084375 0.08944954128440367
410 0.6015625 0.14908256880733944 0.0671875 0.08944954128440367
164 0.6125 0.22477064220183487 0.05 0.05504587155963303
364 0.6953125 0.18577981651376146 0.0984375 0.1536697247706422
502 0.7828125 0.15137614678899083 0.0703125 0.0871559633027523
355 0.86875 0.14908256880733944 0.084375 0.08944954128440367
242 0.1046875 0.6284403669724771 0.071875 0.0871559633027523
336 0.121875 0.5527522935779816 0.021875 0.02981651376146789
374 0.190625 0.6284403669724771 0.0734375 0.0871559633027523
336 0.20625 0.5527522935779816 0.0234375 0.02981651376146789
14 0.3 0.6559633027522935 0.1203125 0.16055045871559634
360 0.38125 0.6330275229357798 0.0234375 0.07110091743119266
360 0.4 0.6307339449541285 0.0265625 0.07110091743119266
297 0.4453125 0.6651376146788991 0.0421875 0.15825688073394495
261 0.509375 0.6307339449541285 0.0703125 0.08944954128440367
297 0.571875 0.6651376146788991 0.0421875 0.15825688073394495
556 0.6328125 0.6284403669724771 0.06875 0.0871559633027523
297 0.6953125 0.6651376146788991 0.040625 0.15825688073394495
355 0.7640625 0.6284403669724771 0.084375 0.0871559633027523