364 0.0859375 0.17225950782997762 0.10625 0.1610738255033557
297 0.165625 0.174496644295302 0.04375 0.16331096196868009
318 0.234375 0.13646532438478748 0.08125 0.09172259507829977
465 0.303125 0.13646532438478748 0.04375 0.09172259507829977
520 0.3765625 0.13646532438478748 0.084375 0.09172259507829977
318 0.46875 0.13646532438478748 0.0828125 0.09172259507829977
336 0.4890625 0.058165548098434 0.0234375 0.026845637583892617
297 0.5453125 0.174496644295302 0.04375 0.16331096196868009
392 0.609375 0.13870246085011187 0.071875 0.09172259507829977
199 0.6890625 0.13646532438478748 0.075 0.0894854586129754
207 0.728125 0.042505592841163314 0.0328125 0.06487695749440715
465 0.759375 0.13646532438478748 0.04375 0.0894854586129754
326 0.0828125 0.6711409395973155 0.096875 0.1610738255033557
410 0.171875 0.6375838926174496 0.0734375 0.09619686800894854
546 0.1859375 0.7449664429530202 0.071875 0.1185682326621924
297 0.246875 0.6733780760626398 0.04375 0.1610738255033557
355 0.3203125 0.6353467561521253 0.090625 0.0894854586129754
192 0.3359375 0.7136465324384788 0.06875 0.058165548098434
465 0.396875 0.6331096196868009 0.04375 0.087248322147651
297 0.4515625 0.6733780760626398 0.0453125 0.16554809843400448
392 0.515625 0.6353467561521253 0.0703125 0.09172259507829977
465 0.578125 0.6375838926174496 0.04375 0.09172259507829977
260 0.65 0.6353467561521253 0.078125 0.09172259507829977
336 0.6671875 0.5570469798657718 0.025 0.03355704697986577
520 0.74375 0.6353467561521253 0.084375 0.09172259507829977
502 0.83125 0.6353467561521253 0.0734375 0.09172259507829977
574 0.840625 0.7158836689038032 0.0609375 0.053691275167785234
411 0.8765625 0.5592841163310962 0.028125 0.024608501118568233