392 0.0875 0.16806722689075632 0.0703125 0.0861344537815126
296 0.090625 0.08823529411764706 0.059375 0.058823529411764705
411 0.246875 0.09453781512605042 0.028125 0.023109243697478993
364 0.3109375 0.20378151260504201 0.109375 0.15336134453781514
520 0.4125 0.16806722689075632 0.084375 0.0861344537815126
179 0.503125 0.16806722689075632 0.0875 0.08823529411764706
337 0.596875 0.16806722689075632 0.0796875 0.0861344537815126
22 0.709375 0.19747899159663865 0.1234375 0.15756302521008403
318 0.09375 0.6470588235294118 0.0828125 0.0861344537815126
336 0.1140625 0.5714285714285714 0.0234375 0.03361344537815126
286 0.196875 0.680672268907563 0.0953125 0.15336134453781514
297 0.271875 0.6827731092436975 0.0453125 0.15966386554621848
466 0.3421875 0.6470588235294118 0.0765625 0.08823529411764706
179 0.4265625 0.6491596638655462 0.0890625 0.08823529411764706
465 0.4984375 0.6470588235294118 0.046875 0.0861344537815126
484 0.559375 0.6470588235294118 0.0546875 0.08823529411764706
411 0.590625 0.5735294117647058 0.0265625 0.023109243697478993
224 0.6390625 0.6470588235294118 0.08125 0.0861344537815126
14 0.86875 0.6743697478991597 0.13125 0.15966386554621848
446 0.190625 0.16806722689075632 0.1046875 0.08823529411764706
446 0.7421875 0.6470588235294118 0.10625 0.09033613445378151
360 0.95625 0.6512605042016807 0.028125 0.07142857142857142