392 0.0640625 0.14657210401891252 0.0671875 0.09219858156028368
336 0.08125 0.06619385342789598 0.0234375 0.030732860520094562
502 0.1484375 0.14657210401891252 0.0703125 0.09219858156028368
377 0.2453125 0.18439716312056736 0.1046875 0.16548463356973994
260 0.3421875 0.14657210401891252 0.075 0.08983451536643026
300 0.41875 0.14657210401891252 0.0671875 0.09219858156028368
336 0.434375 0.06619385342789598 0.021875 0.030732860520094562
411 0.4625 0.07092198581560284 0.0265625 0.02364066193853428
360 0.4859375 0.15130023640661938 0.025 0.07565011820330969
360 0.5078125 0.15130023640661938 0.0234375 0.07565011820330969
118 0.0671875 0.6524822695035462 0.075 0.08983451536643026
336 0.0765625 0.5697399527186762 0.0234375 0.030732860520094562
318 0.1484375 0.6524822695035462 0.078125 0.08983451536643026
466 0.234375 0.6524822695035462 0.0703125 0.09219858156028368
392 0.3109375 0.6524822695035462 0.06875 0.09692671394799054
326 0.4 0.6903073286052009 0.09375 0.16548463356973994
318 0.4890625 0.6524822695035462 0.078125 0.09219858156028368
336 0.509375 0.5721040189125296 0.021875 0.03309692671394799
297 0.5625 0.6903073286052009 0.0421875 0.16784869976359337
392 0.625 0.6524822695035462 0.0671875 0.09219858156028368
199 0.7 0.6524822695035462 0.071875 0.09219858156028368
207 0.7390625 0.557919621749409 0.03125 0.06619385342789598
465 0.7671875 0.6524822695035462 0.0421875 0.08983451536643026
260 0.8375 0.6524822695035462 0.0734375 0.09219858156028368
300 0.915625 0.6524822695035462 0.06875 0.09456264775413711
336 0.928125 0.5721040189125296 0.021875 0.030732860520094562
411 0.9578125 0.574468085106383 0.028125 0.02364066193853428