360 0.0578125 0.1834862385321101 0.025 0.07339449541284404
502 0.1171875 0.17889908256880735 0.06875 0.0871559633027523
336 0.1328125 0.10091743119266056 0.021875 0.027522935779816515
374 0.203125 0.17889908256880735 0.075 0.08944954128440367
355 0.2890625 0.17660550458715596 0.0875 0.08944954128440367
17 0.3921875 0.20642201834862386 0.1078125 0.16055045871559634
360 0.4671875 0.1834862385321101 0.025 0.07110091743119266
360 0.4875 0.1834862385321101 0.025 0.07339449541284404
118 0.5484375 0.17889908256880735 0.075 0.0871559633027523
336 0.55625 0.10091743119266056 0.021875 0.03211009174311927
318 0.628125 0.17889908256880735 0.078125 0.09174311926605505
466 0.7109375 0.17889908256880735 0.0703125 0.09174311926605505
502 0.790625 0.17889908256880735 0.0703125 0.08944954128440367
337 0.8703125 0.17889908256880735 0.0734375 0.09174311926605505
297 0.0671875 0.6995412844036697 0.040625 0.15825688073394495
224 0.13125 0.6651376146788991 0.075 0.08944954128440367
465 0.19375 0.6651376146788991 0.0421875 0.08944954128440367
297 0.2453125 0.6995412844036697 0.04375 0.16055045871559634
374 0.309375 0.6651376146788991 0.075 0.08486238532110092
180 0.3703125 0.7041284403669725 0.0375 0.16743119266055045
318 0.4359375 0.6651376146788991 0.078125 0.0871559633027523
336 0.4546875 0.5871559633027523 0.021875 0.02981651376146789
297 0.5078125 0.6995412844036697 0.0421875 0.16055045871559634
392 0.5671875 0.6628440366972477 0.0671875 0.08944954128440367
466 0.6484375 0.6651376146788991 0.0703125 0.08944954128440367
207 0.684375 0.573394495412844 0.0296875 0.06422018348623854
465 0.7140625 0.6651376146788991 0.04375 0.0871559633027523
360 0.759375 0.6674311926605505 0.025 0.07110091743119266
360 0.7796875 0.6674311926605505 0.025 0.07339449541284404
392 0.8375 0.6628440366972477 0.065625 0.0871559633027523
326 0.925 0.6995412844036697 0.09375 0.1559633027522936