318 0.071875 0.12826603325415678 0.078125 0.09501187648456057
336 0.0921875 0.047505938242280284 0.021875 0.030878859857482184
297 0.146875 0.16864608076009502 0.0453125 0.16864608076009502
392 0.2078125 0.13064133016627077 0.0671875 0.09501187648456057
199 0.2859375 0.12826603325415678 0.0734375 0.09501187648456057
207 0.3234375 0.035629453681710214 0.03125 0.06413301662707839
465 0.353125 0.12826603325415678 0.040625 0.09026128266033254
318 0.4234375 0.13064133016627077 0.0796875 0.09501187648456057
466 0.509375 0.13064133016627077 0.071875 0.09263657957244656
360 0.565625 0.1330166270783848 0.025 0.07600950118764846
502 0.625 0.13064133016627077 0.071875 0.09263657957244656
336 0.640625 0.047505938242280284 0.021875 0.0332541567695962
374 0.7125 0.13064133016627077 0.075 0.09026128266033254
355 0.8 0.13064133016627077 0.0875 0.09026128266033254
17 0.9046875 0.15914489311163896 0.109375 0.171021377672209
232 0.0796875 0.6745843230403801 0.0921875 0.166270783847981
355 0.1734375 0.6389548693586699 0.0875 0.09738717339667459
502 0.259375 0.6389548693586699 0.071875 0.09501187648456057
337 0.340625 0.6389548693586699 0.075 0.09738717339667459
360 0.403125 0.6437054631828979 0.025 0.07363420427553444
360 0.4234375 0.6437054631828979 0.0234375 0.07600950118764846
484 0.4734375 0.6389548693586699 0.0515625 0.09501187648456057
372 0.571875 0.672209026128266 0.125 0.16864608076009502
520 0.68125 0.6365795724465558 0.0796875 0.09501187648456057
192 0.690625 0.7197149643705463 0.0671875 0.05938242280285035
336 0.7046875 0.5581947743467933 0.021875 0.0332541567695962
520 0.78125 0.6389548693586699 0.0796875 0.09263657957244656