345 0.0953125 0.17381489841986456 0.09375 0.16252821670428894
300 0.178125 0.1399548532731377 0.06875 0.09029345372460497
466 0.259375 0.1399548532731377 0.0703125 0.09029345372460497
410 0.3375 0.13544018058690746 0.0703125 0.09255079006772009
169 0.346875 0.2144469525959368 0.0546875 0.056433408577878104
318 0.4234375 0.13769751693002258 0.0796875 0.09029345372460497
336 0.44375 0.060948081264108354 0.0234375 0.03160270880361174
297 0.4984375 0.17381489841986456 0.0421875 0.16027088036117382
355 0.56875 0.13769751693002258 0.0859375 0.09029345372460497
465 0.6390625 0.13769751693002258 0.04375 0.08803611738148984
14 0.73125 0.1670428893905192 0.125 0.16252821670428894
360 0.8140625 0.14221218961625282 0.025 0.06997742663656885
360 0.8359375 0.14221218961625282 0.025 0.06997742663656885
31 0.0859375 0.6275395033860045 0.0703125 0.09029345372460497
336 0.1015625 0.54627539503386 0.021875 0.029345372460496615
355 0.178125 0.6252821670428894 0.0859375 0.08803611738148984
336 0.2015625 0.54627539503386 0.021875 0.02708803611738149
410 0.271875 0.6252821670428894 0.0703125 0.09029345372460497
364 0.28125 0.7336343115124153 0.0765625 0.11060948081264109
297 0.34375 0.6613995485327314 0.0453125 0.16027088036117382
318 0.4109375 0.6252821670428894 0.0796875 0.09029345372460497
465 0.4765625 0.6252821670428894 0.04375 0.08803611738148984
520 0.5484375 0.6252821670428894 0.08125 0.09029345372460497
364 0.6484375 0.6591422121896162 0.103125 0.1580135440180587
297 0.7234375 0.6613995485327314 0.040625 0.16252821670428894
318 0.790625 0.6252821670428894 0.0796875 0.09029345372460497
465 0.85625 0.6252821670428894 0.0421875 0.08803611738148984
520 0.928125 0.6252821670428894 0.0796875 0.08803611738148984