360 0.0578125 0.13592233009708737 0.0234375 0.0703883495145631
318 0.11875 0.12864077669902912 0.0765625 0.09466019417475728
224 0.2015625 0.13106796116504854 0.0734375 0.09466019417475728
336 0.221875 0.04854368932038835 0.0234375 0.03398058252427184
502 0.2859375 0.12864077669902912 0.0703125 0.09223300970873786
179 0.365625 0.13106796116504854 0.0828125 0.09223300970873786
336 0.3875 0.04854368932038835 0.021875 0.03155339805825243
546 0.4671875 0.1650485436893204 0.0921875 0.16262135922330098
466 0.08125 0.6359223300970874 0.0703125 0.09223300970873786
296 0.084375 0.5509708737864077 0.0546875 0.06553398058252427
492 0.1609375 0.6723300970873787 0.065625 0.1650485436893204
502 0.2328125 0.6359223300970874 0.0734375 0.09466019417475728
318 0.3125 0.6383495145631068 0.0765625 0.09466019417475728
318 0.3984375 0.6359223300970874 0.078125 0.09466019417475728
17 0.4953125 0.6650485436893204 0.1046875 0.16990291262135923
30 0.6046875 0.633495145631068 0.096875 0.10194174757281553
360 0.665625 0.6456310679611651 0.025 0.06796116504854369
5 0.740625 0.6650485436893204 0.109375 0.16990291262135923
360 0.815625 0.6407766990291263 0.025 0.07281553398058252
9 0.89375 0.6650485436893204 0.1078125 0.16990291262135923