360 0.059375 0.14578587699316628 0.025 0.07517084282460136
10 0.1390625 0.16856492027334852 0.1109375 0.16173120728929385
574 0.24375 0.14123006833712984 0.0828125 0.08428246013667426
411 0.290625 0.06605922551252848 0.0265625 0.02050113895216401
260 0.3375 0.14123006833712984 0.075 0.0888382687927107
336 0.353125 0.06378132118451026 0.021875 0.03189066059225513
546 0.4359375 0.17539863325740318 0.0953125 0.15945330296127563
410 0.5203125 0.14123006833712984 0.0671875 0.0888382687927107
191 0.540625 0.2460136674259681 0.0609375 0.11161731207289294
14 0.6328125 0.16856492027334852 0.125 0.16173120728929385
360 0.7171875 0.14578587699316628 0.021875 0.0683371298405467
360 0.7375 0.14578587699316628 0.025 0.07061503416856492
318 0.8 0.14123006833712984 0.0765625 0.09111617312072894
260 0.0859375 0.6264236902050114 0.0734375 0.08656036446469248
336 0.1015625 0.5489749430523918 0.0265625 0.025056947608200455
318 0.1734375 0.6241457858769932 0.078125 0.0888382687927107
297 0.2421875 0.662870159453303 0.04375 0.15945330296127563
224 0.30625 0.6264236902050114 0.075 0.0888382687927107
465 0.3703125 0.6264236902050114 0.0421875 0.0888382687927107
297 0.421875 0.662870159453303 0.0421875 0.1571753986332574
374 0.4859375 0.6264236902050114 0.0734375 0.0888382687927107
180 0.5453125 0.6651480637813212 0.0375 0.16400911161731208
318 0.6125 0.6264236902050114 0.078125 0.0888382687927107
336 0.6328125 0.5489749430523918 0.0234375 0.029612756264236904
297 0.6859375 0.662870159453303 0.0421875 0.16400911161731208
392 0.746875 0.6264236902050114 0.0671875 0.0888382687927107
199 0.8234375 0.6264236902050114 0.071875 0.0888382687927107
207 0.8609375 0.5353075170842825 0.0328125 0.06150341685649203
465 0.8890625 0.6264236902050114 0.0421875 0.0888382687927107
360 0.9359375 0.6309794988610479 0.0234375 0.07061503416856492
360 0.95625 0.6309794988610479 0.025 0.07061503416856492
446 0.896875 0.14123006833712984 0.096875 0.09111617312072894