45 0.0859375 0.08185840707964602 0.0703125 0.09513274336283185
410 0.171875 0.08185840707964602 0.0765625 0.09955752212389381
355 0.2671875 0.084070796460177 0.0953125 0.09734513274336283
208 0.365625 0.084070796460177 0.0953125 0.09734513274336283
337 0.4546875 0.084070796460177 0.0828125 0.09513274336283185
360 0.5234375 0.08849557522123894 0.025 0.07743362831858407
360 0.546875 0.08628318584070796 0.0265625 0.07743362831858407
124 0.615625 0.12168141592920353 0.0890625 0.168141592920354
260 0.70625 0.084070796460177 0.0828125 0.09513274336283185
180 0.775 0.1261061946902655 0.0421875 0.17920353982300885
374 0.8453125 0.084070796460177 0.084375 0.09513274336283185
180 0.9125 0.1261061946902655 0.0421875 0.18141592920353983
360 0.9578125 0.08849557522123894 0.028125 0.07964601769911504
355 0.096875 0.6039823008849557 0.0953125 0.09292035398230089
336 0.121875 0.5221238938053098 0.0265625 0.028761061946902654
520 0.2046875 0.6039823008849557 0.090625 0.09734513274336283
510 0.3046875 0.6415929203539823 0.0953125 0.17256637168141592
260 0.3984375 0.6039823008849557 0.08125 0.09513274336283185
180 0.4671875 0.6460176991150443 0.0421875 0.17920353982300885
374 0.5375 0.6039823008849557 0.0828125 0.09955752212389381
392 0.625 0.6039823008849557 0.075 0.09292035398230089
337 0.7125 0.6039823008849557 0.0828125 0.09734513274336283
260 0.80625 0.6039823008849557 0.0828125 0.09513274336283185
336 0.825 0.5221238938053098 0.0234375 0.030973451327433628