297 0.084375 0.18669527896995708 0.04375 0.15665236051502146
318 0.153125 0.15021459227467812 0.08125 0.08798283261802575
465 0.2203125 0.15021459227467812 0.04375 0.08798283261802575
484 0.28125 0.15021459227467812 0.0546875 0.09012875536480687
411 0.3109375 0.07725321888412018 0.0265625 0.023605150214592276
60 0.3625 0.15450643776824036 0.084375 0.10300429184549356
297 0.434375 0.18669527896995708 0.0453125 0.15879828326180256
410 0.4984375 0.15021459227467812 0.071875 0.08798283261802575
169 0.5078125 0.22532188841201717 0.0546875 0.0536480686695279
465 0.565625 0.15021459227467812 0.04375 0.08798283261802575
297 0.61875 0.18669527896995708 0.04375 0.1609442060085837
410 0.684375 0.15021459227467812 0.071875 0.08798283261802575
502 0.765625 0.15021459227467812 0.075 0.08798283261802575
336 0.7828125 0.07510729613733906 0.025 0.030042918454935622
318 0.8578125 0.15236051502145923 0.08125 0.08798283261802575
360 0.921875 0.15665236051502146 0.025 0.06866952789699571
360 0.94375 0.15450643776824036 0.025 0.06866952789699571
337 0.1015625 0.628755364806867 0.0796875 0.09012875536480687
412 0.184375 0.6266094420600858 0.071875 0.09012875536480687
410 0.2671875 0.6266094420600858 0.0734375 0.09012875536480687
199 0.346875 0.628755364806867 0.0734375 0.09012875536480687
355 0.4375 0.628755364806867 0.090625 0.09012875536480687
318 0.5296875 0.6266094420600858 0.08125 0.09012875536480687
336 0.55 0.5515021459227468 0.0234375 0.032188841201716736
471 0.628125 0.6587982832618026 0.1015625 0.15021459227467812
355 0.728125 0.6266094420600858 0.090625 0.08583690987124463
215 0.7421875 0.7060085836909872 0.065625 0.05793991416309013
336 0.75625 0.5515021459227468 0.025 0.030042918454935622
14 0.85625 0.6545064377682404 0.128125 0.15879828326180256