297 0.0765625 0.1718377088305489 0.0390625 0.162291169451074
224 0.1390625 0.1360381861575179 0.071875 0.09069212410501193
465 0.2 0.13365155131264916 0.0390625 0.0883054892601432
242 0.2640625 0.1360381861575179 0.06875 0.09069212410501193
180 0.321875 0.1766109785202864 0.0375 0.16945107398568018
374 0.384375 0.1360381861575179 0.0703125 0.09069212410501193
410 0.4609375 0.13365155131264916 0.0671875 0.09069212410501193
411 0.4984375 0.06205250596658711 0.025 0.02386634844868735
502 0.540625 0.1360381861575179 0.06875 0.0883054892601432
336 0.55625 0.057279236276849645 0.021875 0.028639618138424822
411 0.584375 0.06205250596658711 0.025 0.021479713603818614
508 0.6328125 0.1766109785202864 0.0859375 0.1718377088305489
300 0.7109375 0.13842482100238662 0.065625 0.0883054892601432
296 0.7125 0.05489260143198091 0.0546875 0.06205250596658711
19 0.809375 0.16467780429594273 0.10625 0.162291169451074
374 0.090625 0.6229116945107399 0.0703125 0.0883054892601432
410 0.16875 0.6229116945107399 0.065625 0.09069212410501193
199 0.2421875 0.6229116945107399 0.06875 0.09069212410501193
336 0.25625 0.5465393794749404 0.0203125 0.03341288782816229
410 0.321875 0.6229116945107399 0.065625 0.09069212410501193
215 0.3265625 0.7016706443914081 0.0609375 0.057279236276849645
296 0.328125 0.5417661097852029 0.053125 0.059665871121718374
207 0.365625 0.5322195704057279 0.0296875 0.06205250596658711
360 0.390625 0.6276849642004774 0.0234375 0.07159904534606205
360 0.4109375 0.6276849642004774 0.025 0.07398568019093078
118 0.46875 0.6229116945107399 0.071875 0.08591885441527446
224 0.5390625 0.6229116945107399 0.071875 0.0883054892601432
296 0.5453125 0.5417661097852029 0.053125 0.06205250596658711
410 0.621875 0.6229116945107399 0.0671875 0.09069212410501193
169 0.63125 0.7016706443914081 0.05 0.05489260143198091
336 0.640625 0.5465393794749404 0.0203125 0.028639618138424822
410 0.7046875 0.6229116945107399 0.065625 0.09069212410501193