471 0.09375 0.1720647773279352 0.1140625 0.16194331983805668
520 0.209375 0.13765182186234817 0.103125 0.0931174089068826
215 0.225 0.22267206477732793 0.0765625 0.06072874493927125
336 0.240625 0.05668016194331984 0.028125 0.032388663967611336
355 0.33125 0.1396761133603239 0.103125 0.0931174089068826
179 0.4359375 0.1396761133603239 0.0953125 0.0951417004048583
336 0.459375 0.058704453441295545 0.0265625 0.030364372469635626
546 0.5546875 0.17408906882591094 0.1140625 0.1659919028340081
374 0.6609375 0.1417004048582996 0.0890625 0.0931174089068826
300 0.753125 0.1396761133603239 0.08125 0.0951417004048583
336 0.76875 0.05668016194331984 0.028125 0.032388663967611336
360 0.821875 0.1437246963562753 0.03125 0.07894736842105263
326 0.1 0.6842105263157895 0.109375 0.1659919028340081
242 0.203125 0.6477732793522267 0.0859375 0.0931174089068826
466 0.3015625 0.6477732793522267 0.0859375 0.09109311740890688
148 0.3953125 0.6781376518218624 0.1125 0.1680161943319838
297 0.484375 0.6862348178137652 0.05 0.1700404858299595
224 0.559375 0.6477732793522267 0.090625 0.0951417004048583
465 0.6359375 0.6477732793522267 0.05 0.0931174089068826
297 0.696875 0.6862348178137652 0.05 0.1720647773279352
556 0.771875 0.6477732793522267 0.084375 0.0951417004048583
465 0.8421875 0.645748987854251 0.05 0.09109311740890688
360 0.896875 0.6518218623481782 0.0296875 0.07489878542510121
360 0.9203125 0.6518218623481782 0.028125 0.07489878542510121