61 0.071875 0.18543046357615894 0.078125 0.08830022075055188
296 0.06875 0.10375275938189846 0.0578125 0.059602649006622516
466 0.153125 0.18543046357615894 0.0734375 0.08388520971302428
374 0.2359375 0.18763796909492272 0.078125 0.08830022075055188
75 0.3203125 0.18543046357615894 0.071875 0.08830022075055188
296 0.3234375 0.10375275938189846 0.0578125 0.059602649006622516
300 0.403125 0.18543046357615894 0.0703125 0.09050772626931568
484 0.471875 0.18763796909492272 0.0546875 0.08830022075055188
520 0.5484375 0.18543046357615894 0.0828125 0.09050772626931568
355 0.6421875 0.18543046357615894 0.0890625 0.08830022075055188
296 0.6578125 0.10375275938189846 0.05625 0.059602649006622516
194 0.6640625 0.2737306843267108 0.046875 0.0772626931567329
484 0.7296875 0.18543046357615894 0.053125 0.08609271523178808
336 0.7359375 0.10816777041942605 0.0234375 0.026490066225165563
410 0.8046875 0.18543046357615894 0.0703125 0.09050772626931568
164 0.815625 0.26048565121412803 0.0515625 0.05739514348785872
336 0.8234375 0.10816777041942605 0.0234375 0.03090507726269316
318 0.071875 0.6688741721854304 0.0796875 0.08609271523178808
466 0.159375 0.6688741721854304 0.0734375 0.09050772626931568
574 0.246875 0.6688741721854304 0.0859375 0.08830022075055188
411 0.29375 0.5960264900662252 0.028125 0.02207505518763797
260 0.3421875 0.6688741721854304 0.0765625 0.08830022075055188
336 0.359375 0.5938189845474614 0.0234375 0.03090507726269316
392 0.428125 0.6688741721854304 0.06875 0.08830022075055188
355 0.5140625 0.6688741721854304 0.0890625 0.08830022075055188
212 0.6140625 0.7019867549668874 0.09375 0.15673289183222958
260 0.703125 0.6688741721854304 0.0765625 0.08609271523178808
296 0.7125 0.58719646799117 0.05625 0.059602649006622516
169 0.7140625 0.7461368653421634 0.05625 0.05518763796909492
412 0.7921875 0.6710816777041942 0.0703125 0.08609271523178808
17 0.8890625 0.6975717439293598 0.1125 0.15894039735099338