471 0.0921875 0.18181818181818182 0.096875 0.1590909090909091
355 0.1921875 0.14772727272727273 0.0890625 0.09318181818181819
215 0.2046875 0.22954545454545455 0.0640625 0.05909090909090909
336 0.2203125 0.07045454545454545 0.021875 0.031818181818181815
355 0.2984375 0.14772727272727273 0.0890625 0.09090909090909091
200 0.3921875 0.18181818181818182 0.1 0.16136363636363638
355 0.4921875 0.15 0.090625 0.09090909090909091
215 0.5046875 0.22954545454545455 0.0640625 0.05909090909090909
336 0.51875 0.06818181818181818 0.0234375 0.02727272727272727
355 0.5984375 0.15 0.0875 0.09318181818181819
215 0.6109375 0.2318181818181818 0.065625 0.05909090909090909
296 0.6140625 0.0659090909090909 0.0578125 0.06363636363636363
207 0.6546875 0.05454545454545454 0.03125 0.06136363636363636
502 0.7015625 0.15 0.071875 0.09090909090909091
296 0.7078125 0.0659090909090909 0.0578125 0.0659090909090909
232 0.8 0.18409090909090908 0.0953125 0.16363636363636364
22 0.9125 0.17727272727272728 0.11875 0.16590909090909092
360 0.0625 0.6545454545454545 0.025 0.07272727272727272
360 0.084375 0.6522727272727272 0.0265625 0.075
132 0.1484375 0.6568181818181819 0.0796875 0.11136363636363636
466 0.2359375 0.6522727272727272 0.075 0.09318181818181819
336 0.2515625 0.5704545454545454 0.025 0.031818181818181815
224 0.325 0.65 0.078125 0.09318181818181819
296 0.3328125 0.5659090909090909 0.0578125 0.05909090909090909
207 0.371875 0.5568181818181818 0.03125 0.06136363636363636
260 0.4234375 0.65 0.0765625 0.09318181818181819
502 0.50625 0.6522727272727272 0.0765625 0.09318181818181819
207 0.546875 0.5568181818181818 0.0328125 0.0659090909090909
355 0.6015625 0.6522727272727272 0.090625 0.09090909090909091
17 0.709375 0.6795454545454546 0.1125 0.16590909090909092