466 0.1046875 0.1506849315068493 0.0734375 0.09360730593607305
296 0.1078125 0.0684931506849315 0.059375 0.06164383561643835
410 0.190625 0.1506849315068493 0.071875 0.09817351598173515
296 0.19375 0.06621004566210045 0.0578125 0.0639269406392694
382 0.2859375 0.1872146118721461 0.0953125 0.16666666666666666
510 0.3828125 0.1872146118721461 0.0890625 0.16666666666666666
484 0.45625 0.1506849315068493 0.053125 0.091324200913242
297 0.5140625 0.18949771689497716 0.04375 0.16666666666666666
410 0.578125 0.1506849315068493 0.071875 0.09360730593607305
118 0.59375 0.2328767123287671 0.059375 0.0547945205479452
297 0.65 0.18949771689497716 0.04375 0.16666666666666666
392 0.7125 0.1506849315068493 0.0703125 0.09360730593607305
199 0.7921875 0.15296803652968036 0.0765625 0.09360730593607305
465 0.85625 0.1506849315068493 0.04375 0.08904109589041095
360 0.9015625 0.1552511415525114 0.025 0.07534246575342465
502 0.1015625 0.6598173515981736 0.0734375 0.08904109589041095
336 0.11875 0.5799086757990868 0.025 0.02968036529680365
502 0.190625 0.6598173515981736 0.0765625 0.09360730593607305
215 0.1953125 0.7420091324200914 0.0671875 0.0593607305936073
296 0.1984375 0.5753424657534246 0.059375 0.0639269406392694
392 0.2796875 0.6598173515981736 0.0703125 0.091324200913242
364 0.290625 0.771689497716895 0.078125 0.11643835616438356
297 0.3546875 0.6963470319634704 0.04375 0.1689497716894977
318 0.425 0.6598173515981736 0.0796875 0.09360730593607305
465 0.4921875 0.6598173515981736 0.04375 0.09360730593607305
520 0.565625 0.6598173515981736 0.0828125 0.091324200913242
318 0.65625 0.6598173515981736 0.08125 0.0958904109589041
336 0.6765625 0.5776255707762558 0.025 0.02968036529680365
297 0.7328125 0.6963470319634704 0.0453125 0.1689497716894977
392 0.796875 0.6575342465753424 0.0703125 0.09360730593607305
199 0.8765625 0.6598173515981736 0.0734375 0.09360730593607305
207 0.915625 0.5639269406392694 0.03125 0.0639269406392694
465 0.9453125 0.6575342465753424 0.04375 0.091324200913242