520 0.096875 0.14313346228239845 0.09375 0.08897485493230174
296 0.10625 0.061895551257253385 0.0671875 0.06382978723404255
207 0.153125 0.05222437137330754 0.0359375 0.061895551257253385
232 0.21875 0.17794970986460348 0.1078125 0.15860735009671179
355 0.3265625 0.14119922630560927 0.1 0.09090909090909091
215 0.340625 0.22243713733075435 0.0734375 0.059961315280464215
336 0.359375 0.06576402321083172 0.028125 0.029013539651837523
392 0.4359375 0.14313346228239845 0.0796875 0.09284332688588008
296 0.4390625 0.059961315280464215 0.0671875 0.06382978723404255
392 0.53125 0.14313346228239845 0.0796875 0.09090909090909091
163 0.55 0.24758220502901354 0.08125 0.11218568665377177
355 0.6421875 0.14313346228239845 0.103125 0.09090909090909091
242 0.7453125 0.14119922630560927 0.0875 0.08704061895551257
296 0.75 0.061895551257253385 0.065625 0.061895551257253385
374 0.846875 0.14119922630560927 0.0875 0.09090909090909091
180 0.91875 0.18181818181818182 0.046875 0.16634429400386846
297 0.0734375 0.6615087040618955 0.0484375 0.15860735009671179
355 0.15625 0.6247582205029013 0.1015625 0.08897485493230174
465 0.2375 0.6266924564796905 0.0484375 0.08704061895551257
492 0.3109375 0.6595744680851063 0.078125 0.15860735009671179
466 0.4 0.6247582205029013 0.08125 0.09090909090909091
208 0.4984375 0.6228239845261122 0.1015625 0.09090909090909091
336 0.5140625 0.5473887814313346 0.028125 0.029013539651837523
260 0.596875 0.6247582205029013 0.0859375 0.08897485493230174
296 0.6046875 0.5435203094777563 0.0671875 0.061895551257253385
412 0.696875 0.6247582205029013 0.0796875 0.08897485493230174
17 0.80625 0.6537717601547389 0.128125 0.16054158607350097