392 0.0828125 0.1450381679389313 0.0828125 0.0916030534351145
296 0.0875 0.061068702290076333 0.0671875 0.0648854961832061
374 0.1859375 0.1431297709923664 0.0921875 0.09351145038167939
411 0.2375 0.06679389312977099 0.0328125 0.022900763358778626
300 0.2890625 0.1450381679389313 0.0828125 0.09351145038167939
299 0.2921875 0.05916030534351145 0.0703125 0.06297709923664122
355 0.3984375 0.1431297709923664 0.10625 0.09541984732824428
410 0.503125 0.1431297709923664 0.0859375 0.09351145038167939
200 0.603125 0.17748091603053434 0.1171875 0.16030534351145037
355 0.721875 0.1431297709923664 0.10625 0.0916030534351145
336 0.75625 0.0648854961832061 0.0296875 0.03625954198473282
215 0.7390625 0.22519083969465647 0.078125 0.05916030534351145
14 0.8734375 0.1736641221374046 0.153125 0.16793893129770993
466 0.0890625 0.6450381679389313 0.0875 0.08969465648854962
296 0.0921875 0.5610687022900763 0.06875 0.05916030534351145
207 0.1421875 0.549618320610687 0.034375 0.0648854961832061
232 0.209375 0.6793893129770993 0.1125 0.16412213740458015
492 0.3109375 0.6812977099236641 0.0828125 0.16412213740458015
318 0.4046875 0.6450381679389313 0.096875 0.0916030534351145
410 0.5046875 0.6450381679389313 0.0859375 0.09541984732824428
297 0.584375 0.683206106870229 0.053125 0.16793893129770993
484 0.65 0.6450381679389313 0.065625 0.0916030534351145
297 0.7171875 0.6812977099236641 0.053125 0.16603053435114504
410 0.7921875 0.6431297709923665 0.0828125 0.0916030534351145
215 0.7984375 0.7270992366412213 0.078125 0.05916030534351145
360 0.8671875 0.6507633587786259 0.0296875 0.07251908396946564
360 0.8921875 0.6507633587786259 0.0328125 0.07061068702290077