107 0.103125 0.16421052631578947 0.10625 0.16631578947368422
355 0.2078125 0.13473684210526315 0.09375 0.09052631578947369
215 0.225 0.21473684210526317 0.071875 0.056842105263157895
336 0.2390625 0.056842105263157895 0.025 0.029473684210526315
355 0.3234375 0.13263157894736843 0.0953125 0.09263157894736843
179 0.4203125 0.13473684210526315 0.0890625 0.09052631578947369
336 0.44375 0.056842105263157895 0.0265625 0.029473684210526315
410 0.51875 0.13473684210526315 0.0765625 0.09263157894736843
336 0.534375 0.056842105263157895 0.0234375 0.031578947368421054
520 0.615625 0.13473684210526315 0.090625 0.09473684210526316
296 0.625 0.05052631578947368 0.0640625 0.06315789473684211
207 0.671875 0.04421052631578947 0.0375 0.06526315789473684
337 0.721875 0.13473684210526315 0.0828125 0.09052631578947369
260 0.815625 0.13473684210526315 0.08125 0.09052631578947369
336 0.834375 0.056842105263157895 0.0265625 0.03368421052631579
260 0.9140625 0.1368421052631579 0.0859375 0.09052631578947369
336 0.93125 0.056842105263157895 0.025 0.031578947368421054
224 0.10625 0.6294736842105263 0.0859375 0.09052631578947369
296 0.109375 0.5473684210526316 0.0640625 0.061052631578947365
207 0.1546875 0.5347368421052632 0.034375 0.06315789473684211
224 0.2078125 0.6294736842105263 0.0828125 0.09263157894736843
300 0.29375 0.6273684210526316 0.0734375 0.09473684210526316
318 0.38125 0.6294736842105263 0.0859375 0.09052631578947369
336 0.4046875 0.5494736842105263 0.025 0.02736842105263158