297 0.0671875 0.19090909090909092 0.04375 0.16136363636363638
355 0.1390625 0.15227272727272728 0.0875 0.09090909090909091
465 0.2078125 0.15227272727272728 0.04375 0.09090909090909091
297 0.2609375 0.19090909090909092 0.04375 0.16363636363636364
392 0.3234375 0.15454545454545454 0.06875 0.08863636363636364
465 0.384375 0.15227272727272728 0.0421875 0.09090909090909091
260 0.453125 0.15454545454545454 0.0765625 0.09090909090909091
336 0.4703125 0.07727272727272727 0.021875 0.02727272727272727
520 0.5453125 0.15454545454545454 0.08125 0.09090909090909091
21 0.6484375 0.17954545454545454 0.109375 0.16590909090909092
360 0.7234375 0.15681818181818183 0.0265625 0.075
260 0.7859375 0.15454545454545454 0.0765625 0.08863636363636364
336 0.8046875 0.075 0.0234375 0.031818181818181815
318 0.0875 0.6454545454545455 0.0828125 0.09090909090909091
410 0.1703125 0.6431818181818182 0.06875 0.09545454545454546
215 0.171875 0.7227272727272728 0.0640625 0.05909090909090909
484 0.2421875 0.6454545454545455 0.053125 0.08863636363636364
260 0.421875 0.6454545454545455 0.075 0.09090909090909091
300 0.5 0.6454545454545455 0.06875 0.08863636363636364
336 0.5140625 0.5681818181818182 0.021875 0.031818181818181815
411 0.54375 0.5704545454545454 0.0265625 0.022727272727272728
360 0.565625 0.65 0.0234375 0.07045454545454545
224 0.628125 0.6454545454545455 0.078125 0.09090909090909091
556 0.7125 0.6454545454545455 0.0703125 0.09090909090909091
411 0.7515625 0.5704545454545454 0.028125 0.022727272727272728
474 0.80625 0.6795454545454546 0.0875 0.1590909090909091
520 0.89375 0.6454545454545455 0.08125 0.08863636363636364
336 0.9140625 0.5659090909090909 0.021875 0.02727272727272727
180 0.9640625 0.6840909090909091 0.040625 0.16818181818181818
446 0.325 0.6454545454545455 0.1 0.09318181818181819