360 0.040625 0.12555066079295155 0.025 0.07488986784140969
260 0.1078125 0.1211453744493392 0.078125 0.09030837004405286
410 0.19375 0.11894273127753303 0.0734375 0.0947136563876652
179 0.278125 0.1211453744493392 0.0859375 0.09030837004405286
336 0.3015625 0.039647577092511016 0.021875 0.030837004405286344
355 0.3828125 0.1211453744493392 0.090625 0.09251101321585903
410 0.4734375 0.1211453744493392 0.071875 0.0947136563876652
208 0.5625 0.11894273127753303 0.090625 0.09251101321585903
297 0.63125 0.15638766519823788 0.0453125 0.16740088105726872
374 0.6984375 0.11894273127753303 0.078125 0.09251101321585903
194 0.7140625 0.21365638766519823 0.0484375 0.07488986784140969
465 0.7703125 0.11894273127753303 0.04375 0.09030837004405286
17 0.85625 0.14977973568281938 0.1171875 0.16519823788546256
360 0.9375 0.12334801762114538 0.0265625 0.07048458149779736
360 0.959375 0.12334801762114538 0.0265625 0.07488986784140969
104 0.0640625 0.6145374449339207 0.071875 0.09691629955947137
296 0.0671875 0.5352422907488987 0.059375 0.06167400881057269
296 0.153125 0.5352422907488987 0.0578125 0.06387665198237885
392 0.15 0.6167400881057269 0.0734375 0.0947136563876652
484 0.228125 0.6189427312775331 0.0578125 0.09030837004405286
336 0.234375 0.539647577092511 0.025 0.030837004405286344
410 0.30625 0.6189427312775331 0.0734375 0.09251101321585903
215 0.3109375 0.7004405286343612 0.065625 0.05726872246696035
180 0.371875 0.6585903083700441 0.040625 0.17180616740088106
392 0.4390625 0.6211453744493393 0.0734375 0.09030837004405286
296 0.4421875 0.5352422907488987 0.059375 0.06607929515418502
392 0.525 0.6189427312775331 0.071875 0.09030837004405286
159 0.5328125 0.698237885462555 0.0578125 0.05947136563876652
520 0.6171875 0.6189427312775331 0.0828125 0.09030837004405286
502 0.7046875 0.6189427312775331 0.078125 0.09030837004405286
336 0.721875 0.5374449339207048 0.0234375 0.03303964757709251