318 0.0765625 0.1504424778761062 0.0984375 0.09026548672566372
336 0.103125 0.07079646017699115 0.028125 0.03185840707964602
297 0.171875 0.18584070796460178 0.0546875 0.16283185840707964
392 0.253125 0.1504424778761062 0.0875 0.09026548672566372
199 0.3515625 0.1504424778761062 0.0921875 0.0920353982300885
207 0.4015625 0.0584070796460177 0.0390625 0.06371681415929203
465 0.4375 0.1486725663716814 0.05625 0.09026548672566372
318 0.5296875 0.1486725663716814 0.1015625 0.09026548672566372
224 0.778125 0.1504424778761062 0.0984375 0.09026548672566372
300 0.88125 0.1504424778761062 0.0890625 0.09026548672566372
336 0.8984375 0.07256637168141593 0.028125 0.03185840707964602
466 0.0765625 0.6424778761061947 0.090625 0.09026548672566372
296 0.08125 0.5592920353982301 0.0734375 0.06371681415929203
492 0.18125 0.6778761061946903 0.0890625 0.16106194690265488
502 0.2765625 0.6424778761061947 0.09375 0.08849557522123894
318 0.384375 0.6424778761061947 0.1 0.0920353982300885
318 0.4953125 0.6424778761061947 0.1015625 0.09026548672566372
17 0.625 0.6707964601769911 0.1421875 0.16283185840707964
446 0.6546875 0.1504424778761062 0.1296875 0.0920353982300885