297 0.103125 0.1411764705882353 0.0421875 0.16705882352941176
261 0.1703125 0.1011764705882353 0.0734375 0.09176470588235294
297 0.2359375 0.1388235294117647 0.0453125 0.16941176470588235
556 0.3 0.0988235294117647 0.0703125 0.09647058823529411
297 0.3671875 0.1388235294117647 0.04375 0.16941176470588235
355 0.4390625 0.1011764705882353 0.0875 0.09647058823529411
382 0.5359375 0.1388235294117647 0.090625 0.16470588235294117
412 0.621875 0.10352941176470588 0.0703125 0.0988235294117647
502 0.11875 0.6188235294117647 0.071875 0.09176470588235294
296 0.1234375 0.5294117647058824 0.0578125 0.06588235294117648
297 0.190625 0.6541176470588236 0.04375 0.16941176470588235
355 0.2625 0.6188235294117647 0.0875 0.09647058823529411
465 0.3328125 0.6164705882352941 0.04375 0.09411764705882353
374 0.4015625 0.6164705882352941 0.078125 0.09411764705882353
180 0.465625 0.6564705882352941 0.040625 0.17647058823529413
437 0.5375 0.6517647058823529 0.084375 0.16705882352941176
392 0.61875 0.6141176470588235 0.06875 0.09647058823529411
199 0.696875 0.6164705882352941 0.071875 0.0988235294117647
14 0.8046875 0.6470588235294118 0.128125 0.17176470588235293