466 0.084375 0.15822784810126583 0.0765625 0.08860759493670886
296 0.0890625 0.0759493670886076 0.0609375 0.05907172995780591
492 0.1734375 0.19198312236286919 0.071875 0.16033755274261605
502 0.2515625 0.15822784810126583 0.0765625 0.09071729957805907
318 0.340625 0.15822784810126583 0.0828125 0.09071729957805907
318 0.4328125 0.15822784810126583 0.084375 0.09071729957805907
410 0.5234375 0.15822784810126583 0.0765625 0.09071729957805907
215 0.5265625 0.23628691983122363 0.0671875 0.05907172995780591
296 0.5296875 0.0759493670886076 0.0625 0.06118143459915612
207 0.571875 0.06751054852320675 0.0296875 0.06329113924050633
520 0.628125 0.15822784810126583 0.0875 0.08860759493670886
296 0.6375 0.0759493670886076 0.0625 0.06118143459915612
410 0.7234375 0.15822784810126583 0.0734375 0.09282700421940929
546 0.7390625 0.26582278481012656 0.075 0.10970464135021098
574 0.8265625 0.15822784810126583 0.090625 0.08649789029535865
411 0.875 0.08227848101265822 0.0265625 0.02531645569620253
260 0.084375 0.6413502109704642 0.08125 0.08860759493670886
336 0.1046875 0.5675105485232067 0.025 0.03164556962025317
286 0.1875 0.6772151898734177 0.096875 0.15822784810126583
300 0.2734375 0.6434599156118144 0.071875 0.08860759493670886
260 0.3609375 0.6434599156118144 0.08125 0.09071729957805907
296 0.3671875 0.5632911392405063 0.0609375 0.06329113924050633
355 0.4609375 0.6434599156118144 0.0921875 0.08860759493670886
520 0.5609375 0.6434599156118144 0.084375 0.08860759493670886
296 0.575 0.5590717299578059 0.0609375 0.06118143459915612
169 0.5765625 0.7215189873417721 0.059375 0.056962025316455694
412 0.659375 0.6434599156118144 0.075 0.08860759493670886
17 0.7609375 0.6708860759493671 0.11875 0.16244725738396623