466 0.10625 0.1840607210626186 0.084375 0.08918406072106262
296 0.109375 0.10246679316888045 0.065625 0.06261859582542695
420 0.2140625 0.21631878557874762 0.0984375 0.16129032258064516
318 0.3140625 0.18216318785578747 0.0953125 0.08918406072106262
502 0.4140625 0.1840607210626186 0.0875 0.09297912713472485
360 0.484375 0.18785578747628084 0.028125 0.07400379506641366
360 0.509375 0.1859582542694497 0.028125 0.07590132827324478
118 0.58125 0.18216318785578747 0.090625 0.08918406072106262
296 0.578125 0.10056925996204934 0.0671875 0.06261859582542695
260 0.678125 0.1840607210626186 0.090625 0.08918406072106262
411 0.7265625 0.10815939278937381 0.03125 0.024667931688804556
355 0.7890625 0.18216318785578747 0.103125 0.0872865275142315
17 0.9125 0.21062618595825428 0.13125 0.16129032258064516
466 0.1046875 0.6698292220113852 0.084375 0.08918406072106262
296 0.109375 0.5901328273244781 0.065625 0.058823529411764705
492 0.2015625 0.7058823529411765 0.08125 0.15749525616698293
502 0.2890625 0.6698292220113852 0.0859375 0.09108159392789374
318 0.3890625 0.6717267552182163 0.0921875 0.08918406072106262
318 0.49375 0.6717267552182163 0.0953125 0.09108159392789374
410 0.5921875 0.6698292220113852 0.08125 0.09108159392789374
574 0.6 0.7495256166982922 0.0703125 0.05502846299810247
411 0.6421875 0.5958254269449715 0.034375 0.022770398481973434
520 0.7015625 0.6717267552182163 0.0953125 0.0872865275142315
14 0.834375 0.7001897533206831 0.15 0.16318785578747627