392 0.0796875 0.1422319474835886 0.071875 0.09190371991247265
296 0.0859375 0.05908096280087528 0.059375 0.06345733041575492
410 0.1703125 0.1422319474835886 0.071875 0.08971553610503283
169 0.178125 0.2210065645514223 0.0546875 0.0525164113785558
466 0.259375 0.14442013129102846 0.075 0.09409190371991247
520 0.35 0.14442013129102846 0.084375 0.09190371991247265
192 0.359375 0.22319474835886213 0.0703125 0.05689277899343545
410 0.440625 0.1422319474835886 0.075 0.09190371991247265
187 0.4546875 0.22319474835886213 0.0484375 0.06345733041575492
520 0.534375 0.1422319474835886 0.084375 0.09190371991247265
180 0.6015625 0.1838074398249453 0.040625 0.17286652078774617
318 0.6734375 0.14442013129102846 0.08125 0.09190371991247265
336 0.6921875 0.06345733041575492 0.0234375 0.03282275711159737
297 0.75 0.17943107221006566 0.04375 0.16411378555798686
392 0.815625 0.1400437636761488 0.071875 0.0962800875273523
199 0.8953125 0.1422319474835886 0.075 0.09190371991247265
207 0.9375 0.05032822757111598 0.03125 0.061269146608315096
465 0.9671875 0.1422319474835886 0.04375 0.08971553610503283
260 0.0859375 0.6367614879649891 0.0796875 0.09190371991247265
336 0.1046875 0.5601750547045952 0.0234375 0.03282275711159737
392 0.1765625 0.6367614879649891 0.0734375 0.09190371991247265
336 0.1921875 0.5579868708971554 0.025 0.03282275711159737
410 0.2625 0.6367614879649891 0.071875 0.09190371991247265
215 0.26875 0.7177242888402626 0.065625 0.05689277899343545
326 0.3625 0.6739606126914661 0.1 0.16192560175054704
410 0.453125 0.6367614879649891 0.0734375 0.0962800875273523
546 0.4671875 0.7461706783369803 0.0734375 0.11159737417943107
355 0.553125 0.6389496717724289 0.0921875 0.08971553610503283
296 0.56875 0.5536105032822757 0.059375 0.06345733041575492
194 0.575 0.7286652078774617 0.05 0.07658643326039387
392 0.6515625 0.6367614879649891 0.0703125 0.09409190371991247
296 0.6578125 0.5536105032822757 0.0609375 0.061269146608315096
159 0.6625 0.7155361050328227 0.0546875 0.05470459518599562
374 0.746875 0.6367614879649891 0.0796875 0.08971553610503283
336 0.7640625 0.5601750547045952 0.0234375 0.03282275711159737