318 0.0875 0.15458015267175573 0.09375 0.09351145038167939
336 0.1109375 0.07633587786259542 0.0296875 0.03244274809160305
355 0.1953125 0.15458015267175573 0.09375 0.0916030534351145
222 0.203125 0.07442748091603053 0.0265625 0.030534351145038167
336 0.2234375 0.07442748091603053 0.025 0.02862595419847328
410 0.303125 0.15267175572519084 0.0828125 0.0916030534351145
169 0.3140625 0.23091603053435114 0.0625 0.05343511450381679
484 0.390625 0.15267175572519084 0.0625 0.08969465648854962
336 0.3984375 0.07633587786259542 0.0265625 0.02862595419847328
392 0.4765625 0.15458015267175573 0.08125 0.08778625954198473
296 0.4796875 0.07251908396946564 0.0671875 0.06297709923664122
297 0.559375 0.19083969465648856 0.05 0.16221374045801526
484 0.621875 0.15458015267175573 0.0625 0.08969465648854962
355 0.7140625 0.15458015267175573 0.103125 0.0916030534351145
574 0.8265625 0.15458015267175573 0.1 0.08969465648854962
411 0.8796875 0.07824427480916031 0.03125 0.022900763358778626
392 0.08125 0.6412213740458015 0.0796875 0.08969465648854962
296 0.0859375 0.5610687022900763 0.065625 0.061068702290076333
410 0.18125 0.6393129770992366 0.0828125 0.0916030534351145
296 0.184375 0.5610687022900763 0.0671875 0.061068702290076333
484 0.2671875 0.6393129770992366 0.0625 0.08969465648854962
336 0.2734375 0.5629770992366412 0.0265625 0.02862595419847328
392 0.3546875 0.6393129770992366 0.0796875 0.09351145038167939
364 0.4640625 0.6755725190839694 0.121875 0.15648854961832062
297 0.5546875 0.6774809160305344 0.05 0.15839694656488548
318 0.634375 0.6431297709923665 0.09375 0.08969465648854962
465 0.7125 0.6412213740458015 0.0484375 0.08778625954198473
520 0.7984375 0.6412213740458015 0.0984375 0.08969465648854962
360 0.871875 0.6450381679389313 0.0296875 0.07061068702290077
360 0.8984375 0.6450381679389313 0.0296875 0.07251908396946564