31 0.0953125 0.11790393013100436 0.0765625 0.09606986899563319
336 0.109375 0.03711790393013101 0.025 0.028384279475982533
318 0.1859375 0.11790393013100436 0.0828125 0.09170305676855896
574 0.2828125 0.11572052401746726 0.0890625 0.09170305676855896
520 0.378125 0.11572052401746726 0.0875 0.08951965065502183
392 0.465625 0.11790393013100436 0.071875 0.09170305676855896
159 0.4765625 0.1943231441048035 0.05625 0.05458515283842795
318 0.5578125 0.11790393013100436 0.084375 0.09170305676855896
410 0.6453125 0.11572052401746726 0.0734375 0.09170305676855896
169 0.6546875 0.1965065502183406 0.05625 0.05458515283842795
374 0.7328125 0.11572052401746726 0.08125 0.09388646288209607
16 0.8359375 0.1462882096069869 0.1171875 0.16593886462882096
345 0.103125 0.648471615720524 0.096875 0.16593886462882096
318 0.1984375 0.6157205240174672 0.084375 0.09170305676855896
374 0.2890625 0.6135371179039302 0.0796875 0.09170305676855896
159 0.3015625 0.6921397379912664 0.0546875 0.05458515283842795
296 0.296875 0.5305676855895196 0.0625 0.06331877729257641
374 0.384375 0.6135371179039302 0.0796875 0.08951965065502183
336 0.4046875 0.5349344978165939 0.025 0.028384279475982533
318 0.48125 0.6135371179039302 0.084375 0.09170305676855896
336 0.503125 0.5327510917030568 0.025 0.03056768558951965
337 0.578125 0.6135371179039302 0.0828125 0.09170305676855896
222 0.5828125 0.5305676855895196 0.0234375 0.034934497816593885
336 0.603125 0.5349344978165939 0.0234375 0.028384279475982533
410 0.675 0.6135371179039302 0.0734375 0.09170305676855896
179 0.7609375 0.6135371179039302 0.0859375 0.09170305676855896
336 0.7828125 0.5349344978165939 0.025 0.03056768558951965
410 0.8546875 0.611353711790393 0.0734375 0.09606986899563319
336 0.8703125 0.5327510917030568 0.025 0.03056768558951965