355 0.0953125 0.15137614678899083 0.0875 0.09403669724770643
296 0.1078125 0.06880733944954129 0.059375 0.06192660550458716
400 0.19375 0.18577981651376146 0.084375 0.1628440366972477
260 0.28125 0.15137614678899083 0.075 0.09403669724770643
336 0.296875 0.07339449541284404 0.0234375 0.02981651376146789
318 0.3703125 0.15137614678899083 0.08125 0.09174311926605505
410 0.4546875 0.15137614678899083 0.0703125 0.09403669724770643
296 0.4609375 0.06880733944954129 0.0578125 0.05963302752293578
194 0.465625 0.2408256880733945 0.0484375 0.0779816513761468
412 0.540625 0.15137614678899083 0.0703125 0.09403669724770643
355 0.628125 0.15137614678899083 0.0859375 0.0871559633027523
336 0.6515625 0.07110091743119266 0.021875 0.034403669724770644
224 0.7234375 0.15137614678899083 0.078125 0.08944954128440367
520 0.8125 0.15137614678899083 0.08125 0.09174311926605505
192 0.821875 0.231651376146789 0.065625 0.05963302752293578
17 0.9171875 0.1811926605504587 0.1125 0.16743119266055045
318 0.090625 0.6490825688073395 0.0796875 0.09174311926605505
207 0.134375 0.555045871559633 0.0296875 0.06422018348623854
300 0.178125 0.6490825688073395 0.0703125 0.0871559633027523
392 0.2546875 0.6513761467889908 0.06875 0.08944954128440367
296 0.2578125 0.5665137614678899 0.0609375 0.06192660550458716
374 0.340625 0.6513761467889908 0.075 0.09174311926605505
296 0.3484375 0.5665137614678899 0.059375 0.06192660550458716
337 0.4296875 0.6490825688073395 0.0765625 0.09403669724770643
336 0.4484375 0.5711009174311926 0.0203125 0.02981651376146789
520 0.525 0.6513761467889908 0.08125 0.09403669724770643
169 0.540625 0.7293577981651376 0.053125 0.05733944954128441
336 0.5484375 0.5711009174311926 0.021875 0.027522935779816515
466 0.621875 0.6513761467889908 0.071875 0.09174311926605505
502 0.7 0.6490825688073395 0.071875 0.09403669724770643
484 0.771875 0.6490825688073395 0.053125 0.09174311926605505
17 0.8578125 0.6788990825688074 0.1125 0.16743119266055045
360 0.9359375 0.6559633027522935 0.025 0.06651376146788991
360 0.9578125 0.6559633027522935 0.025 0.06880733944954129