221 0.12519561815336464 0.15625 0.07355242566510173 0.1640625
297 0.22065727699530516 0.1828125 0.06259780907668232 0.1640625
107 0.3161189358372457 0.175 0.14084507042253522 0.165625
465 0.4209702660406886 0.14375 0.06103286384976526 0.090625
297 0.49765258215962443 0.18125 0.06259780907668232 0.165625
466 0.596244131455399 0.1453125 0.10485133020344288 0.0921875
222 0.5993740219092332 0.0640625 0.03286384976525822 0.03125
297 0.6995305164319249 0.18125 0.06259780907668232 0.1640625
502 0.7934272300469484 0.1453125 0.10641627543035993 0.0921875
207 0.8497652582159625 0.053125 0.04225352112676056 0.0609375
465 0.8904538341158059 0.1453125 0.06416275430359937 0.090625
30 0.17370892018779344 0.6359375 0.14553990610328638 0.096875
297 0.28012519561815336 0.678125 0.06259780907668232 0.165625
502 0.37245696400625977 0.6390625 0.10485133020344288 0.09375
543 0.38184663536776214 0.7421875 0.12519561815336464 0.1046875
465 0.4757433489827856 0.640625 0.06416275430359937 0.0921875
297 0.5539906103286385 0.675 0.06103286384976526 0.1625
410 0.6463223787167449 0.6390625 0.10172143974960876 0.09375
465 0.7355242566510172 0.6390625 0.06103286384976526 0.0875
392 0.8309859154929577 0.6390625 0.10015649452269171 0.090625
336 0.8497652582159625 0.5609375 0.03286384976525822 0.03125