60 0.1015625 0.14225941422594143 0.0921875 0.11297071129707113
297 0.1828125 0.17573221757322174 0.0484375 0.17154811715481172
410 0.2546875 0.13598326359832635 0.0796875 0.09832635983263599
169 0.2640625 0.2196652719665272 0.0625 0.060669456066945605
465 0.3296875 0.13598326359832635 0.046875 0.09414225941422594
297 0.3890625 0.17573221757322174 0.05 0.17154811715481172
410 0.4625 0.13389121338912133 0.0796875 0.09832635983263599
502 0.553125 0.13807531380753138 0.0828125 0.09414225941422594
336 0.571875 0.05439330543933055 0.028125 0.03138075313807531
318 0.65625 0.13807531380753138 0.090625 0.09623430962343096
260 0.7546875 0.13598326359832635 0.0859375 0.09414225941422594
17 0.86875 0.16736401673640167 0.125 0.17154811715481172
30 0.1140625 0.6548117154811716 0.1140625 0.10460251046025104
484 0.2015625 0.6589958158995816 0.059375 0.09832635983263599
224 0.284375 0.6589958158995816 0.0875 0.09623430962343096
154 0.2984375 0.7594142259414226 0.065625 0.08786610878661087
326 0.396875 0.696652719665272 0.1109375 0.16736401673640167
260 0.5 0.6569037656903766 0.0875 0.09623430962343096
336 0.5203125 0.5753138075313807 0.028125 0.03347280334728033