221 0.0734375 0.1536697247706422 0.05 0.1651376146788991
260 0.15625 0.14220183486238533 0.0765625 0.09174311926605505
336 0.171875 0.06192660550458716 0.0234375 0.02981651376146789
30 0.25625 0.13761467889908258 0.096875 0.10091743119266056
484 0.3328125 0.14220183486238533 0.0546875 0.09174311926605505
224 0.40625 0.14220183486238533 0.0765625 0.09403669724770643
154 0.41875 0.23853211009174313 0.0546875 0.08256880733944955
326 0.503125 0.17660550458715596 0.096875 0.15825688073394495
260 0.59375 0.14220183486238533 0.0765625 0.09174311926605505
336 0.6109375 0.06192660550458716 0.0234375 0.02981651376146789
260 0.6828125 0.14220183486238533 0.0765625 0.08944954128440367
17 0.7828125 0.1720183486238532 0.1109375 0.16743119266055045
224 0.0921875 0.6376146788990825 0.0765625 0.08944954128440367
296 0.1 0.5573394495412844 0.0578125 0.06192660550458716
224 0.184375 0.6399082568807339 0.0765625 0.09174311926605505
296 0.1890625 0.555045871559633 0.059375 0.05963302752293578
484 0.2625 0.6376146788990825 0.053125 0.09174311926605505
466 0.334375 0.6376146788990825 0.071875 0.08944954128440367
410 0.4140625 0.6376146788990825 0.071875 0.09174311926605505
296 0.4171875 0.5573394495412844 0.05625 0.06192660550458716
300 0.496875 0.6399082568807339 0.0671875 0.09174311926605505
484 0.5671875 0.6376146788990825 0.0546875 0.08944954128440367
260 0.6375 0.6399082568807339 0.075 0.08944954128440367
336 0.6546875 0.5573394495412844 0.0203125 0.034403669724770644
30 0.7390625 0.6353211009174312 0.1 0.09862385321100918
484 0.815625 0.6399082568807339 0.0546875 0.09403669724770643
8 0.909375 0.6674311926605505 0.1171875 0.1651376146788991