374 0.1078125 0.16470588235294117 0.0875 0.09019607843137255
318 0.20625 0.16666666666666666 0.090625 0.09019607843137255
336 0.2296875 0.08627450980392157 0.0265625 0.03333333333333333
432 0.328125 0.2 0.11875 0.16470588235294117
360 0.409375 0.17058823529411765 0.03125 0.07647058823529412
374 0.48125 0.16470588235294117 0.0875 0.08823529411764706
296 0.4875 0.08235294117647059 0.0671875 0.060784313725490195
224 0.5859375 0.16470588235294117 0.090625 0.09215686274509804
484 0.6703125 0.16470588235294117 0.0609375 0.09019607843137255
410 0.7515625 0.16470588235294117 0.0796875 0.09215686274509804
215 0.75625 0.24509803921568626 0.0734375 0.056862745098039215
296 0.759375 0.08235294117647059 0.0671875 0.06470588235294118
374 0.85625 0.16470588235294117 0.0859375 0.09019607843137255
180 0.928125 0.20588235294117646 0.0453125 0.17058823529411765
260 0.1078125 0.6588235294117647 0.0875 0.09411764705882353
336 0.128125 0.5803921568627451 0.0265625 0.03137254901960784
484 0.1984375 0.6588235294117647 0.0609375 0.09215686274509804
574 0.2875 0.6588235294117647 0.0984375 0.09215686274509804
355 0.396875 0.6588235294117647 0.103125 0.09019607843137255
410 0.4984375 0.6588235294117647 0.08125 0.09411764705882353
179 0.5921875 0.6588235294117647 0.0953125 0.09019607843137255
484 0.6796875 0.6588235294117647 0.0609375 0.09215686274509804
336 0.6859375 0.5803921568627451 0.028125 0.03137254901960784
318 0.771875 0.6607843137254902 0.0921875 0.09019607843137255
336 0.7953125 0.5803921568627451 0.025 0.03137254901960784
410 0.875 0.6568627450980392 0.08125 0.09019607843137255
336 0.8921875 0.5803921568627451 0.0265625 0.029411764705882353