502 0.0796875 0.16312056737588654 0.06875 0.08983451536643026
296 0.084375 0.08274231678486997 0.05625 0.06382978723404255
297 0.1484375 0.20094562647754138 0.0421875 0.16312056737588654
466 0.2125 0.16312056737588654 0.06875 0.09219858156028368
260 0.290625 0.16312056737588654 0.0703125 0.09219858156028368
224 0.371875 0.16312056737588654 0.075 0.09219858156028368
336 0.3890625 0.0851063829787234 0.021875 0.03309692671394799
492 0.453125 0.19858156028368795 0.0640625 0.1607565011820331
360 0.503125 0.1702127659574468 0.0234375 0.07328605200945626
360 0.5234375 0.16784869976359337 0.021875 0.07092198581560284
118 0.58125 0.16312056737588654 0.0734375 0.08747044917257683
296 0.5796875 0.08274231678486997 0.05625 0.06382978723404255
297 0.6421875 0.20094562647754138 0.0421875 0.16312056737588654
466 0.70625 0.16312056737588654 0.0703125 0.08747044917257683
261 0.784375 0.16312056737588654 0.06875 0.08983451536643026
297 0.846875 0.20094562647754138 0.0421875 0.16312056737588654
410 0.909375 0.1607565011820331 0.0671875 0.09219858156028368
556 0.08125 0.6548463356973995 0.06875 0.08983451536643026
336 0.0953125 0.574468085106383 0.0203125 0.028368794326241134
502 0.1609375 0.6548463356973995 0.06875 0.08983451536643026
193 0.171875 0.7328605200945626 0.05625 0.054373522458628844
556 0.24375 0.6524822695035462 0.06875 0.08983451536643026
21 0.334375 0.6832151300236406 0.10625 0.16312056737588654
360 0.4078125 0.6572104018912529 0.025 0.07328605200945626
410 0.4671875 0.6524822695035462 0.0671875 0.09456264775413711
412 0.540625 0.6548463356973995 0.065625 0.09219858156028368
336 0.5546875 0.574468085106383 0.0203125 0.03309692671394799
411 0.5828125 0.5791962174940898 0.025 0.02364066193853428
318 0.63125 0.6548463356973995 0.0765625 0.08983451536643026
336 0.6484375 0.574468085106383 0.021875 0.028368794326241134
502 0.715625 0.6548463356973995 0.0703125 0.08747044917257683
336 0.73125 0.5768321513002365 0.0234375 0.030732860520094562
180 0.778125 0.6926713947990544 0.0390625 0.1702127659574468