318 0.1 0.13793103448275862 0.0875 0.09267241379310345
520 0.1984375 0.13793103448275862 0.0875 0.09267241379310345
326 0.3 0.1724137931034483 0.1015625 0.16163793103448276
502 0.39375 0.13577586206896552 0.0765625 0.09051724137931035
546 0.4953125 0.1724137931034483 0.1046875 0.16163793103448276
318 0.59375 0.13793103448275862 0.0875 0.09482758620689655
484 0.6734375 0.13793103448275862 0.0578125 0.09698275862068965
336 0.6796875 0.05603448275862069 0.025 0.028017241379310345
374 0.75625 0.13793103448275862 0.0828125 0.09267241379310345
296 0.7625 0.05387931034482758 0.0625 0.0625
224 0.8546875 0.13793103448275862 0.0859375 0.09051724137931035
336 0.871875 0.05818965517241379 0.025 0.034482758620689655
180 0.925 0.17672413793103448 0.0421875 0.1724137931034483
260 0.1 0.6400862068965517 0.0828125 0.09267241379310345
484 0.1765625 0.6379310344827587 0.0578125 0.09267241379310345
336 0.1828125 0.5581896551724138 0.025 0.028017241379310345
466 0.2609375 0.6379310344827587 0.078125 0.09267241379310345
260 0.3484375 0.6379310344827587 0.08125 0.09267241379310345
260 0.440625 0.6379310344827587 0.0828125 0.09698275862068965
336 0.459375 0.5581896551724138 0.0265625 0.032327586206896554