60 0.11356466876971609 0.1390625 0.12145110410094637 0.1109375
297 0.2192429022082019 0.16875 0.06466876971608833 0.1671875
410 0.31230283911671924 0.13125 0.10252365930599369 0.09375
169 0.3249211356466877 0.2109375 0.0804416403785489 0.05625
465 0.4085173501577287 0.13125 0.06624605678233439 0.090625
297 0.48738170347003157 0.16875 0.06624605678233439 0.16875
410 0.583596214511041 0.13125 0.1056782334384858 0.0921875
502 0.7003154574132492 0.13125 0.1056782334384858 0.0921875
336 0.7239747634069401 0.0515625 0.03627760252365931 0.03125
318 0.832807570977918 0.1328125 0.12145110410094637 0.0921875
360 0.9242902208201893 0.1375 0.03627760252365931 0.0734375
360 0.9574132492113565 0.134375 0.03943217665615142 0.0734375
31 0.10883280757097792 0.63125 0.10252365930599369 0.090625
296 0.11198738170347003 0.5484375 0.083596214511041 0.0625
207 0.1719242902208202 0.5375 0.04416403785488959 0.0640625
224 0.24605678233438485 0.6296875 0.11829652996845426 0.09375
296 0.2555205047318612 0.5484375 0.08675078864353312 0.0625
260 0.38170347003154576 0.63125 0.1167192429022082 0.090625
260 0.5063091482649842 0.63125 0.11356466876971609 0.090625
296 0.5110410094637224 0.546875 0.08832807570977919 0.0625
412 0.6324921135646687 0.63125 0.09936908517350158 0.090625
17 0.7728706624605678 0.659375 0.16561514195583596 0.1671875