60 0.0859375 0.14186046511627906 0.08125 0.10930232558139535
297 0.15625 0.17209302325581396 0.0421875 0.1697674418604651
410 0.2203125 0.13488372093023257 0.06875 0.09534883720930233
169 0.2296875 0.21627906976744185 0.05625 0.05813953488372093
465 0.284375 0.1372093023255814 0.04375 0.08837209302325581
297 0.3359375 0.1744186046511628 0.0421875 0.16744186046511628
410 0.4 0.1372093023255814 0.0703125 0.09302325581395349
502 0.4796875 0.1372093023255814 0.071875 0.09069767441860466
336 0.4953125 0.05813953488372093 0.0234375 0.030232558139534883
318 0.56875 0.1372093023255814 0.08125 0.09302325581395349
360 0.628125 0.14186046511627906 0.025 0.07441860465116279
502 0.08125 0.6372093023255814 0.0734375 0.09069767441860466
296 0.0859375 0.5534883720930233 0.05625 0.06511627906976744
224 0.1703125 0.6395348837209303 0.078125 0.09069767441860466
300 0.2484375 0.6395348837209303 0.06875 0.09069767441860466
336 0.2625 0.5581395348837209 0.021875 0.027906976744186046
318 0.334375 0.6372093023255814 0.08125 0.09302325581395349
430 0.4234375 0.6744186046511628 0.0796875 0.16511627906976745
296 0.428125 0.5534883720930233 0.0578125 0.06511627906976744
300 0.5046875 0.6395348837209303 0.06875 0.09069767441860466
484 0.5734375 0.6395348837209303 0.0546875 0.09534883720930233
30 0.65625 0.6348837209302326 0.1 0.1
484 0.734375 0.6372093023255814 0.0515625 0.09069767441860466
224 0.8046875 0.6372093023255814 0.0765625 0.09534883720930233
215 0.8125 0.7209302325581395 0.0640625 0.06046511627906977
296 0.8171875 0.5534883720930233 0.05625 0.06511627906976744
374 0.8984375 0.6372093023255814 0.075 0.09302325581395349
180 0.9609375 0.6813953488372093 0.040625 0.17674418604651163