502 0.0890625 0.1479028697571744 0.0765625 0.09050772626931568
296 0.09375 0.0640176600441501 0.059375 0.06181015452538632
374 0.1796875 0.1479028697571744 0.0796875 0.09492273730684327
296 0.1859375 0.0640176600441501 0.059375 0.0640176600441501
502 0.271875 0.1456953642384106 0.0765625 0.09050772626931568
318 0.359375 0.1479028697571744 0.0828125 0.09271523178807947
336 0.378125 0.06622516556291391 0.0234375 0.02869757174392936
224 0.453125 0.1479028697571744 0.0796875 0.09492273730684327
296 0.4609375 0.0640176600441501 0.0609375 0.0640176600441501
207 0.5015625 0.052980132450331126 0.03125 0.06181015452538632
474 0.5609375 0.18101545253863136 0.090625 0.16335540838852097
318 0.6515625 0.1479028697571744 0.08125 0.09271523178807947
502 0.7390625 0.1479028697571744 0.078125 0.09050772626931568
260 0.8265625 0.1479028697571744 0.0796875 0.09271523178807947
17 0.928125 0.17439293598233996 0.115625 0.16997792494481237
392 0.0859375 0.6445916114790287 0.0734375 0.09271523178807947
296 0.090625 0.5629139072847682 0.059375 0.06181015452538632
484 0.1640625 0.6445916114790287 0.0546875 0.09271523178807947
574 0.2453125 0.6445916114790287 0.0890625 0.09050772626931568
355 0.34375 0.6445916114790287 0.0890625 0.09050772626931568
410 0.434375 0.6445916114790287 0.0734375 0.09050772626931568
179 0.51875 0.6467991169977925 0.0875 0.09492273730684327
484 0.596875 0.6467991169977925 0.0546875 0.09050772626931568
336 0.603125 0.565121412803532 0.025 0.033112582781456956
484 0.665625 0.6445916114790287 0.05625 0.09271523178807947
574 0.7453125 0.6445916114790287 0.0875 0.09492273730684327