60 0.0796875 0.15349887133182843 0.0828125 0.10609480812641084
286 0.1734375 0.18058690744920994 0.090625 0.16027088036117382
15 0.2796875 0.17607223476297967 0.1125 0.16252821670428894
466 0.38125 0.14672686230248308 0.0734375 0.09029345372460497
222 0.384375 0.0654627539503386 0.021875 0.029345372460496615
336 0.403125 0.0654627539503386 0.0203125 0.03160270880361174
520 0.4765625 0.14672686230248308 0.08125 0.08803611738148984
484 0.5 0.22573363431151242 0.0375 0.05869074492099323
336 0.5 0.06772009029345373 0.025 0.03160270880361174
318 0.5734375 0.14672686230248308 0.0796875 0.08803611738148984
520 0.6640625 0.14672686230248308 0.08125 0.09029345372460497
326 0.759375 0.18058690744920994 0.09375 0.16027088036117382
374 0.0765625 0.636568848758465 0.075 0.09029345372460497
296 0.0828125 0.5507900677200903 0.0578125 0.05869074492099323
224 0.165625 0.6320541760722348 0.078125 0.08803611738148984
484 0.2390625 0.6320541760722348 0.0515625 0.08803611738148984
17 0.325 0.6636568848758465 0.1109375 0.16478555304740405
300 0.4140625 0.6343115124153499 0.0609375 0.08803611738148984
27 0.48125 0.6275395033860045 0.05 0.09932279909706546
27 0.540625 0.6275395033860045 0.05 0.1038374717832957
29 0.6046875 0.6388261851015802 0.0609375 0.08577878103837472
318 0.6890625 0.6320541760722348 0.08125 0.09029345372460497
336 0.709375 0.5553047404063205 0.021875 0.029345372460496615
337 0.7796875 0.6320541760722348 0.0765625 0.08803611738148984
484 0.8015625 0.7133182844243793 0.0375 0.05869074492099323
336 0.8046875 0.5553047404063205 0.025 0.03160270880361174
318 0.878125 0.6343115124153499 0.08125 0.08803611738148984
180 0.940625 0.6749435665914221 0.040625 0.16478555304740405