466 0.0859375 0.15704387990762125 0.0703125 0.09237875288683603
260 0.1671875 0.15704387990762125 0.0734375 0.08775981524249422
428 0.25 0.18013856812933027 0.0859375 0.13856812933025403
26 0.315625 0.15473441108545036 0.034375 0.09006928406466513
392 0.3828125 0.15704387990762125 0.06875 0.09006928406466513
296 0.44375 0.07390300230946882 0.0578125 0.06235565819861432
484 0.4484375 0.15704387990762125 0.053125 0.08775981524249422
22 0.5453125 0.18706697459584296 0.1171875 0.16166281755196305
413 0.646875 0.18244803695150116 0.08125 0.15011547344110854
26 0.7109375 0.15704387990762125 0.034375 0.08545034642032333
413 0.7765625 0.18244803695150116 0.08125 0.15011547344110854
28 0.853125 0.16397228637413394 0.0578125 0.10623556581986143
360 0.9109375 0.16166281755196305 0.025 0.06697459584295612
360 0.9328125 0.16166281755196305 0.0234375 0.07159353348729793
392 0.08125 0.6466512702078522 0.065625 0.09006928406466513
296 0.084375 0.5658198614318707 0.05625 0.06235565819861432
502 0.1640625 0.6466512702078522 0.071875 0.08545034642032333
192 0.1703125 0.7251732101616628 0.065625 0.05542725173210162
336 0.184375 0.5681293302540416 0.0234375 0.03233256351039261
474 0.2609375 0.6812933025404158 0.084375 0.15704387990762125
410 0.340625 0.6443418013856813 0.0671875 0.09006928406466513
199 0.4171875 0.6466512702078522 0.071875 0.08775981524249422
296 0.421875 0.5635103926096998 0.05625 0.06235565819861432
392 0.5 0.6466512702078522 0.06875 0.08775981524249422
296 0.5015625 0.5635103926096998 0.0546875 0.06004618937644342
484 0.5703125 0.6443418013856813 0.053125 0.09006928406466513
336 0.5765625 0.5681293302540416 0.025 0.03002309468822171
410 0.6453125 0.6443418013856813 0.0703125 0.09237875288683603
215 0.6484375 0.7251732101616628 0.0625 0.05542725173210162
180 0.70625 0.6859122401847575 0.0390625 0.16859122401847576