60 0.0875 0.11516314779270634 0.1 0.11324376199616124
297 0.175 0.14779270633397312 0.0515625 0.1708253358925144
410 0.253125 0.10940499040307101 0.0875 0.09596928982725528
169 0.2640625 0.19001919385796545 0.065625 0.05950095969289827
465 0.3328125 0.10940499040307101 0.0515625 0.09404990403071017
297 0.396875 0.14587332053742802 0.053125 0.1708253358925144
410 0.4765625 0.10940499040307101 0.084375 0.09788867562380038
502 0.575 0.10940499040307101 0.0890625 0.09404990403071017
336 0.59375 0.028790786948176585 0.028125 0.030710172744721688
318 0.684375 0.10940499040307101 0.1 0.09404990403071017
392 0.08125 0.6218809980806143 0.0859375 0.09596928982725528
296 0.0828125 0.5355086372360844 0.0703125 0.06333973128598848
410 0.184375 0.6218809980806143 0.0859375 0.09788867562380038
296 0.1859375 0.5355086372360844 0.0703125 0.06525911708253358
520 0.29375 0.6218809980806143 0.0984375 0.09596928982725528
466 0.4015625 0.6218809980806143 0.0890625 0.09404990403071017
192 0.409375 0.7024952015355086 0.0828125 0.06333973128598848
17 0.5265625 0.6506717850287908 0.1359375 0.1708253358925144
60 0.653125 0.6257197696737045 0.1015625 0.11324376199616124
286 0.7703125 0.6583493282149712 0.1125 0.1708253358925144
15 0.9 0.6525911708253359 0.1375 0.1708253358925144