466 0.08125 0.14205607476635515 0.0890625 0.09345794392523364
222 0.084375 0.059813084112149535 0.028125 0.03177570093457944
336 0.10625 0.0616822429906542 0.028125 0.029906542056074768
543 0.209375 0.17570093457943925 0.121875 0.15514018691588785
336 0.24375 0.0616822429906542 0.0265625 0.029906542056074768
300 0.3171875 0.14205607476635515 0.078125 0.08971962616822429
130 0.4328125 0.17196261682242991 0.1421875 0.16074766355140188
556 0.5546875 0.14205607476635515 0.0875 0.09158878504672897
374 0.65625 0.14018691588785046 0.0953125 0.09345794392523364
199 0.75625 0.14018691588785046 0.0890625 0.09532710280373832
199 0.8578125 0.14018691588785046 0.09375 0.09345794392523364
118 0.0796875 0.6429906542056075 0.096875 0.09158878504672897
296 0.0734375 0.5607476635514018 0.0703125 0.06355140186915888
410 0.175 0.6411214953271028 0.0875 0.09345794392523364
336 0.1921875 0.5644859813084112 0.028125 0.03177570093457944
17 0.2984375 0.6728971962616822 0.1390625 0.16822429906542055
428 0.428125 0.6672897196261682 0.10625 0.14205607476635515
300 0.528125 0.6448598130841121 0.0796875 0.08971962616822429
392 0.625 0.6448598130841121 0.0859375 0.09345794392523364
484 0.709375 0.6448598130841121 0.0640625 0.08971962616822429
22 0.8328125 0.6747663551401869 0.146875 0.16635514018691588
360 0.93125 0.6467289719626168 0.0328125 0.07289719626168224
296 0.703125 0.5607476635514018 0.0703125 0.06355140186915888