410 0.090625 0.14255765199161424 0.075 0.09224318658280922
400 0.1828125 0.17819706498951782 0.0921875 0.16142557651991615
410 0.2703125 0.14255765199161424 0.075 0.09433962264150944
208 0.3625 0.14046121593291405 0.09375 0.09014675052410902
296 0.365625 0.06079664570230608 0.0625 0.0649895178197065
224 0.45625 0.14465408805031446 0.084375 0.09014675052410902
300 0.54375 0.14465408805031446 0.0765625 0.09014675052410902
336 0.5578125 0.0649895178197065 0.025 0.031446540880503145
318 0.6375 0.14465408805031446 0.0875 0.09433962264150944
410 0.728125 0.14255765199161424 0.0765625 0.09224318658280922
179 0.8171875 0.14255765199161424 0.084375 0.09224318658280922
260 0.9125 0.14465408805031446 0.084375 0.09014675052410902
574 0.096875 0.6373165618448637 0.0921875 0.0880503144654088
411 0.1484375 0.5618448637316562 0.0296875 0.025157232704402517
374 0.1984375 0.6373165618448637 0.08125 0.09224318658280922
296 0.2046875 0.5555555555555556 0.0625 0.06289308176100629
224 0.2953125 0.6373165618448637 0.0828125 0.09014675052410902
484 0.3734375 0.6373165618448637 0.0578125 0.09014675052410902
410 0.45 0.6352201257861635 0.0734375 0.09643605870020965
208 0.5421875 0.6352201257861635 0.0953125 0.09014675052410902
296 0.5453125 0.5534591194968553 0.0625 0.0649895178197065
318 0.6375 0.6373165618448637 0.0890625 0.09224318658280922
484 0.71875 0.6373165618448637 0.0578125 0.09224318658280922
336 0.725 0.5555555555555556 0.025 0.029350104821802937