502 0.0703125 0.1722488038277512 0.06875 0.08851674641148326
296 0.075 0.09090909090909091 0.0546875 0.05980861244019139
224 0.153125 0.1722488038277512 0.0734375 0.08851674641148326
296 0.159375 0.09090909090909091 0.053125 0.06220095693779904
382 0.24375 0.20574162679425836 0.084375 0.15550239234449761
395 0.3375 0.20574162679425836 0.0953125 0.16028708133971292
260 0.4265625 0.1722488038277512 0.0703125 0.08851674641148326
296 0.43125 0.09090909090909091 0.0546875 0.06220095693779904
412 0.50625 0.16985645933014354 0.0640625 0.08851674641148326
410 0.58125 0.1722488038277512 0.065625 0.08851674641148326
194 0.5921875 0.2631578947368421 0.0453125 0.07416267942583732
296 0.5859375 0.09090909090909091 0.0546875 0.0645933014354067
492 0.659375 0.20574162679425836 0.0625 0.16028708133971292
345 0.7375 0.20574162679425836 0.0875 0.16028708133971292
14 0.84375 0.19856459330143542 0.11875 0.16267942583732056
410 0.0703125 0.6578947368421053 0.065625 0.08851674641148326
296 0.0734375 0.5765550239234449 0.053125 0.06220095693779904
300 0.146875 0.6578947368421053 0.065625 0.08851674641148326
484 0.2109375 0.6602870813397129 0.05 0.0861244019138756
30 0.290625 0.65311004784689 0.0953125 0.09808612440191387
484 0.3625 0.6578947368421053 0.0484375 0.09090909090909091
8 0.4484375 0.6866028708133971 0.1078125 0.16267942583732056
360 0.5203125 0.6626794258373205 0.025 0.06937799043062201
360 0.5421875 0.6602870813397129 0.0234375 0.07177033492822966