224 0.1375 0.16348195329087048 0.0796875 0.08917197452229299
336 0.1578125 0.0870488322717622 0.0234375 0.027600849256900213
502 0.23125 0.16560509554140126 0.078125 0.09129511677282377
392 0.315625 0.16560509554140126 0.0734375 0.0870488322717622
193 0.325 0.24416135881104034 0.0625 0.05732484076433121
364 0.4171875 0.19957537154989385 0.1109375 0.15711252653927812
355 0.521875 0.16560509554140126 0.0921875 0.09341825902335456
296 0.534375 0.08492569002123142 0.059375 0.059447983014861996
410 0.6171875 0.16348195329087048 0.0734375 0.09129511677282377
296 0.625 0.08492569002123142 0.0609375 0.059447983014861996
411 0.66875 0.09129511677282377 0.028125 0.02335456475583864
164 0.6296875 0.23991507430997877 0.05625 0.05732484076433121
360 0.6953125 0.17197452229299362 0.025 0.06794055201698514
360 0.7171875 0.17197452229299362 0.0265625 0.06794055201698514
221 0.115625 0.6624203821656051 0.053125 0.16348195329087048
297 0.184375 0.6857749469214437 0.046875 0.1613588110403397
574 0.259375 0.6496815286624203 0.0875 0.0870488322717622
410 0.35 0.6496815286624203 0.0734375 0.09129511677282377
169 0.3578125 0.7261146496815286 0.05625 0.05307855626326964
336 0.36875 0.5732484076433121 0.025 0.03184713375796178
410 0.4421875 0.6496815286624203 0.0734375 0.09129511677282377
392 0.5234375 0.6496815286624203 0.0703125 0.08917197452229299
336 0.5390625 0.5732484076433121 0.0234375 0.03184713375796178
411 0.5703125 0.5753715498938429 0.028125 0.021231422505307854
308 0.6203125 0.6836518046709129 0.0890625 0.1592356687898089
360 0.68125 0.6539278131634819 0.028125 0.07006369426751592
318 0.7515625 0.6496815286624203 0.0828125 0.0870488322717622
364 0.8546875 0.6857749469214437 0.1078125 0.15711252653927812