392 0.1046875 0.14046121593291405 0.075 0.09433962264150944
296 0.10625 0.05660377358490566 0.0640625 0.06289308176100629
437 0.2046875 0.1740041928721174 0.09375 0.16561844863731656
492 0.2921875 0.1761006289308176 0.075 0.16352201257861634
297 0.35625 0.1761006289308176 0.046875 0.16561844863731656
520 0.4328125 0.14255765199161424 0.090625 0.09224318658280922
107 0.5265625 0.16771488469601678 0.10625 0.16352201257861634
297 0.609375 0.1761006289308176 0.046875 0.16561844863731656
466 0.684375 0.14046121593291405 0.0796875 0.09433962264150944
222 0.6859375 0.05870020964360587 0.0234375 0.031446540880503145
297 0.759375 0.1761006289308176 0.046875 0.16561844863731656
502 0.83125 0.14046121593291405 0.078125 0.09224318658280922
207 0.8734375 0.04821802935010482 0.034375 0.0649895178197065
465 0.9046875 0.13836477987421383 0.0484375 0.09014675052410902
484 0.09375 0.6373165618448637 0.0578125 0.09014675052410902
336 0.1015625 0.5576519916142557 0.0265625 0.031446540880503145
502 0.178125 0.6373165618448637 0.0796875 0.09014675052410902
296 0.1828125 0.5534591194968553 0.0640625 0.06289308176100629
22 0.2984375 0.6645702306079665 0.13125 0.16561844863731656
30 0.428125 0.6331236897274634 0.10625 0.09643605870020965
297 0.5078125 0.6729559748427673 0.0484375 0.16981132075471697
502 0.5765625 0.6373165618448637 0.0796875 0.09433962264150944
543 0.5828125 0.740041928721174 0.09375 0.10062893081761007
465 0.6546875 0.6352201257861635 0.046875 0.09224318658280922
297 0.7109375 0.6729559748427673 0.05 0.16352201257861634
410 0.78125 0.6352201257861635 0.078125 0.09643605870020965
465 0.846875 0.6352201257861635 0.046875 0.09014675052410902
392 0.91875 0.6373165618448637 0.075 0.09433962264150944
336 0.934375 0.5576519916142557 0.0234375 0.031446540880503145