30 0.090625 0.14823008849557523 0.1 0.09734513274336283
297 0.1640625 0.1902654867256637 0.04375 0.168141592920354
502 0.228125 0.1504424778761062 0.0765625 0.09292035398230089
543 0.2359375 0.252212389380531 0.0875 0.10176991150442478
465 0.3 0.15265486725663716 0.0453125 0.08849557522123894
466 0.371875 0.15265486725663716 0.0703125 0.09070796460176991
222 0.375 0.07300884955752213 0.025 0.030973451327433628
336 0.39375 0.07300884955752213 0.021875 0.035398230088495575
502 0.4625 0.15265486725663716 0.075 0.08849557522123894
336 0.478125 0.07743362831858407 0.025 0.030973451327433628
355 0.5578125 0.15265486725663716 0.0890625 0.09070796460176991
260 0.65 0.15265486725663716 0.078125 0.08849557522123894
336 0.6671875 0.0752212389380531 0.0234375 0.035398230088495575
31 0.7390625 0.15265486725663716 0.071875 0.09070796460176991
260 0.821875 0.15265486725663716 0.075 0.09292035398230089
17 0.921875 0.17920353982300885 0.1140625 0.16371681415929204
484 0.065625 0.6415929203539823 0.0546875 0.08849557522123894
336 0.0703125 0.5619469026548672 0.025 0.028761061946902654
502 0.1421875 0.6393805309734514 0.0734375 0.08849557522123894
296 0.146875 0.5597345132743363 0.059375 0.059734513274336286
520 0.2359375 0.6415929203539823 0.084375 0.09070796460176991
169 0.2484375 0.7168141592920354 0.05625 0.05530973451327434
17 0.3421875 0.6703539823008849 0.1140625 0.16150442477876106
60 0.446875 0.6460176991150443 0.084375 0.10619469026548672
297 0.51875 0.6769911504424779 0.04375 0.16371681415929204
410 0.584375 0.6415929203539823 0.071875 0.09070796460176991
465 0.64375 0.6393805309734514 0.0421875 0.08849557522123894
466 0.7171875 0.6415929203539823 0.0734375 0.09292035398230089
222 0.71875 0.5619469026548672 0.025 0.030973451327433628
502 0.803125 0.6415929203539823 0.075 0.08849557522123894
336 0.81875 0.5619469026548672 0.025 0.033185840707964605