75 0.0765625 0.12389380530973451 0.071875 0.09292035398230089
502 0.15625 0.1261061946902655 0.075 0.09070796460176991
336 0.1734375 0.048672566371681415 0.0234375 0.028761061946902654
297 0.228125 0.16371681415929204 0.04375 0.16371681415929204
318 0.296875 0.1261061946902655 0.08125 0.09070796460176991
465 0.3625 0.12389380530973451 0.0453125 0.08849557522123894
410 0.43125 0.1261061946902655 0.0703125 0.09070796460176991
297 0.496875 0.16150442477876106 0.04375 0.16592920353982302
374 0.5625 0.1261061946902655 0.075 0.09070796460176991
216 0.571875 0.20353982300884957 0.0484375 0.05309734513274336
465 0.63125 0.12389380530973451 0.04375 0.08849557522123894
392 0.696875 0.12389380530973451 0.06875 0.08849557522123894
21 0.796875 0.15486725663716813 0.1140625 0.16150442477876106
260 0.078125 0.6106194690265486 0.078125 0.08849557522123894
187 0.0921875 0.6880530973451328 0.0453125 0.061946902654867256
392 0.1625 0.6106194690265486 0.06875 0.09070796460176991
382 0.2515625 0.6438053097345132 0.090625 0.1592920353982301
260 0.340625 0.6106194690265486 0.0765625 0.09070796460176991
169 0.3515625 0.6880530973451328 0.0546875 0.05530973451327434
336 0.3609375 0.5309734513274337 0.021875 0.028761061946902654
17 0.4484375 0.6393805309734514 0.1125 0.16150442477876106
360 0.5234375 0.6128318584070797 0.025 0.07079646017699115
260 0.590625 0.6106194690265486 0.078125 0.08849557522123894
336 0.60625 0.5331858407079646 0.0234375 0.028761061946902654
224 0.6796875 0.6106194690265486 0.078125 0.09070796460176991
296 0.6859375 0.5287610619469026 0.0578125 0.06415929203539823
224 0.771875 0.6106194690265486 0.0796875 0.09070796460176991
296 0.778125 0.5287610619469026 0.059375 0.061946902654867256
484 0.85 0.6106194690265486 0.05625 0.09070796460176991
466 0.925 0.6106194690265486 0.0734375 0.09513274336283185