410 0.09375 0.1392931392931393 0.075 0.08523908523908524
296 0.0984375 0.060291060291060294 0.059375 0.060291060291060294
300 0.18125 0.14137214137214138 0.0734375 0.08523908523908524
484 0.2515625 0.1392931392931393 0.0578125 0.08523908523908524
30 0.34375 0.13721413721413722 0.103125 0.09355509355509356
484 0.4234375 0.1392931392931393 0.05625 0.0893970893970894
297 0.4828125 0.17671517671517672 0.0453125 0.158004158004158
224 0.553125 0.14137214137214138 0.0828125 0.08731808731808732
199 0.6390625 0.1392931392931393 0.0765625 0.08731808731808732
465 0.7046875 0.1392931392931393 0.04375 0.08731808731808732
502 0.775 0.1392931392931393 0.075 0.08523908523908524
336 0.79375 0.06444906444906445 0.0234375 0.02702702702702703
502 0.8671875 0.1392931392931393 0.078125 0.08731808731808732
336 0.8828125 0.06444906444906445 0.021875 0.031185031185031187
318 0.0984375 0.6195426195426196 0.084375 0.0893970893970894
336 0.11875 0.5426195426195426 0.0234375 0.029106029106029108
374 0.1953125 0.6153846153846154 0.0796875 0.0893970893970894
374 0.284375 0.6174636174636174 0.0796875 0.08523908523908524
212 0.378125 0.6507276507276507 0.1 0.158004158004158
260 0.4734375 0.6174636174636174 0.08125 0.0893970893970894
180 0.5390625 0.6548856548856549 0.04375 0.16424116424116425
318 0.609375 0.6174636174636174 0.084375 0.08731808731808732
260 0.7015625 0.6174636174636174 0.08125 0.0893970893970894
574 0.7953125 0.6174636174636174 0.090625 0.08523908523908524
411 0.84375 0.5426195426195426 0.0296875 0.02079002079002079
260 0.89375 0.6174636174636174 0.08125 0.08731808731808732
336 0.9125 0.5405405405405406 0.0265625 0.031185031185031187