318 0.0890625 0.13276231263383298 0.0859375 0.08993576017130621
520 0.1859375 0.13276231263383298 0.0875 0.09207708779443255
502 0.2796875 0.13062098501070663 0.078125 0.09207708779443255
184 0.378125 0.16916488222698073 0.1046875 0.16274089935760172
474 0.4859375 0.1670235546038544 0.0984375 0.16488222698072805
222 0.478125 0.05139186295503212 0.025 0.032119914346895075
14 0.6078125 0.16059957173447537 0.134375 0.16488222698072805
360 0.6984375 0.139186295503212 0.0265625 0.07494646680942184
360 0.7203125 0.13704496788008566 0.0265625 0.0728051391862955
260 0.7890625 0.13276231263383298 0.08125 0.09207708779443255
17 0.8953125 0.16274089935760172 0.1203125 0.1734475374732334
502 0.0859375 0.6338329764453962 0.078125 0.08993576017130621
296 0.0921875 0.550321199143469 0.0625 0.06209850107066381
510 0.1859375 0.6702355460385439 0.0953125 0.16488222698072805
318 0.28125 0.6338329764453962 0.0859375 0.08993576017130621
318 0.375 0.6338329764453962 0.0859375 0.09421841541755889
336 0.396875 0.5546038543897216 0.025 0.032119914346895075
355 0.48125 0.6338329764453962 0.0953125 0.08993576017130621
297 0.559375 0.6723768736616702 0.0453125 0.16488222698072805
374 0.63125 0.6359743040685225 0.0828125 0.09635974304068523
410 0.71875 0.6338329764453962 0.075 0.09850107066381156
169 0.728125 0.715203426124197 0.0609375 0.057815845824411134
296 0.7265625 0.550321199143469 0.059375 0.06209850107066381
207 0.76875 0.5396145610278372 0.0328125 0.06423982869379015