146 0.08125 0.1360381861575179 0.0703125 0.15274463007159905
400 0.165625 0.1431980906921241 0.084375 0.16706443914081145
15 0.26875 0.13842482100238662 0.1125 0.1718377088305489
364 0.3828125 0.1431980906921241 0.103125 0.16706443914081145
222 0.396875 0.021479713603818614 0.021875 0.03579952267303103
297 0.4640625 0.14558472553699284 0.0453125 0.17422434367541767
484 0.5203125 0.10739856801909307 0.0546875 0.09307875894988067
465 0.5734375 0.10739856801909307 0.0421875 0.09307875894988067
574 0.646875 0.10739856801909307 0.0859375 0.09307875894988067
411 0.6921875 0.028639618138424822 0.0296875 0.026252983293556086
260 0.084375 0.6252983293556086 0.078125 0.0954653937947494
336 0.103125 0.5441527446300716 0.0265625 0.03341288782816229
308 0.175 0.6610978520286396 0.0859375 0.16945107398568018
410 0.259375 0.6276849642004774 0.071875 0.09785202863961814
355 0.3453125 0.6276849642004774 0.0875 0.10023866348448687
17 0.45 0.6563245823389021 0.1109375 0.1718377088305489
30 0.5640625 0.6229116945107399 0.1 0.1026252983293556
484 0.640625 0.6276849642004774 0.053125 0.09785202863961814
224 0.7140625 0.6276849642004774 0.0796875 0.09785202863961814
154 0.7265625 0.7279236276849642 0.0546875 0.08591885441527446
326 0.8125 0.6610978520286396 0.0953125 0.16706443914081145
260 0.903125 0.6276849642004774 0.0765625 0.0954653937947494
336 0.91875 0.5417661097852029 0.0234375 0.031026252983293555
360 0.965625 0.6324582338902148 0.0234375 0.07875894988066826