466 0.0984375 0.1431261770244821 0.084375 0.08851224105461393
296 0.1046875 0.062146892655367235 0.06875 0.062146892655367235
412 0.1984375 0.1431261770244821 0.0828125 0.0903954802259887
364 0.3140625 0.1807909604519774 0.121875 0.160075329566855
318 0.4265625 0.14500941619585686 0.0953125 0.09416195856873823
410 0.5265625 0.1431261770244821 0.0828125 0.0903954802259887
296 0.5359375 0.062146892655367235 0.06875 0.064030131826742
194 0.540625 0.2335216572504708 0.0578125 0.07721280602636535
297 0.6140625 0.17890772128060264 0.0515625 0.160075329566855
484 0.6796875 0.1431261770244821 0.0640625 0.0903954802259887
355 0.7734375 0.14500941619585686 0.10625 0.09227871939736347
574 0.8890625 0.14500941619585686 0.103125 0.0903954802259887
411 0.9421875 0.0696798493408663 0.0328125 0.026365348399246705
392 0.09375 0.6346516007532956 0.0828125 0.0903954802259887
296 0.096875 0.551789077212806 0.0734375 0.064030131826742
374 0.1953125 0.632768361581921 0.0921875 0.09227871939736347
336 0.2171875 0.5536723163841808 0.028125 0.03389830508474576
318 0.3046875 0.632768361581921 0.096875 0.09416195856873823
520 0.4140625 0.6308851224105462 0.0953125 0.09227871939736347
179 0.51875 0.632768361581921 0.0984375 0.08662900188323917
336 0.540625 0.5536723163841808 0.0328125 0.03389830508474576
374 0.628125 0.6308851224105462 0.0890625 0.0903954802259887
374 0.7296875 0.632768361581921 0.0921875 0.0903954802259887
193 0.74375 0.7099811676082862 0.0703125 0.05649717514124294
411 0.7828125 0.5574387947269304 0.03125 0.022598870056497175
510 0.8453125 0.664783427495292 0.1078125 0.16195856873822975
411 0.8984375 0.5574387947269304 0.0328125 0.022598870056497175