260 0.090625 0.13636363636363635 0.075 0.09569377990430622
336 0.1078125 0.05502392344497608 0.025 0.03349282296650718
520 0.184375 0.13636363636363635 0.08125 0.10047846889952153
296 0.1921875 0.050239234449760764 0.05625 0.0645933014354067
484 0.2640625 0.13875598086124402 0.0546875 0.10047846889952153
336 0.26875 0.05502392344497608 0.0234375 0.03110047846889952
392 0.3359375 0.13636363636363635 0.06875 0.09808612440191387
297 0.0734375 0.6961722488038278 0.04375 0.16985645933014354
318 0.140625 0.6602870813397129 0.08125 0.09330143540669857
465 0.2078125 0.6555023923444976 0.0421875 0.09330143540669857
297 0.259375 0.69377990430622 0.04375 0.17464114832535885
520 0.328125 0.6578947368421053 0.0796875 0.09569377990430622
465 0.396875 0.6555023923444976 0.040625 0.09808612440191387
520 0.453125 0.6555023923444976 0.053125 0.09808612440191387
336 0.459375 0.5741626794258373 0.021875 0.028708133971291867
520 0.534375 0.6578947368421053 0.08125 0.09330143540669857
502 0.6203125 0.6555023923444976 0.0703125 0.09808612440191387
169 0.6296875 0.7392344497607656 0.053125 0.05980861244019139
336 0.6390625 0.5717703349282297 0.021875 0.03110047846889952
224 0.7109375 0.6578947368421053 0.0765625 0.09808612440191387
296 0.71875 0.569377990430622 0.0578125 0.0645933014354067
224 0.8015625 0.6578947368421053 0.0765625 0.09330143540669857
296 0.8078125 0.569377990430622 0.05625 0.0645933014354067
484 0.8796875 0.6555023923444976 0.0546875 0.09569377990430622
466 0.953125 0.6602870813397129 0.071875 0.09569377990430622