410 0.084375 0.13765182186234817 0.078125 0.0931174089068826
296 0.0859375 0.05465587044534413 0.0625 0.06275303643724696
300 0.175 0.13765182186234817 0.078125 0.08906882591093117
484 0.253125 0.1396761133603239 0.0609375 0.08906882591093117
30 0.3484375 0.13360323886639677 0.1125 0.09716599190283401
484 0.4359375 0.13765182186234817 0.0609375 0.0931174089068826
8 0.5375 0.1680161943319838 0.1265625 0.16396761133603238
360 0.628125 0.1437246963562753 0.028125 0.0728744939271255
360 0.6515625 0.1417004048582996 0.0265625 0.07489878542510121
118 0.7203125 0.13765182186234817 0.0875 0.08906882591093117
296 0.7171875 0.05465587044534413 0.065625 0.06477732793522267
318 0.8140625 0.13765182186234817 0.0890625 0.09109311740890688
336 0.8359375 0.06072874493927125 0.025 0.030364372469635626
411 0.8703125 0.06275303643724696 0.0328125 0.02631578947368421
300 0.915625 0.13765182186234817 0.0765625 0.09109311740890688
392 0.08125 0.6336032388663968 0.078125 0.0931174089068826
296 0.0859375 0.5506072874493927 0.0671875 0.06072874493927125
297 0.1609375 0.6700404858299596 0.0484375 0.16194331983805668
484 0.2203125 0.6336032388663968 0.0609375 0.09109311740890688
355 0.309375 0.6336032388663968 0.1 0.09109311740890688
392 0.4078125 0.6336032388663968 0.078125 0.09109311740890688
296 0.409375 0.5506072874493927 0.0640625 0.06275303643724696
400 0.509375 0.6680161943319838 0.0953125 0.16194331983805668
546 0.615625 0.6680161943319838 0.1078125 0.16194331983805668
502 0.715625 0.6336032388663968 0.08125 0.0931174089068826
192 0.7234375 0.7125506072874493 0.0765625 0.058704453441295545
17 0.8296875 0.659919028340081 0.125 0.1659919028340081