60 0.0890625 0.1733615221987315 0.084375 0.10993657505285412
286 0.1890625 0.20084566596194503 0.0953125 0.15644820295983086
15 0.3 0.19661733615221988 0.1171875 0.160676532769556
466 0.4078125 0.16913319238900634 0.075 0.08879492600422834
222 0.409375 0.09090909090909091 0.0265625 0.02748414376321353
336 0.428125 0.09090909090909091 0.0234375 0.02748414376321353
543 0.515625 0.20084566596194503 0.1046875 0.1522198731501057
336 0.54375 0.09302325581395349 0.025 0.02959830866807611
466 0.6203125 0.16701902748414377 0.0765625 0.08668076109936575
260 0.7046875 0.16913319238900634 0.0765625 0.08879492600422834
428 0.796875 0.19027484143763213 0.0921875 0.13953488372093023
26 0.8671875 0.16701902748414377 0.0375 0.0824524312896406
392 0.084375 0.6490486257928119 0.071875 0.08879492600422834
484 0.15625 0.6490486257928119 0.05625 0.09090909090909091
296 0.1484375 0.5687103594080338 0.0609375 0.05919661733615222
22 0.2609375 0.6744186046511628 0.125 0.160676532769556
360 0.3421875 0.6553911205073996 0.0265625 0.07399577167019028
326 0.41875 0.6828752642706131 0.1 0.1522198731501057
337 0.5125 0.6469344608879493 0.08125 0.09090909090909091
207 0.55625 0.5581395348837209 0.034375 0.05919661733615222
355 0.7265625 0.6490486257928119 0.0921875 0.08879492600422834
296 0.7390625 0.5687103594080338 0.0609375 0.0613107822410148
466 0.8265625 0.6469344608879493 0.0765625 0.08668076109936575
260 0.9140625 0.6490486257928119 0.0796875 0.08879492600422834
446 0.6203125 0.6490486257928119 0.1046875 0.08879492600422834