374 0.090625 0.1232876712328767 0.0765625 0.09360730593607305
410 0.175 0.1232876712328767 0.0703125 0.091324200913242
61 0.184375 0.2100456621004566 0.0703125 0.06164383561643835
296 0.18125 0.03881278538812785 0.0578125 0.06164383561643835
374 0.265625 0.12557077625570776 0.078125 0.08904109589041095
336 0.284375 0.04337899543378995 0.025 0.0319634703196347
297 0.340625 0.16210045662100456 0.04375 0.16666666666666666
355 0.4140625 0.1232876712328767 0.090625 0.09360730593607305
169 0.43125 0.2054794520547945 0.05625 0.06164383561643835
465 0.4890625 0.1232876712328767 0.0421875 0.091324200913242
374 0.559375 0.1232876712328767 0.0765625 0.09360730593607305
410 0.64375 0.1232876712328767 0.071875 0.09360730593607305
296 0.65 0.03881278538812785 0.059375 0.0639269406392694
194 0.65625 0.21689497716894976 0.0484375 0.0776255707762557
411 0.8015625 0.04794520547945205 0.028125 0.0228310502283105
355 0.096875 0.6301369863013698 0.0890625 0.0958904109589041
374 0.1890625 0.6301369863013698 0.078125 0.09360730593607305
336 0.20625 0.547945205479452 0.025 0.0319634703196347
360 0.2546875 0.632420091324201 0.0265625 0.07534246575342465
360 0.278125 0.632420091324201 0.025 0.07534246575342465
60 0.34375 0.634703196347032 0.0828125 0.11187214611872145
411 0.3890625 0.5502283105022832 0.0265625 0.0228310502283105
355 0.44375 0.6301369863013698 0.090625 0.09360730593607305
410 0.534375 0.6301369863013698 0.071875 0.0958904109589041
360 0.590625 0.634703196347032 0.0234375 0.0730593607305936
318 0.6578125 0.6301369863013698 0.084375 0.08904109589041095
556 0.7421875 0.6278538812785388 0.071875 0.09360730593607305
297 0.8109375 0.6689497716894978 0.046875 0.1689497716894977
355 0.8828125 0.6301369863013698 0.090625 0.09360730593607305
446 0.746875 0.1232876712328767 0.1015625 0.09360730593607305