297 0.0703125 0.14583333333333334 0.0421875 0.16435185185185186
132 0.1359375 0.11574074074074074 0.0765625 0.1111111111111111
297 0.2046875 0.14351851851851852 0.0421875 0.16435185185185186
392 0.2671875 0.1087962962962963 0.06875 0.08796296296296297
199 0.3421875 0.1087962962962963 0.0734375 0.09259259259259259
465 0.4046875 0.10648148148148148 0.040625 0.09027777777777778
360 0.446875 0.11342592592592593 0.0234375 0.06944444444444445
30 0.5234375 0.10416666666666667 0.0984375 0.09722222222222222
318 0.6109375 0.1087962962962963 0.0796875 0.09027777777777778
260 0.715625 0.13657407407407407 0.1109375 0.16666666666666666
428 0.8203125 0.13194444444444445 0.0875 0.1412037037037037
26 0.8859375 0.10648148148148148 0.034375 0.08564814814814815
392 0.084375 0.6018518518518519 0.0671875 0.09027777777777778
296 0.146875 0.5208333333333334 0.05625 0.0625
484 0.1515625 0.6041666666666666 0.053125 0.09027777777777778
22 0.2515625 0.6319444444444444 0.1171875 0.16666666666666666
413 0.3515625 0.6319444444444444 0.08125 0.14814814814814814
26 0.4171875 0.6018518518518519 0.0328125 0.08564814814814815
413 0.484375 0.6319444444444444 0.0828125 0.14814814814814814
28 0.5625 0.6087962962962963 0.0578125 0.1087962962962963
360 0.6203125 0.6064814814814815 0.0234375 0.07175925925925926
360 0.6421875 0.6087962962962963 0.025 0.0763888888888889