118 0.1078125 0.16129032258064516 0.0796875 0.08817204301075268
296 0.1046875 0.08172043010752689 0.0609375 0.060215053763440864
392 0.1890625 0.16344086021505377 0.071875 0.09032258064516129
296 0.1921875 0.07741935483870968 0.059375 0.06236559139784946
410 0.2765625 0.16129032258064516 0.0734375 0.09462365591397849
215 0.28125 0.24086021505376345 0.06875 0.05591397849462366
484 0.353125 0.16344086021505377 0.05625 0.09032258064516129
260 0.43125 0.16344086021505377 0.08125 0.09462365591397849
336 0.446875 0.08387096774193549 0.0234375 0.030107526881720432
60 0.1109375 0.6602150537634408 0.0875 0.10967741935483871
297 0.1859375 0.6903225806451613 0.0453125 0.16344086021505377
410 0.253125 0.6516129032258065 0.0734375 0.09247311827956989
169 0.2609375 0.7311827956989247 0.0546875 0.05591397849462366
465 0.3203125 0.6537634408602151 0.0453125 0.09032258064516129
410 0.3765625 0.6903225806451613 0.046875 0.16344086021505377
410 0.44375 0.6537634408602151 0.075 0.09032258064516129
502 0.5265625 0.6537634408602151 0.075 0.09247311827956989
336 0.54375 0.5763440860215053 0.0234375 0.03225806451612903
318 0.6203125 0.6516129032258065 0.0828125 0.09247311827956989
502 0.7078125 0.6537634408602151 0.0765625 0.09032258064516129
318 0.796875 0.6537634408602151 0.084375 0.09462365591397849
22 0.9109375 0.6817204301075269 0.1265625 0.16344086021505377