413 0.1078125 0.18089430894308944 0.0953125 0.1524390243902439
574 0.2078125 0.15040650406504066 0.09375 0.09349593495934959
392 0.3078125 0.15040650406504066 0.0796875 0.09146341463414634
484 0.3875 0.1524390243902439 0.059375 0.09146341463414634
296 0.3796875 0.06707317073170732 0.0671875 0.06504065040650407
520 0.4796875 0.15040650406504066 0.096875 0.09552845528455285
199 0.578125 0.15040650406504066 0.0828125 0.09146341463414634
296 0.58125 0.06707317073170732 0.0640625 0.06504065040650407
520 0.6796875 0.15040650406504066 0.09375 0.09146341463414634
411 0.7328125 0.07317073170731707 0.03125 0.022357723577235773
360 0.75625 0.15447154471544716 0.0265625 0.07520325203252033
297 0.0921875 0.693089430894309 0.0484375 0.16666666666666666
521 0.1671875 0.6626016260162602 0.0859375 0.11178861788617886
465 0.2390625 0.6565040650406504 0.05 0.09146341463414634
392 0.3140625 0.6565040650406504 0.0796875 0.09349593495934959
502 0.4046875 0.6544715447154471 0.0828125 0.09146341463414634
194 0.4203125 0.7479674796747967 0.053125 0.08130081300813008
296 0.4140625 0.5711382113821138 0.0640625 0.06300813008130081
392 0.5046875 0.6544715447154471 0.08125 0.09146341463414634
159 0.515625 0.7357723577235772 0.0625 0.056910569105691054
410 0.6 0.6544715447154471 0.0796875 0.0975609756097561
169 0.6109375 0.7357723577235772 0.0609375 0.056910569105691054
336 0.6203125 0.5752032520325203 0.0265625 0.03048780487804878
411 0.6546875 0.5792682926829268 0.03125 0.026422764227642278
355 0.715625 0.6544715447154471 0.1015625 0.09146341463414634
17 0.8375 0.6849593495934959 0.1265625 0.16869918699186992
360 0.9234375 0.6585365853658537 0.03125 0.07317073170731707