232 0.103125 0.1898238747553816 0.1078125 0.162426614481409
374 0.2046875 0.15851272015655576 0.090625 0.0958904109589041
410 0.3015625 0.15655577299412915 0.084375 0.09393346379647749
169 0.3125 0.23679060665362034 0.0625 0.0547945205479452
336 0.321875 0.07632093933463796 0.0265625 0.033268101761252444
224 0.40625 0.15655577299412915 0.090625 0.09001956947162426
556 0.503125 0.15655577299412915 0.0828125 0.09197651663405088
180 0.5734375 0.19569471624266144 0.046875 0.17221135029354206
326 0.6625 0.1898238747553816 0.1109375 0.1643835616438356
474 0.7734375 0.1917808219178082 0.103125 0.162426614481409
222 0.78125 0.07632093933463796 0.0265625 0.03131115459882583
14 0.9078125 0.18590998043052837 0.1484375 0.162426614481409
502 0.090625 0.6516634050880626 0.0859375 0.09197651663405088
296 0.096875 0.5694716242661448 0.0671875 0.06457925636007827
318 0.1953125 0.6536203522504892 0.09375 0.09001956947162426
336 0.21875 0.5733855185909981 0.0265625 0.0273972602739726
411 0.253125 0.5753424657534246 0.0296875 0.023483365949119372
300 0.303125 0.6536203522504892 0.08125 0.09001956947162426
520 0.4015625 0.6536203522504892 0.0953125 0.09001956947162426
336 0.425 0.5733855185909981 0.028125 0.0273972602739726
260 0.5078125 0.6536203522504892 0.0890625 0.09393346379647749
355 0.6125 0.6536203522504892 0.1015625 0.09001956947162426
198 0.6453125 0.761252446183953 0.0734375 0.11350293542074363
411 0.6796875 0.5772994129158513 0.03125 0.021526418786692758
355 0.7421875 0.6516634050880626 0.1046875 0.09001956947162426
336 0.76875 0.5733855185909981 0.0265625 0.029354207436399216
17 0.86875 0.6810176125244618 0.13125 0.16634050880626222