260 0.075 0.11333333333333333 0.0765625 0.09333333333333334
336 0.0921875 0.035555555555555556 0.0234375 0.03333333333333333
318 0.16875 0.11333333333333333 0.084375 0.09111111111111111
392 0.253125 0.11555555555555555 0.06875 0.09333333333333334
520 0.340625 0.11333333333333333 0.0875 0.09111111111111111
336 0.3625 0.03333333333333333 0.0265625 0.03111111111111111
318 0.4375 0.11333333333333333 0.0828125 0.09555555555555556
520 0.53125 0.11333333333333333 0.084375 0.08888888888888889
326 0.63125 0.1511111111111111 0.0984375 0.16
492 0.06875 0.6466666666666666 0.0703125 0.1622222222222222
372 0.1734375 0.6444444444444445 0.1328125 0.16
520 0.2890625 0.6133333333333333 0.0828125 0.09111111111111111
208 0.38125 0.6111111111111112 0.090625 0.09333333333333334
296 0.384375 0.5266666666666666 0.0609375 0.06
318 0.475 0.6133333333333333 0.0828125 0.09333333333333334
336 0.49375 0.5311111111111111 0.0234375 0.028888888888888888
411 0.5234375 0.5333333333333333 0.028125 0.024444444444444446
300 0.5671875 0.6111111111111112 0.071875 0.09333333333333334
466 0.653125 0.6111111111111112 0.0734375 0.09333333333333334
296 0.65625 0.5266666666666666 0.0578125 0.06222222222222222
392 0.7375 0.6111111111111112 0.0703125 0.09333333333333334
296 0.740625 0.5288888888888889 0.059375 0.06444444444444444
484 0.815625 0.6111111111111112 0.059375 0.09111111111111111
336 0.8203125 0.5311111111111111 0.025 0.03111111111111111
410 0.89375 0.6111111111111112 0.075 0.09333333333333334
215 0.896875 0.6933333333333334 0.0671875 0.05555555555555555
180 0.9578125 0.6488888888888888 0.04375 0.18