392 0.0875 0.15432098765432098 0.0765625 0.09053497942386832
296 0.090625 0.07407407407407407 0.0640625 0.06378600823045268
400 0.1875 0.18930041152263374 0.09375 0.15843621399176955
546 0.2921875 0.19135802469135801 0.10625 0.16255144032921812
502 0.3890625 0.15637860082304528 0.0796875 0.08847736625514403
192 0.3953125 0.2345679012345679 0.0734375 0.06172839506172839
17 0.4984375 0.18518518518518517 0.125 0.1646090534979424
60 0.6140625 0.16255144032921812 0.0890625 0.10905349794238683
286 0.7171875 0.18930041152263374 0.0984375 0.16255144032921812
15 0.834375 0.1831275720164609 0.125 0.1646090534979424
466 0.09375 0.6460905349794238 0.0796875 0.09259259259259259
222 0.096875 0.5679012345679012 0.028125 0.030864197530864196
336 0.115625 0.5679012345679012 0.0234375 0.030864197530864196
543 0.2078125 0.6790123456790124 0.1109375 0.15637860082304528
336 0.2359375 0.5679012345679012 0.0234375 0.03497942386831276
466 0.3171875 0.6481481481481481 0.0796875 0.09259259259259259
260 0.4078125 0.6481481481481481 0.084375 0.09465020576131687
118 0.4984375 0.6460905349794238 0.084375 0.09259259259259259
296 0.4953125 0.565843621399177 0.0625 0.06378600823045268
410 0.584375 0.6460905349794238 0.0765625 0.09259259259259259
336 0.6 0.5679012345679012 0.025 0.02880658436213992
17 0.6953125 0.6748971193415638 0.121875 0.1646090534979424
428 0.8078125 0.6707818930041153 0.0984375 0.13991769547325103
300 0.8984375 0.6481481481481481 0.0703125 0.09259259259259259