392 0.078125 0.15011037527593818 0.0703125 0.09271523178807947
484 0.1515625 0.15011037527593818 0.059375 0.09271523178807947
336 0.1453125 0.0684326710816777 0.059375 0.0640176600441501
22 0.253125 0.17880794701986755 0.1234375 0.16777041942604856
360 0.3375 0.15673289183222958 0.0265625 0.0772626931567329
360 0.359375 0.1545253863134658 0.028125 0.07505518763796909
118 0.0828125 0.6423841059602649 0.078125 0.08830022075055188
296 0.0796875 0.5607064017660044 0.0609375 0.0640176600441501
224 0.165625 0.6445916114790287 0.08125 0.09271523178807947
296 0.171875 0.5607064017660044 0.0546875 0.059602649006622516
382 0.265625 0.6777041942604857 0.09375 0.16335540838852097
395 0.36875 0.6799116997792495 0.103125 0.16556291390728478
260 0.465625 0.6423841059602649 0.0796875 0.09050772626931568
336 0.484375 0.5673289183222958 0.025 0.03090507726269316
224 0.5578125 0.6423841059602649 0.0796875 0.09050772626931568
296 0.5640625 0.5584988962472406 0.059375 0.0640176600441501
484 0.6390625 0.6445916114790287 0.0546875 0.09050772626931568
336 0.6453125 0.5673289183222958 0.025 0.03090507726269316
520 0.721875 0.6423841059602649 0.0828125 0.09271523178807947
355 0.81875 0.6423841059602649 0.090625 0.09271523178807947
17 0.9265625 0.6710816777041942 0.1140625 0.16556291390728478