355 0.0796875 0.1299559471365639 0.090625 0.09251101321585903
374 0.171875 0.1299559471365639 0.0796875 0.09251101321585903
326 0.26875 0.16519823788546256 0.1 0.16299559471365638
297 0.34375 0.16740088105726872 0.04375 0.16519823788546256
318 0.4140625 0.1299559471365639 0.0828125 0.09251101321585903
465 0.4828125 0.1277533039647577 0.04375 0.09030837004405286
297 0.5375 0.16740088105726872 0.0453125 0.16519823788546256
520 0.609375 0.13215859030837004 0.084375 0.09030837004405286
465 0.678125 0.1299559471365639 0.04375 0.09030837004405286
484 0.7375 0.1299559471365639 0.0546875 0.0881057268722467
336 0.74375 0.05286343612334802 0.0234375 0.03303964757709251
520 0.821875 0.1299559471365639 0.084375 0.0881057268722467
21 0.9296875 0.15859030837004406 0.115625 0.16519823788546256
355 0.0796875 0.6255506607929515 0.0890625 0.0947136563876652
296 0.0921875 0.5440528634361234 0.0578125 0.06167400881057269
318 0.1796875 0.6255506607929515 0.0828125 0.09030837004405286
300 0.2640625 0.6255506607929515 0.0734375 0.0947136563876652
392 0.34375 0.6255506607929515 0.071875 0.09911894273127753
318 0.428125 0.6255506607929515 0.0828125 0.0947136563876652
410 0.515625 0.6255506607929515 0.071875 0.09251101321585903
169 0.5234375 0.7048458149779736 0.0578125 0.05506607929515418
336 0.534375 0.5462555066079295 0.021875 0.030837004405286344
30 0.621875 0.6211453744493393 0.103125 0.09691629955947137
484 0.7015625 0.6255506607929515 0.053125 0.09030837004405286
8 0.796875 0.6541850220264317 0.11875 0.16299559471365638