118 0.075 0.13005272407732865 0.096875 0.0913884007029877
326 0.1875 0.16695957820738136 0.1265625 0.16695957820738136
260 0.30625 0.13181019332161686 0.1015625 0.0913884007029877
336 0.328125 0.050966608084358524 0.0296875 0.03163444639718805
360 0.3890625 0.13532513181019332 0.034375 0.07205623901581722
355 0.48125 0.1335676625659051 0.1171875 0.0913884007029877
222 0.4953125 0.0492091388400703 0.03125 0.0351493848857645
520 0.6125 0.13181019332161686 0.1078125 0.09490333919156414
207 0.6703125 0.03866432337434095 0.04375 0.06502636203866433
360 0.7015625 0.13708260105448156 0.034375 0.07557117750439367
146 0.7796875 0.15817223198594024 0.090625 0.15289982425307558
410 0.8828125 0.13005272407732865 0.096875 0.09666080843585237
336 0.9046875 0.050966608084358524 0.03125 0.03163444639718805
45 0.0703125 0.6362038664323374 0.0859375 0.0913884007029877
392 0.175 0.6362038664323374 0.09375 0.09490333919156414
336 0.19375 0.5571177504393673 0.0296875 0.0351493848857645
484 0.271875 0.6362038664323374 0.0703125 0.09314586994727592
22 0.3984375 0.6660808435852372 0.1609375 0.1704745166959578
30 0.553125 0.6344463971880492 0.1328125 0.10017574692442882
8 0.7765625 0.6660808435852372 0.1546875 0.1687170474516696
360 0.8796875 0.6414762741652021 0.034375 0.07381370826010544
484 0.6578125 0.6362038664323374 0.0703125 0.09314586994727592