67 0.08125 0.16326530612244897 0.0875 0.17006802721088435
556 0.1671875 0.12698412698412698 0.0734375 0.09523809523809523
318 0.253125 0.12698412698412698 0.084375 0.09523809523809523
336 0.2734375 0.04308390022675737 0.0234375 0.02947845804988662
22 0.3703125 0.1564625850340136 0.1234375 0.17233560090702948
360 0.453125 0.1292517006802721 0.028125 0.07482993197278912
260 0.5203125 0.12471655328798185 0.0796875 0.09523809523809523
410 0.6046875 0.12698412698412698 0.0734375 0.09523809523809523
31 0.6171875 0.2108843537414966 0.05 0.061224489795918366
180 0.6703125 0.16780045351473924 0.040625 0.17687074829931973
484 0.7265625 0.12698412698412698 0.0546875 0.09297052154195011
318 0.803125 0.12698412698412698 0.0828125 0.09523809523809523
336 0.825 0.047619047619047616 0.0234375 0.036281179138321996
17 0.9140625 0.15873015873015872 0.1171875 0.16780045351473924
392 0.0734375 0.63718820861678 0.0734375 0.09523809523809523
296 0.0765625 0.5532879818594104 0.059375 0.06802721088435375
520 0.2796875 0.6394557823129252 0.0875 0.09523809523809523
355 0.375 0.63718820861678 0.0921875 0.09523809523809523
410 0.465625 0.63718820861678 0.075 0.09977324263038549
179 0.5515625 0.63718820861678 0.0859375 0.09523809523809523
336 0.5734375 0.5578231292517006 0.0234375 0.02947845804988662
374 0.646875 0.63718820861678 0.078125 0.09070294784580499
15 0.753125 0.6689342403628118 0.1171875 0.17006802721088435
300 0.8484375 0.6394557823129252 0.065625 0.09523809523809523
446 0.175 0.6394557823129252 0.1046875 0.09523809523809523