297 0.0796875 0.16985645933014354 0.0421875 0.16267942583732056
261 0.1421875 0.1291866028708134 0.06875 0.09090909090909091
297 0.2046875 0.1674641148325359 0.040625 0.16267942583732056
556 0.265625 0.1291866028708134 0.0671875 0.08851674641148326
297 0.328125 0.1674641148325359 0.040625 0.16267942583732056
502 0.3875 0.1291866028708134 0.0671875 0.08851674641148326
465 0.446875 0.1291866028708134 0.0390625 0.08851674641148326
14 0.534375 0.16028708133971292 0.1171875 0.16267942583732056
410 0.634375 0.12679425837320574 0.0671875 0.09569377990430622
191 0.653125 0.23684210526315788 0.05625 0.11483253588516747
474 0.728125 0.16507177033492823 0.08125 0.16267942583732056
14 0.83125 0.15789473684210525 0.11875 0.16507177033492823
318 0.096875 0.6220095693779905 0.0765625 0.08851674641148326
336 0.115625 0.5430622009569378 0.0234375 0.03110047846889952
556 0.18125 0.6220095693779905 0.0671875 0.09330143540669857
355 0.265625 0.6220095693779905 0.08125 0.08851674641148326
412 0.2828125 0.6985645933014354 0.0484375 0.05502392344497608
411 0.3140625 0.5454545454545454 0.025 0.023923444976076555
297 0.3421875 0.6578947368421053 0.040625 0.16267942583732056
300 0.4 0.6220095693779905 0.0640625 0.09330143540669857
465 0.45625 0.6196172248803827 0.0390625 0.08851674641148326
337 0.521875 0.6220095693779905 0.071875 0.09090909090909091
484 0.5921875 0.6220095693779905 0.0515625 0.09090909090909091
336 0.596875 0.5430622009569378 0.0203125 0.03110047846889952
411 0.6265625 0.5454545454545454 0.0265625 0.023923444976076555
242 0.66875 0.6220095693779905 0.0703125 0.09090909090909091
336 0.684375 0.5406698564593302 0.021875 0.03110047846889952
374 0.753125 0.6220095693779905 0.071875 0.08851674641148326
336 0.76875 0.5406698564593302 0.0203125 0.03349282296650718
14 0.859375 0.6483253588516746 0.11875 0.1674641148325359