130 0.1015625 0.22157434402332363 0.115625 0.20408163265306123
556 0.203125 0.18075801749271136 0.0734375 0.119533527696793
318 0.2859375 0.18075801749271136 0.078125 0.11661807580174927
215 0.2921875 0.2857142857142857 0.065625 0.07580174927113703
296 0.2953125 0.07580174927113703 0.0578125 0.08163265306122448
207 0.334375 0.061224489795918366 0.0296875 0.08163265306122448
374 0.384375 0.18075801749271136 0.078125 0.11661807580174927
336 0.4015625 0.07871720116618076 0.021875 0.04081632653061224
318 0.4765625 0.18075801749271136 0.0796875 0.11661807580174927
520 0.56875 0.18075801749271136 0.0828125 0.11661807580174927
199 0.653125 0.18075801749271136 0.075 0.119533527696793
260 0.7375 0.18075801749271136 0.078125 0.11661807580174927
502 0.821875 0.18075801749271136 0.078125 0.11661807580174927
224 0.8984375 0.18075801749271136 0.078125 0.12244897959183673
546 0.9171875 0.3206997084548105 0.071875 0.14868804664723032
360 0.96875 0.18658892128279883 0.0265625 0.09912536443148688
502 0.0875 0.8221574344023324 0.075 0.119533527696793
296 0.0921875 0.7142857142857143 0.059375 0.08454810495626822
318 0.178125 0.8250728862973761 0.08125 0.119533527696793
336 0.2 0.7201166180758017 0.021875 0.04081632653061224
411 0.2296875 0.7230320699708455 0.028125 0.03206997084548105
300 0.2703125 0.8250728862973761 0.06875 0.119533527696793
60 0.35625 0.8309037900874635 0.0828125 0.13994169096209913
286 0.453125 0.8688046647230321 0.0921875 0.2099125364431487
15 0.559375 0.8600583090379009 0.115625 0.21574344023323616
466 0.6640625 0.8250728862973761 0.075 0.119533527696793
222 0.6671875 0.717201166180758 0.025 0.04081632653061224
336 0.6859375 0.7201166180758017 0.021875 0.04081632653061224
543 0.7703125 0.8658892128279884 0.103125 0.20699708454810495
336 0.796875 0.7230320699708455 0.021875 0.037900874635568516