260 0.1 0.1324110671936759 0.090625 0.09288537549407115
466 0.2015625 0.1324110671936759 0.0859375 0.09486166007905138
520 0.303125 0.1324110671936759 0.096875 0.09288537549407115
169 0.3203125 0.2134387351778656 0.065625 0.05731225296442688
336 0.33125 0.05138339920948617 0.0265625 0.03162055335968379
484 0.403125 0.1324110671936759 0.0625 0.09288537549407115
574 0.4953125 0.1324110671936759 0.1015625 0.09288537549407115
355 0.60625 0.1324110671936759 0.1046875 0.09288537549407115
410 0.7125 0.13043478260869565 0.084375 0.09881422924901186
199 0.8046875 0.1324110671936759 0.0875 0.09288537549407115
260 0.9046875 0.1324110671936759 0.09375 0.09288537549407115
30 0.1140625 0.6403162055335968 0.11875 0.10276679841897234
318 0.2234375 0.6462450592885376 0.0953125 0.09288537549407115
10 0.3484375 0.6739130434782609 0.134375 0.17193675889328064
360 0.4375 0.6482213438735178 0.03125 0.07707509881422925
428 0.5171875 0.6699604743083004 0.10625 0.14624505928853754
26 0.5984375 0.6442687747035574 0.0421875 0.08893280632411067
392 0.678125 0.6442687747035574 0.0828125 0.09486166007905138
484 0.7609375 0.6442687747035574 0.0640625 0.09486166007905138
296 0.753125 0.5612648221343873 0.06875 0.06719367588932806
22 0.8796875 0.6739130434782609 0.1421875 0.17193675889328064