413 0.096875 0.18674698795180722 0.0953125 0.14457831325301204
26 0.1703125 0.15863453815261044 0.040625 0.08835341365461848
413 0.246875 0.18674698795180722 0.0921875 0.14457831325301204
28 0.334375 0.1646586345381526 0.0671875 0.10843373493975904
360 0.4 0.16265060240963855 0.0265625 0.06827309236947791
360 0.4234375 0.16265060240963855 0.0265625 0.07028112449799197
31 0.4921875 0.1606425702811245 0.078125 0.09437751004016064
296 0.49375 0.0783132530120482 0.065625 0.06224899598393574
300 0.5828125 0.1606425702811245 0.078125 0.08835341365461848
336 0.596875 0.08032128514056225 0.0265625 0.030120481927710843
546 0.6890625 0.19477911646586346 0.10625 0.1606425702811245
474 0.7984375 0.1927710843373494 0.0953125 0.15261044176706828
410 0.890625 0.15863453815261044 0.078125 0.09236947791164658
169 0.9 0.23493975903614459 0.0625 0.05622489959839357
336 0.9109375 0.08433734939759036 0.025 0.030120481927710843
104 0.0953125 0.6385542168674698 0.0765625 0.09437751004016064
297 0.1671875 0.678714859437751 0.046875 0.1606425702811245
374 0.240625 0.642570281124498 0.08125 0.09236947791164658
502 0.33125 0.6445783132530121 0.08125 0.08835341365461848
215 0.3375 0.7228915662650602 0.0703125 0.05823293172690763
336 0.3546875 0.5662650602409639 0.0265625 0.0321285140562249
410 0.43125 0.642570281124498 0.078125 0.08835341365461848
360 0.49375 0.6485943775100401 0.028125 0.07228915662650602
124 0.5671875 0.678714859437751 0.0890625 0.1566265060240964
260 0.6578125 0.642570281124498 0.084375 0.08835341365461848
17 0.76875 0.6726907630522089 0.121875 0.1606425702811245
360 0.853125 0.6485943775100401 0.0265625 0.07228915662650602