574 0.0828125 0.1431818181818182 0.084375 0.09090909090909091
392 0.1671875 0.1431818181818182 0.0703125 0.09545454545454546
17 0.265625 0.17272727272727273 0.1125 0.16590909090909092
360 0.340625 0.14545454545454545 0.025 0.07727272727272727
502 0.403125 0.1431818181818182 0.0734375 0.09090909090909091
296 0.4078125 0.06136363636363636 0.0578125 0.06136363636363636
207 0.446875 0.05227272727272727 0.0296875 0.06363636363636363
520 0.5015625 0.1431818181818182 0.0828125 0.09318181818181819
297 0.0609375 0.6795454545454546 0.04375 0.16590909090909092
374 0.1265625 0.6431818181818182 0.0765625 0.09090909090909091
224 0.2125 0.6409090909090909 0.0796875 0.09318181818181819
297 0.28125 0.6795454545454546 0.0453125 0.16818181818181818
410 0.3453125 0.6431818181818182 0.0734375 0.09318181818181819
465 0.40625 0.6431818181818182 0.0453125 0.08863636363636364
17 0.49375 0.6704545454545454 0.1125 0.16590909090909092
360 0.5703125 0.6454545454545455 0.0265625 0.07727272727272727
360 0.5921875 0.6454545454545455 0.0265625 0.07727272727272727
118 0.6546875 0.6409090909090909 0.075 0.09090909090909091
296 0.6515625 0.5590909090909091 0.0578125 0.06136363636363636
260 0.7359375 0.6431818181818182 0.0765625 0.09318181818181819
411 0.778125 0.5659090909090909 0.028125 0.02727272727272727
355 0.8328125 0.6431818181818182 0.0890625 0.09318181818181819
17 0.9375 0.6727272727272727 0.1140625 0.16590909090909092