260 0.0921875 0.1480637813211845 0.078125 0.09567198177676538
336 0.109375 0.06605922551252848 0.025 0.029612756264236904
410 0.1796875 0.14578587699316628 0.071875 0.09567198177676538
296 0.184375 0.06378132118451026 0.059375 0.06150341685649203
300 0.2640625 0.14578587699316628 0.0703125 0.09339407744874716
484 0.3328125 0.1480637813211845 0.053125 0.09339407744874716
374 0.40625 0.1480637813211845 0.0765625 0.09567198177676538
318 0.49375 0.1480637813211845 0.0828125 0.09339407744874716
336 0.5140625 0.06605922551252848 0.025 0.03416856492027335
410 0.584375 0.14578587699316628 0.0703125 0.0979498861047836
208 0.6703125 0.1480637813211845 0.090625 0.09567198177676538
296 0.675 0.06378132118451026 0.0609375 0.06605922551252848
466 0.7609375 0.1480637813211845 0.075 0.09339407744874716
296 0.7640625 0.06150341685649203 0.059375 0.06378132118451026
207 0.8046875 0.05239179954441914 0.03125 0.06605922551252848
520 0.859375 0.1480637813211845 0.084375 0.09339407744874716
336 0.8796875 0.06605922551252848 0.025 0.029612756264236904
103 0.0875 0.6810933940774487 0.0734375 0.1548974943052392
392 0.16875 0.6514806378132119 0.0734375 0.09567198177676538
17 0.265625 0.6810933940774487 0.1140625 0.16856492027334852
360 0.3421875 0.6560364464692483 0.025 0.07289293849658314
392 0.4046875 0.6514806378132119 0.0703125 0.09339407744874716
296 0.40625 0.5671981776765376 0.059375 0.06378132118451026
502 0.490625 0.6514806378132119 0.0734375 0.09339407744874716
336 0.50625 0.571753986332574 0.0234375 0.03189066059225513
207 0.534375 0.5580865603644647 0.03125 0.06378132118451026
360 0.559375 0.6560364464692483 0.0265625 0.07517084282460136
260 0.625 0.6514806378132119 0.078125 0.09111617312072894
410 0.7078125 0.6492027334851936 0.0734375 0.09567198177676538
158 0.7234375 0.765375854214123 0.071875 0.10933940774487472
484 0.7875 0.6537585421412301 0.0546875 0.09339407744874716
336 0.79375 0.571753986332574 0.025 0.03189066059225513
318 0.86875 0.6514806378132119 0.0828125 0.09111617312072894
180 0.934375 0.6924829157175398 0.0421875 0.17539863325740318
360 0.9765625 0.6560364464692483 0.025 0.07289293849658314