392 0.084375 0.15668202764976957 0.06875 0.08986175115207373
296 0.0875 0.07603686635944701 0.0578125 0.06451612903225806
297 0.153125 0.195852534562212 0.0421875 0.16589861751152074
484 0.2078125 0.15668202764976957 0.0546875 0.09216589861751152
355 0.2859375 0.15668202764976957 0.0875 0.0944700460829493
224 0.375 0.15898617511520738 0.0765625 0.09216589861751152
492 0.4546875 0.1935483870967742 0.0671875 0.16129032258064516
318 0.5328125 0.15668202764976957 0.0796875 0.09216589861751152
355 0.6234375 0.15668202764976957 0.0859375 0.08986175115207373
17 0.728125 0.18663594470046083 0.109375 0.16589861751152074
392 0.0828125 0.6566820276497696 0.06875 0.09216589861751152
296 0.0859375 0.5737327188940092 0.05625 0.06221198156682028
484 0.1578125 0.6566820276497696 0.053125 0.08986175115207373
574 0.2359375 0.6589861751152074 0.0859375 0.09216589861751152
355 0.328125 0.6566820276497696 0.0875 0.09216589861751152
17 0.4328125 0.6866359447004609 0.1109375 0.16359447004608296
60 0.5375 0.663594470046083 0.08125 0.10829493087557604
286 0.63125 0.6912442396313364 0.0921875 0.16129032258064516
15 0.7359375 0.6866359447004609 0.1140625 0.16589861751152074
466 0.8390625 0.6566820276497696 0.071875 0.0944700460829493
222 0.8421875 0.576036866359447 0.025 0.027649769585253458
336 0.859375 0.5783410138248848 0.0203125 0.029953917050691243
543 0.9421875 0.6912442396313364 0.0984375 0.15668202764976957
336 0.96875 0.5783410138248848 0.0234375 0.027649769585253458