466 0.1171875 0.15106382978723404 0.075 0.08723404255319149
260 0.2015625 0.14680851063829786 0.078125 0.08723404255319149
118 0.284375 0.14893617021276595 0.0765625 0.08723404255319149
296 0.28125 0.07234042553191489 0.059375 0.059574468085106386
410 0.3625 0.14680851063829786 0.071875 0.08936170212765958
336 0.378125 0.07446808510638298 0.0234375 0.029787234042553193
17 0.465625 0.17659574468085107 0.1140625 0.1574468085106383
428 0.5703125 0.1723404255319149 0.0875 0.13191489361702127
300 0.653125 0.14893617021276595 0.0640625 0.0851063829787234
392 0.7328125 0.14893617021276595 0.0703125 0.08297872340425531
296 0.7953125 0.07234042553191489 0.0578125 0.06170212765957447
484 0.8015625 0.14893617021276595 0.0546875 0.08936170212765958
22 0.903125 0.17659574468085107 0.121875 0.1574468085106383
413 0.1140625 0.6425531914893617 0.084375 0.14042553191489363
26 0.1796875 0.6148936170212767 0.034375 0.08297872340425531
413 0.25 0.6425531914893617 0.084375 0.14042553191489363
28 0.328125 0.6212765957446809 0.0609375 0.10212765957446808
355 0.41875 0.6170212765957447 0.090625 0.0851063829787234
484 0.4984375 0.6170212765957447 0.053125 0.0851063829787234
296 0.490625 0.5382978723404256 0.0578125 0.0574468085106383
410 0.575 0.6170212765957447 0.071875 0.08723404255319149
318 0.6578125 0.6170212765957447 0.08125 0.08723404255319149
336 0.678125 0.5425531914893617 0.0234375 0.029787234042553193
374 0.75 0.6170212765957447 0.0765625 0.08297872340425531
15 0.8546875 0.6446808510638298 0.115625 0.1574468085106383