520 0.096875 0.13296903460837886 0.103125 0.08925318761384335
336 0.1234375 0.052823315118397086 0.03125 0.030965391621129327
260 0.2140625 0.13114754098360656 0.0984375 0.09289617486338798
355 0.328125 0.13114754098360656 0.1125 0.0947176684881603
169 0.3515625 0.21129326047358835 0.0703125 0.056466302367941715
466 0.4484375 0.13114754098360656 0.0921875 0.09107468123861566
520 0.55625 0.13114754098360656 0.1015625 0.09289617486338798
169 0.575 0.21311475409836064 0.06875 0.058287795992714025
336 0.5875 0.051001821493624776 0.028125 0.029143897996357013
374 0.6765625 0.13114754098360656 0.096875 0.08743169398907104
336 0.7015625 0.051001821493624776 0.0296875 0.030965391621129327
318 0.7921875 0.13296903460837886 0.1015625 0.0947176684881603
520 0.90625 0.13296903460837886 0.1046875 0.09289617486338798
336 0.9375 0.052823315118397086 0.0296875 0.030965391621129327
169 0.925 0.21129326047358835 0.06875 0.058287795992714025
556 0.090625 0.6338797814207651 0.090625 0.09289617486338798
336 0.109375 0.5537340619307832 0.0296875 0.029143897996357013
260 0.2 0.6338797814207651 0.0984375 0.09107468123861566
574 0.3125 0.6357012750455373 0.109375 0.09289617486338798
180 0.396875 0.6739526411657559 0.0484375 0.17122040072859745
318 0.4828125 0.6338797814207651 0.1 0.09289617486338798
336 0.5078125 0.5537340619307832 0.028125 0.030965391621129327
546 0.6125 0.668488160291439 0.1234375 0.16393442622950818
360 0.6984375 0.639344262295082 0.03125 0.08014571948998178
360 0.725 0.6375227686703097 0.03125 0.08014571948998178