118 0.11942675159235669 0.15 0.11464968152866242 0.0921875
296 0.11464968152866242 0.065625 0.0875796178343949 0.0625
374 0.2372611464968153 0.1484375 0.11305732484076433 0.09375
318 0.3646496815286624 0.15 0.1178343949044586 0.0921875
336 0.39490445859872614 0.06875 0.03662420382165605 0.03125
410 0.4984076433121019 0.146875 0.10509554140127389 0.0953125
179 0.6194267515923567 0.15 0.12420382165605096 0.09375
336 0.6512738853503185 0.0703125 0.03343949044585987 0.0296875
546 0.7754777070063694 0.184375 0.1449044585987261 0.1625
260 0.12261146496815287 0.64375 0.11624203821656051 0.09375
336 0.1464968152866242 0.5671875 0.03821656050955414 0.0328125
224 0.25477707006369427 0.64375 0.1178343949044586 0.09375
296 0.2627388535031847 0.5609375 0.08598726114649681 0.065625
484 0.37101910828025475 0.6453125 0.07961783439490445 0.0921875
336 0.38057324840764334 0.565625 0.03662420382165605 0.03125
520 0.49044585987261147 0.6453125 0.12261146496815287 0.090625
355 0.6305732484076433 0.6453125 0.1305732484076433 0.0921875
410 0.7627388535031847 0.64375 0.10668789808917198 0.0921875
191 0.7929936305732485 0.7546875 0.09076433121019108 0.115625
300 0.8885350318471338 0.6453125 0.10509554140127389 0.090625