502 0.0796875 0.16304347826086957 0.0765625 0.0891304347826087
296 0.0859375 0.08260869565217391 0.0578125 0.06304347826086956
224 0.171875 0.16304347826086957 0.0796875 0.09130434782608696
300 0.2546875 0.16304347826086957 0.071875 0.0891304347826087
336 0.26875 0.08478260869565217 0.025 0.030434782608695653
318 0.3453125 0.16304347826086957 0.08125 0.08695652173913043
410 0.4328125 0.16304347826086957 0.071875 0.09130434782608696
194 0.4453125 0.25217391304347825 0.05 0.0782608695652174
518 0.540625 0.1934782608695652 0.11875 0.15869565217391304
484 0.6328125 0.16304347826086957 0.0546875 0.09130434782608696
355 0.7125 0.16304347826086957 0.0921875 0.09347826086956522
520 0.8109375 0.16304347826086957 0.084375 0.0891304347826087
169 0.8265625 0.24130434782608695 0.05625 0.05652173913043478
336 0.8359375 0.08478260869565217 0.0234375 0.030434782608695653
60 0.084375 0.6608695652173913 0.0859375 0.10652173913043478
297 0.159375 0.6891304347826087 0.0453125 0.16521739130434782
410 0.225 0.6543478260869565 0.071875 0.09347826086956522
169 0.2328125 0.7326086956521739 0.05625 0.05434782608695652
465 0.2921875 0.6521739130434783 0.0453125 0.08695652173913043
297 0.346875 0.6891304347826087 0.0453125 0.16304347826086957
410 0.4125 0.6543478260869565 0.071875 0.09130434782608696
502 0.4953125 0.6543478260869565 0.075 0.09130434782608696
336 0.5109375 0.5760869565217391 0.025 0.030434782608695653
318 0.5890625 0.6543478260869565 0.084375 0.09130434782608696
318 0.6796875 0.6543478260869565 0.0828125 0.09130434782608696
336 0.7 0.5760869565217391 0.0234375 0.030434782608695653
364 0.7875 0.6891304347826087 0.109375 0.15869565217391304
22 0.909375 0.6847826086956522 0.1234375 0.16521739130434782