360 0.090625 0.14476190476190476 0.0296875 0.07047619047619047
360 0.115625 0.14476190476190476 0.0296875 0.07047619047619047
31 0.1890625 0.13904761904761906 0.08125 0.09142857142857143
410 0.278125 0.13904761904761906 0.0796875 0.09142857142857143
191 0.3015625 0.24571428571428572 0.0703125 0.11428571428571428
207 0.3328125 0.049523809523809526 0.0375 0.06285714285714286
318 0.3921875 0.14095238095238094 0.0921875 0.09142857142857143
336 0.415625 0.06285714285714286 0.0265625 0.02857142857142857
556 0.496875 0.14095238095238094 0.084375 0.08761904761904762
297 0.5734375 0.17714285714285713 0.0515625 0.1619047619047619
355 0.65625 0.13904761904761906 0.1015625 0.08761904761904762
260 0.11875 0.6228571428571429 0.0890625 0.08952380952380952
336 0.140625 0.5447619047619048 0.028125 0.02857142857142857
345 0.23125 0.6552380952380953 0.109375 0.16
474 0.3453125 0.6571428571428571 0.1015625 0.1580952380952381
14 0.4734375 0.6514285714285715 0.146875 0.1619047619047619
360 0.5703125 0.6247619047619047 0.028125 0.0761904761904762