104 0.1078125 0.1087866108786611 0.071875 0.09623430962343096
355 0.2 0.11297071129707113 0.0921875 0.0899581589958159
37 0.23125 0.2175732217573222 0.0671875 0.11297071129707113
260 0.3078125 0.11506276150627615 0.0828125 0.08786610878661087
336 0.3265625 0.03765690376569038 0.0234375 0.027196652719665274
360 0.3765625 0.11715481171548117 0.0265625 0.07112970711297072
360 0.4 0.11715481171548117 0.0265625 0.07112970711297072
297 0.0953125 0.6338912133891214 0.0453125 0.15690376569037656
261 0.165625 0.5983263598326359 0.0765625 0.08786610878661087
297 0.234375 0.6359832635983264 0.0453125 0.16317991631799164
556 0.303125 0.5962343096234309 0.075 0.08786610878661087
297 0.3734375 0.6338912133891214 0.04375 0.1589958158995816
355 0.4484375 0.5983263598326359 0.0921875 0.0899581589958159
520 0.5484375 0.5962343096234309 0.0859375 0.0899581589958159
412 0.6390625 0.5983263598326359 0.071875 0.08786610878661087
336 0.6546875 0.5209205020920502 0.025 0.029288702928870293
502 0.728125 0.5983263598326359 0.078125 0.08786610878661087
355 0.821875 0.5983263598326359 0.0953125 0.08786610878661087