556 0.0953125 0.12790697674418605 0.0734375 0.09069767441860466
355 0.18125 0.12790697674418605 0.0859375 0.09069767441860466
546 0.203125 0.2372093023255814 0.0703125 0.11395348837209303
374 0.278125 0.12790697674418605 0.075 0.09302325581395349
296 0.2828125 0.044186046511627906 0.05625 0.06279069767441861
224 0.365625 0.12790697674418605 0.075 0.09534883720930233
484 0.4359375 0.12790697674418605 0.053125 0.09069767441860466
410 0.5046875 0.12558139534883722 0.06875 0.09302325581395349
336 0.5234375 0.04883720930232558 0.021875 0.030232558139534883
169 0.5140625 0.20465116279069767 0.053125 0.05581395348837209
30 0.6046875 0.12325581395348838 0.0984375 0.09767441860465116
484 0.68125 0.12790697674418605 0.0515625 0.09069767441860466
224 0.753125 0.12790697674418605 0.075 0.09302325581395349
154 0.7640625 0.22325581395348837 0.0546875 0.08139534883720931
326 0.8484375 0.16279069767441862 0.09375 0.16046511627906976
260 0.9359375 0.12790697674418605 0.075 0.09069767441860466
336 0.953125 0.046511627906976744 0.0234375 0.030232558139534883
360 0.071875 0.6255813953488372 0.0265625 0.07441860465116279
360 0.0953125 0.6232558139534884 0.0234375 0.07441860465116279
392 0.1515625 0.6186046511627907 0.06875 0.09069767441860466
296 0.1546875 0.5395348837209303 0.059375 0.06279069767441861
297 0.21875 0.6558139534883721 0.0421875 0.16279069767441862
484 0.2734375 0.6209302325581395 0.053125 0.09302325581395349
355 0.35 0.6209302325581395 0.0890625 0.09302325581395349
392 0.434375 0.6209302325581395 0.0671875 0.09302325581395349
299 0.4359375 0.5372093023255814 0.05625 0.06279069767441861
300 0.5140625 0.6209302325581395 0.0671875 0.09069767441860466
296 0.515625 0.5372093023255814 0.0578125 0.06511627906976744
374 0.596875 0.6209302325581395 0.0734375 0.09302325581395349
207 0.6359375 0.5302325581395348 0.0328125 0.06279069767441861
502 0.6828125 0.6209302325581395 0.0703125 0.09069767441860466
374 0.7640625 0.6232558139534884 0.075 0.09069767441860466
22 0.86875 0.6488372093023256 0.1171875 0.16511627906976745