60 0.1078125 0.14990859232175502 0.103125 0.10968921389396709
286 0.2265625 0.1773308957952468 0.1140625 0.16270566727605118
15 0.3578125 0.17184643510054845 0.14375 0.16453382084095064
466 0.4875 0.1425959780621572 0.090625 0.09140767824497258
222 0.490625 0.0603290676416819 0.03125 0.029250457038391225
336 0.5125 0.06398537477148081 0.0265625 0.031078610603290677
543 0.6171875 0.17550274223034734 0.1234375 0.15539305301645337
336 0.65 0.06398537477148081 0.0296875 0.031078610603290677
466 0.740625 0.1425959780621572 0.090625 0.09323583180987204
260 0.84375 0.1425959780621572 0.09375 0.09140767824497258
30 0.121875 0.6343692870201096 0.125 0.09872029250457039
318 0.234375 0.6380255941499086 0.0984375 0.09140767824497258
10 0.365625 0.6672760511882998 0.1421875 0.1663619744058501
428 0.496875 0.6636197440585009 0.109375 0.14076782449725778
26 0.5796875 0.6361974405850092 0.04375 0.08592321755027423
392 0.6640625 0.6380255941499086 0.0875 0.09140767824497258
296 0.7421875 0.5557586837294333 0.0734375 0.06398537477148081
484 0.75 0.6398537477148081 0.06875 0.08957952468007313
22 0.875 0.6672760511882998 0.153125 0.1663619744058501