413 0.0953125 0.12686567164179105 0.10625 0.15485074626865672
26 0.1765625 0.09514925373134328 0.046875 0.08955223880597014
413 0.2625 0.12686567164179105 0.10625 0.15671641791044777
28 0.3625 0.1044776119402985 0.075 0.11567164179104478
360 0.4375 0.10074626865671642 0.03125 0.07462686567164178
360 0.465625 0.10261194029850747 0.03125 0.08022388059701492
118 0.540625 0.09701492537313433 0.0984375 0.09328358208955224
374 0.634375 0.09701492537313433 0.096875 0.09328358208955224
180 0.7140625 0.13992537313432835 0.05 0.1791044776119403
502 0.7953125 0.09701492537313433 0.09375 0.09701492537313433
546 0.9140625 0.13246268656716417 0.1234375 0.16977611940298507
318 0.1 0.6082089552238806 0.103125 0.09514925373134328
374 0.2078125 0.6063432835820896 0.096875 0.09514925373134328
502 0.3109375 0.6082089552238806 0.0921875 0.09514925373134328
432 0.4328125 0.6436567164179104 0.128125 0.16791044776119404
318 0.5546875 0.6082089552238806 0.1015625 0.09701492537313433
260 0.6640625 0.6082089552238806 0.096875 0.09328358208955224
374 0.76875 0.6082089552238806 0.0984375 0.09514925373134328
180 0.846875 0.6492537313432836 0.05 0.17723880597014927