392 0.1109375 0.1748971193415638 0.078125 0.09259259259259259
296 0.1140625 0.09259259259259259 0.065625 0.06378600823045268
412 0.2046875 0.1748971193415638 0.078125 0.09465020576131687
336 0.2203125 0.09465020576131687 0.025 0.03292181069958848
364 0.315625 0.20987654320987653 0.1171875 0.16255144032921812
520 0.4234375 0.1748971193415638 0.0921875 0.09465020576131687
336 0.4484375 0.09465020576131687 0.025 0.03292181069958848
318 0.528125 0.1748971193415638 0.090625 0.09053497942386832
502 0.6234375 0.1748971193415638 0.08125 0.09053497942386832
336 0.6421875 0.09670781893004116 0.0265625 0.03292181069958848
374 0.7203125 0.1748971193415638 0.0859375 0.09259259259259259
492 0.7515625 0.2839506172839506 0.0578125 0.11522633744855967
372 0.8546875 0.20781893004115226 0.14375 0.16255144032921812
180 0.95 0.21604938271604937 0.04375 0.1728395061728395
318 0.1171875 0.676954732510288 0.0890625 0.09259259259259259
520 0.21875 0.676954732510288 0.090625 0.09259259259259259
326 0.328125 0.7098765432098766 0.10625 0.16049382716049382
466 0.428125 0.6748971193415638 0.0828125 0.09053497942386832
296 0.43125 0.5925925925925926 0.0640625 0.06584362139917696
412 0.5203125 0.676954732510288 0.0796875 0.09053497942386832
392 0.60625 0.6748971193415638 0.0765625 0.09259259259259259
520 0.7015625 0.6748971193415638 0.0921875 0.09053497942386832
17 0.815625 0.7057613168724279 0.1234375 0.1646090534979424