297 0.0828125 0.1402439024390244 0.0546875 0.17682926829268292
300 0.1546875 0.10365853658536585 0.08125 0.09552845528455285
193 0.1640625 0.18699186991869918 0.0703125 0.06097560975609756
465 0.2296875 0.1016260162601626 0.0515625 0.09959349593495935
224 0.3125 0.1016260162601626 0.090625 0.0975609756097561
15 0.4375 0.13617886178861788 0.1359375 0.17682926829268292
360 0.5328125 0.10772357723577236 0.028125 0.07723577235772358
360 0.55625 0.10772357723577236 0.03125 0.08130081300813008
492 0.6265625 0.1402439024390244 0.0796875 0.17276422764227642
372 0.746875 0.13617886178861788 0.1515625 0.17276422764227642
22 0.9015625 0.13414634146341464 0.14375 0.17276422764227642
297 0.08125 0.6666666666666666 0.0515625 0.17682926829268292
300 0.153125 0.6300813008130082 0.0828125 0.0975609756097561
193 0.1640625 0.7154471544715447 0.071875 0.06097560975609756
465 0.23125 0.6280487804878049 0.05 0.09349593495934959
224 0.3140625 0.6300813008130082 0.0921875 0.09552845528455285
374 0.4140625 0.6300813008130082 0.0890625 0.0975609756097561
179 0.515625 0.6300813008130082 0.1 0.09552845528455285
260 0.621875 0.6280487804878049 0.090625 0.09959349593495935
374 0.721875 0.6300813008130082 0.090625 0.09959349593495935
180 0.796875 0.6747967479674797 0.046875 0.18089430894308944