492 0.0734375 0.16279069767441862 0.0703125 0.16279069767441862
372 0.1765625 0.16046511627906976 0.1296875 0.16511627906976745
520 0.290625 0.12790697674418605 0.0828125 0.09534883720930233
169 0.303125 0.20930232558139536 0.05625 0.05813953488372093
336 0.3140625 0.046511627906976744 0.0234375 0.03255813953488372
392 0.3828125 0.12790697674418605 0.0703125 0.09767441860465116
410 0.4625 0.12558139534883722 0.0703125 0.1
502 0.5421875 0.12790697674418605 0.0734375 0.09069767441860466
337 0.628125 0.12790697674418605 0.0765625 0.09767441860465116
360 0.6875 0.1325581395348837 0.0234375 0.07441860465116279
392 0.75 0.12790697674418605 0.0734375 0.09767441860465116
336 0.7625 0.046511627906976744 0.0265625 0.03488372093023256
502 0.8328125 0.12790697674418605 0.0734375 0.09534883720930233
390 0.93125 0.16511627906976745 0.1078125 0.16744186046511628
260 0.0796875 0.6372093023255814 0.0765625 0.09534883720930233
336 0.096875 0.5581395348837209 0.0234375 0.03255813953488372
30 0.1828125 0.6348837209302326 0.1 0.1
484 0.2609375 0.6395348837209303 0.0546875 0.09302325581395349
224 0.334375 0.6372093023255814 0.078125 0.09534883720930233
154 0.346875 0.7372093023255814 0.0578125 0.08604651162790698
326 0.4328125 0.6744186046511628 0.0953125 0.16744186046511628
260 0.525 0.6395348837209303 0.0796875 0.09069767441860466
336 0.540625 0.5581395348837209 0.0234375 0.030232558139534883
574 0.61875 0.6395348837209303 0.0859375 0.09302325581395349
411 0.665625 0.5604651162790698 0.028125 0.02558139534883721