260 0.084375 0.1303538175046555 0.0921875 0.0893854748603352
336 0.1046875 0.05027932960893855 0.028125 0.0297951582867784
318 0.1921875 0.1303538175046555 0.096875 0.0931098696461825
411 0.24375 0.055865921787709494 0.0328125 0.0260707635009311
300 0.296875 0.1303538175046555 0.0828125 0.0893854748603352
466 0.39375 0.12849162011173185 0.084375 0.0893854748603352
159 0.4046875 0.20670391061452514 0.0640625 0.054003724394785846
296 0.403125 0.04655493482309125 0.06875 0.0595903165735568
207 0.4515625 0.03910614525139665 0.0359375 0.061452513966480445
374 0.509375 0.1303538175046555 0.090625 0.0893854748603352
364 0.6265625 0.16387337057728119 0.125 0.15828677839851024
502 0.7359375 0.12849162011173185 0.0875 0.0893854748603352
296 0.740625 0.048417132216014895 0.06875 0.0595903165735568
242 0.840625 0.12849162011173185 0.0890625 0.0893854748603352
484 0.9265625 0.12849162011173185 0.065625 0.0931098696461825
297 0.0625 0.6517690875232774 0.053125 0.16201117318435754
300 0.1359375 0.6145251396648045 0.0828125 0.09124767225325885
193 0.1453125 0.6927374301675978 0.071875 0.055865921787709494
465 0.2125 0.6145251396648045 0.0515625 0.08752327746741155
224 0.296875 0.6145251396648045 0.0953125 0.0931098696461825
193 0.421875 0.6443202979515829 0.1375 0.16387337057728119
360 0.5140625 0.6201117318435754 0.03125 0.074487895716946
355 0.596875 0.6145251396648045 0.10625 0.0893854748603352
520 0.709375 0.6145251396648045 0.096875 0.08752327746741155