297 0.0859375 0.18518518518518517 0.046875 0.1655773420479303
521 0.1515625 0.1568627450980392 0.078125 0.1111111111111111
465 0.2203125 0.14814814814814814 0.04375 0.0915032679738562
392 0.2890625 0.1503267973856209 0.071875 0.09368191721132897
21 0.3921875 0.1786492374727669 0.1171875 0.16339869281045752
360 0.4734375 0.15250544662309368 0.0265625 0.07407407407407407
360 0.496875 0.15250544662309368 0.0265625 0.0784313725490196
75 0.1 0.6492374727668845 0.075 0.0915032679738562
400 0.190625 0.6840958605664488 0.0875 0.16339869281045752
410 0.278125 0.6492374727668845 0.075 0.09368191721132897
159 0.2875 0.7276688453159041 0.0578125 0.05664488017429194
296 0.284375 0.5664488017429193 0.059375 0.06100217864923747
300 0.3671875 0.6492374727668845 0.075 0.0915032679738562
336 0.3828125 0.5686274509803921 0.025 0.030501089324618737
546 0.4703125 0.6840958605664488 0.103125 0.16339869281045752
360 0.5375 0.6535947712418301 0.0265625 0.07407407407407407
392 0.6015625 0.6470588235294118 0.071875 0.0915032679738562
296 0.603125 0.5642701525054467 0.0609375 0.06100217864923747
437 0.696875 0.681917211328976 0.090625 0.1655773420479303
492 0.78125 0.6840958605664488 0.071875 0.16339869281045752
541 0.8828125 0.6840958605664488 0.121875 0.1655773420479303
360 0.9609375 0.6535947712418301 0.025 0.07407407407407407