520 0.0953125 0.12109375 0.0984375 0.091796875
336 0.1203125 0.041015625 0.028125 0.03125
260 0.203125 0.12109375 0.0875 0.091796875
355 0.309375 0.1171875 0.1046875 0.091796875
179 0.415625 0.12109375 0.0984375 0.091796875
260 0.5171875 0.123046875 0.0890625 0.08984375
374 0.6171875 0.123046875 0.0890625 0.09375
296 0.6234375 0.0390625 0.06875 0.060546875
392 0.71875 0.12109375 0.084375 0.091796875
159 0.728125 0.19921875 0.0625 0.056640625
300 0.8109375 0.12109375 0.084375 0.08984375
574 0.9125 0.12109375 0.0984375 0.09375
411 0.965625 0.044921875 0.0328125 0.025390625
392 0.0875 0.619140625 0.0828125 0.09375
296 0.0890625 0.53515625 0.065625 0.0625
412 0.184375 0.619140625 0.0828125 0.09375
336 0.2015625 0.5390625 0.028125 0.03125
502 0.2828125 0.6171875 0.0859375 0.091796875
159 0.2953125 0.697265625 0.0625 0.056640625
520 0.3890625 0.619140625 0.096875 0.08984375
179 0.490625 0.619140625 0.096875 0.09375
520 0.5984375 0.619140625 0.096875 0.08984375
326 0.7109375 0.654296875 0.1125 0.16015625