392 0.0953125 0.14853195164075994 0.0921875 0.09153713298791019
296 0.1 0.06563039723661486 0.0765625 0.06044905008635579
410 0.20625 0.14680483592400692 0.0921875 0.09153713298791019
296 0.209375 0.06563039723661486 0.0765625 0.06563039723661486
520 0.3265625 0.15025906735751296 0.1109375 0.09153713298791019
466 0.440625 0.14853195164075994 0.096875 0.09326424870466321
192 0.4484375 0.22797927461139897 0.0890625 0.055267702936096716
410 0.553125 0.14853195164075994 0.0953125 0.09326424870466321
492 0.584375 0.25734024179620035 0.06875 0.11398963730569948
372 0.70625 0.18134715025906736 0.1671875 0.16062176165803108
22 0.878125 0.17789291882556132 0.15625 0.16407599309153714
297 0.078125 0.6804835924006909 0.05625 0.16234887737478412
300 0.159375 0.6459412780656304 0.0921875 0.09153713298791019
193 0.1703125 0.7236614853195165 0.0765625 0.05699481865284974
465 0.24375 0.6442141623488774 0.0578125 0.08981001727115717
224 0.334375 0.6459412780656304 0.1015625 0.08981001727115717
15 0.471875 0.6753022452504318 0.1484375 0.1692573402417962
360 0.5765625 0.6493955094991365 0.0328125 0.07426597582037997
360 0.6046875 0.6476683937823834 0.0328125 0.07599309153713299
61 0.6875 0.6442141623488774 0.103125 0.08981001727115717
484 0.7734375 0.6459412780656304 0.0703125 0.09153713298791019
296 0.765625 0.5630397236614854 0.075 0.06390328151986183
410 0.871875 0.6442141623488774 0.0921875 0.09326424870466321