260 0.090625 0.1547911547911548 0.071875 0.09090909090909091
336 0.10625 0.07862407862407862 0.021875 0.0343980343980344
374 0.1734375 0.15724815724815724 0.0734375 0.09336609336609336
296 0.1796875 0.07125307125307126 0.053125 0.06388206388206388
297 0.240625 0.1941031941031941 0.040625 0.16707616707616707
224 0.303125 0.1547911547911548 0.0734375 0.09090909090909091
465 0.3640625 0.1547911547911548 0.0421875 0.09090909090909091
355 0.434375 0.15724815724815724 0.08125 0.09090909090909091
355 0.5234375 0.15724815724815724 0.0828125 0.09090909090909091
296 0.5359375 0.07371007371007371 0.053125 0.06388206388206388
318 0.615625 0.15724815724815724 0.075 0.09336609336609336
336 0.6328125 0.07616707616707617 0.0203125 0.03194103194103194
411 0.6609375 0.08108108108108109 0.0265625 0.02457002457002457
297 0.690625 0.19164619164619165 0.0421875 0.16707616707616707
318 0.753125 0.1547911547911548 0.0734375 0.09090909090909091
297 0.81875 0.1941031941031941 0.0421875 0.16707616707616707
392 0.8765625 0.1547911547911548 0.0640625 0.09336609336609336
159 0.884375 0.23587223587223588 0.0515625 0.056511056511056514
207 0.9140625 0.06388206388206388 0.028125 0.06388206388206388
466 0.090625 0.6560196560196561 0.0671875 0.09336609336609336
193 0.1 0.7346437346437347 0.0546875 0.056511056511056514
502 0.1703125 0.6560196560196561 0.06875 0.09090909090909091
336 0.1875 0.5749385749385749 0.0234375 0.03194103194103194
14 0.2765625 0.6855036855036855 0.11875 0.16707616707616707
360 0.35625 0.6609336609336609 0.0234375 0.07125307125307126
360 0.378125 0.6609336609336609 0.021875 0.07371007371007371
61 0.4359375 0.6560196560196561 0.075 0.09336609336609336
261 0.5078125 0.6560196560196561 0.0671875 0.08845208845208845
411 0.5453125 0.5798525798525799 0.025 0.02457002457002457
355 0.59375 0.6560196560196561 0.0828125 0.09090909090909091
261 0.6796875 0.6560196560196561 0.06875 0.09090909090909091
411 0.7171875 0.5798525798525799 0.0265625 0.02457002457002457
360 0.7375 0.6584766584766585 0.0234375 0.07616707616707617
215 0.1734375 0.7371007371007371 0.059375 0.056511056511056514