224 0.1015625 0.13856427378964942 0.1078125 0.09181969949916527
296 0.1109375 0.05509181969949917 0.078125 0.06176961602671119
382 0.2359375 0.17362270450751252 0.1265625 0.1669449081803005
392 0.3515625 0.13856427378964942 0.0953125 0.09515859766277128
179 0.4640625 0.13689482470784642 0.115625 0.09015025041736227
260 0.5859375 0.13856427378964942 0.1046875 0.09181969949916527
297 0.078125 0.676126878130217 0.0609375 0.1686143572621035
318 0.171875 0.6377295492487479 0.1125 0.09015025041736227
465 0.2640625 0.6377295492487479 0.0546875 0.09181969949916527
297 0.3359375 0.676126878130217 0.059375 0.1669449081803005
520 0.43125 0.6393989983305509 0.1171875 0.09181969949916527
465 0.525 0.6360601001669449 0.0578125 0.09015025041736227
484 0.6046875 0.6393989983305509 0.075 0.09181969949916527
336 0.6125 0.5592654424040067 0.0328125 0.03171953255425709
520 0.715625 0.6393989983305509 0.1140625 0.09181969949916527
21 0.8609375 0.667779632721202 0.15625 0.1669449081803005