297 0.0671875 0.17391304347826086 0.0546875 0.17028985507246377
300 0.1453125 0.13405797101449277 0.0890625 0.09601449275362318
193 0.15625 0.21557971014492755 0.0765625 0.05615942028985507
465 0.2296875 0.13405797101449277 0.05625 0.09601449275362318
224 0.3203125 0.1358695652173913 0.1015625 0.09420289855072464
15 0.45625 0.16666666666666666 0.1484375 0.17028985507246377
360 0.55625 0.14130434782608695 0.0328125 0.07427536231884058
392 0.6328125 0.13405797101449277 0.0890625 0.09601449275362318
355 0.7453125 0.1358695652173913 0.115625 0.09601449275362318
297 0.0671875 0.6865942028985508 0.0578125 0.17028985507246377
355 0.159375 0.6485507246376812 0.1140625 0.09239130434782608
465 0.25 0.6485507246376812 0.0609375 0.09239130434782608
410 0.3390625 0.6467391304347826 0.090625 0.09963768115942029
208 0.45 0.6485507246376812 0.1109375 0.09601449275362318
296 0.453125 0.5634057971014492 0.0734375 0.06521739130434782
466 0.5625 0.6503623188405797 0.09375 0.09782608695652174
492 0.5953125 0.7608695652173914 0.0703125 0.11775362318840579
372 0.715625 0.6811594202898551 0.1703125 0.16666666666666666
22 0.8859375 0.677536231884058 0.15625 0.1721014492753623