297 0.05625 0.1797520661157025 0.0484375 0.16942148760330578
300 0.125 0.14256198347107438 0.0796875 0.09090909090909091
193 0.1359375 0.2231404958677686 0.0671875 0.05578512396694215
465 0.1984375 0.14049586776859505 0.0484375 0.09090909090909091
224 0.2765625 0.14256198347107438 0.0890625 0.09504132231404959
374 0.371875 0.14256198347107438 0.0859375 0.09297520661157024
215 0.38125 0.2231404958677686 0.0734375 0.06198347107438017
336 0.396875 0.05991735537190083 0.028125 0.030991735537190084
260 0.478125 0.14256198347107438 0.0875 0.09297520661157024
355 0.5796875 0.14256198347107438 0.1015625 0.09297520661157024
179 0.68125 0.14049586776859505 0.0953125 0.09297520661157024
260 0.7828125 0.14256198347107438 0.0875 0.09297520661157024
574 0.8828125 0.14256198347107438 0.096875 0.09504132231404959
411 0.9359375 0.0640495867768595 0.0296875 0.024793388429752067
392 0.071875 0.6487603305785123 0.078125 0.09297520661157024
296 0.075 0.5640495867768595 0.0640625 0.0640495867768595
410 0.1671875 0.6487603305785123 0.08125 0.09710743801652892
296 0.1703125 0.5640495867768595 0.0671875 0.06611570247933884
520 0.26875 0.6487603305785123 0.09375 0.09297520661157024
466 0.3671875 0.6487603305785123 0.0828125 0.09090909090909091
192 0.3734375 0.7293388429752066 0.0765625 0.05991735537190083
17 0.48125 0.6776859504132231 0.1265625 0.16735537190082644
360 0.5671875 0.6528925619834711 0.0265625 0.07644628099173553
326 0.6484375 0.6838842975206612 0.1078125 0.16735537190082644
337 0.75 0.6487603305785123 0.0859375 0.09504132231404959
207 0.796875 0.5516528925619835 0.0328125 0.06818181818181818
360 0.95 0.6528925619834711 0.0296875 0.0743801652892562
360 0.9734375 0.6549586776859504 0.0265625 0.07644628099173553
446 0.865625 0.6487603305785123 0.1140625 0.09297520661157024