31 0.078125 0.16268980477223427 0.0734375 0.0911062906724512
296 0.0828125 0.08026030368763558 0.059375 0.06290672451193059
207 0.125 0.07158351409978309 0.034375 0.06290672451193059
297 0.1578125 0.19956616052060738 0.0453125 0.16052060737527116
224 0.2265625 0.16052060737527116 0.08125 0.08893709327548807
260 0.3171875 0.16268980477223427 0.0796875 0.08893709327548807
260 0.403125 0.16268980477223427 0.078125 0.08676789587852494
296 0.409375 0.08026030368763558 0.059375 0.06073752711496746
412 0.49375 0.16268980477223427 0.0734375 0.09544468546637744
410 0.575 0.16052060737527116 0.075 0.09327548806941431
199 0.6578125 0.16268980477223427 0.078125 0.08893709327548807
296 0.6609375 0.08026030368763558 0.059375 0.06290672451193059
392 0.7453125 0.16268980477223427 0.0734375 0.0911062906724512
296 0.746875 0.0824295010845987 0.0609375 0.06073752711496746
484 0.821875 0.16268980477223427 0.0578125 0.08893709327548807
336 0.8265625 0.08459869848156182 0.025 0.03036876355748373
410 0.9 0.16268980477223427 0.075 0.09544468546637744
215 0.903125 0.24295010845986983 0.065625 0.06073752711496746
180 0.9640625 0.19956616052060738 0.0421875 0.16702819956616052
502 0.0796875 0.6550976138828634 0.075 0.0911062906724512
296 0.084375 0.5726681127982647 0.059375 0.06290672451193059
466 0.171875 0.6529284164859002 0.0734375 0.0911062906724512
296 0.175 0.5726681127982647 0.0609375 0.0650759219088937
207 0.2171875 0.5639913232104121 0.03125 0.06073752711496746
520 0.271875 0.6550976138828634 0.0875 0.0911062906724512
336 0.29375 0.5748373101952278 0.0234375 0.03253796095444685
60 0.36875 0.6594360086767896 0.0875 0.10845986984815618
297 0.44375 0.6898047722342733 0.0453125 0.16268980477223427
410 0.5109375 0.6529284164859002 0.0734375 0.0911062906724512
169 0.51875 0.7310195227765727 0.0546875 0.05639913232104121
465 0.578125 0.6529284164859002 0.04375 0.08676789587852494
297 0.634375 0.6898047722342733 0.046875 0.16268980477223427
410 0.7 0.6507592190889371 0.075 0.09544468546637744
502 0.78125 0.6529284164859002 0.0765625 0.09327548806941431
336 0.7984375 0.5770065075921909 0.025 0.028199566160520606
318 0.875 0.6529284164859002 0.0859375 0.0911062906724512
360 0.9375 0.6594360086767896 0.0265625 0.0737527114967462