392 0.0703125 0.1371308016877637 0.078125 0.0970464135021097
374 0.1609375 0.13924050632911392 0.0859375 0.0970464135021097
574 0.2609375 0.13924050632911392 0.09375 0.0949367088607595
208 0.3625 0.13924050632911392 0.0984375 0.0970464135021097
336 0.378125 0.056962025316455694 0.028125 0.035864978902953586
318 0.4609375 0.13924050632911392 0.0890625 0.0970464135021097
360 0.528125 0.14556962025316456 0.028125 0.0759493670886076
260 0.6 0.13924050632911392 0.0875 0.0949367088607595
410 0.690625 0.1350210970464135 0.0765625 0.0970464135021097
36 0.7046875 0.2616033755274262 0.115625 0.14345991561181434
297 0.78125 0.1751054852320675 0.05 0.16877637130801687
410 0.853125 0.1371308016877637 0.078125 0.0949367088607595
318 0.9453125 0.13924050632911392 0.090625 0.0949367088607595
336 0.96875 0.056962025316455694 0.0265625 0.03164556962025317
260 0.0765625 0.6244725738396625 0.084375 0.0949367088607595
492 0.1640625 0.6603375527426161 0.0765625 0.16455696202531644
502 0.246875 0.6244725738396625 0.08125 0.09282700421940929
208 0.3421875 0.6244725738396625 0.09375 0.0949367088607595
374 0.4328125 0.6244725738396625 0.084375 0.09071729957805907
392 0.521875 0.6223628691983122 0.0765625 0.0949367088607595
574 0.5296875 0.7067510548523207 0.0671875 0.05485232067510549
411 0.5703125 0.5485232067510548 0.03125 0.02531645569620253
392 0.61875 0.6265822784810127 0.078125 0.0949367088607595
296 0.621875 0.540084388185654 0.0640625 0.06329113924050633
410 0.7125 0.6223628691983122 0.0796875 0.0970464135021097
187 0.725 0.7088607594936709 0.0515625 0.06751054852320675
260 0.8078125 0.6223628691983122 0.084375 0.0970464135021097
336 0.828125 0.5443037974683544 0.028125 0.03375527426160337