297 0.05 0.1574074074074074 0.04375 0.16666666666666666
318 0.115625 0.12037037037037036 0.078125 0.09027777777777778
465 0.18125 0.12037037037037036 0.0421875 0.09259259259259259
297 0.234375 0.1574074074074074 0.0453125 0.16435185185185186
520 0.303125 0.12268518518518519 0.0796875 0.09490740740740741
465 0.3703125 0.12037037037037036 0.04375 0.09027777777777778
484 0.4265625 0.12268518518518519 0.053125 0.09027777777777778
336 0.4328125 0.04398148148148148 0.0234375 0.032407407407407406
520 0.5078125 0.12268518518518519 0.0796875 0.09259259259259259
502 0.5921875 0.12037037037037036 0.071875 0.09027777777777778
169 0.6015625 0.2013888888888889 0.0546875 0.05555555555555555
374 0.6765625 0.12268518518518519 0.0765625 0.09027777777777778
16 0.775 0.15046296296296297 0.109375 0.16666666666666666
392 0.0625 0.6226851851851852 0.06875 0.09259259259259259
296 0.065625 0.5370370370370371 0.0578125 0.0625
412 0.14375 0.6203703703703703 0.0703125 0.09027777777777778
336 0.159375 0.5416666666666666 0.0234375 0.032407407407407406
502 0.228125 0.6203703703703703 0.0734375 0.09259259259259259
159 0.2390625 0.6990740740740741 0.0515625 0.05787037037037037
520 0.3171875 0.6203703703703703 0.08125 0.09027777777777778
192 0.328125 0.7013888888888888 0.0671875 0.05787037037037037
410 0.40625 0.6203703703703703 0.071875 0.09490740740740741
179 0.4859375 0.6203703703703703 0.084375 0.09027777777777778
502 0.5703125 0.6203703703703703 0.071875 0.09259259259259259
336 0.5875 0.5416666666666666 0.0234375 0.03009259259259259
374 0.6578125 0.6203703703703703 0.075 0.09027777777777778
492 0.684375 0.7291666666666666 0.05 0.11342592592592593
372 0.775 0.6527777777777778 0.1265625 0.1597222222222222
22 0.9046875 0.6504629629629629 0.1171875 0.16666666666666666