318 0.0984375 0.12195121951219512 0.096875 0.08818011257035648
520 0.20625 0.12195121951219512 0.1 0.09193245778611632
326 0.3234375 0.15572232645403378 0.115625 0.16135084427767354
466 0.43125 0.12195121951219512 0.0859375 0.0900562851782364
296 0.4359375 0.04127579737335835 0.06875 0.0600375234521576
412 0.5328125 0.12195121951219512 0.084375 0.0900562851782364
392 0.625 0.1200750469043152 0.0828125 0.09193245778611632
520 0.728125 0.12195121951219512 0.0984375 0.09193245778611632
410 0.8515625 0.150093808630394 0.1328125 0.16322701688555347
318 0.0984375 0.6116322701688556 0.0953125 0.0900562851782364
336 0.121875 0.5347091932457786 0.028125 0.03189493433395872
374 0.209375 0.6116322701688556 0.090625 0.0900562851782364
374 0.309375 0.6116322701688556 0.0921875 0.09193245778611632
169 0.3234375 0.6904315196998124 0.065625 0.05628517823639775
336 0.334375 0.5347091932457786 0.028125 0.03377110694183865
556 0.41875 0.6116322701688556 0.0859375 0.0900562851782364
336 0.4375 0.5328330206378987 0.0265625 0.03189493433395872
374 0.5234375 0.6116322701688556 0.0921875 0.0900562851782364
574 0.63125 0.6116322701688556 0.103125 0.0900562851782364
180 0.7109375 0.6529080675422139 0.046875 0.17073170731707318
360 0.89375 0.6172607879924953 0.0296875 0.07317073170731707
360 0.9203125 0.6172607879924953 0.0296875 0.07317073170731707
446 0.80625 0.6116322701688556 0.121875 0.09193245778611632