104 0.0859375 0.14114832535885166 0.065625 0.09808612440191387
104 0.0890625 0.06220095693779904 0.05625 0.0645933014354067
296 0.16875 0.06220095693779904 0.0546875 0.06220095693779904
392 0.165625 0.145933014354067 0.065625 0.09330143540669857
484 0.2375 0.145933014354067 0.0515625 0.09090909090909091
336 0.2421875 0.0645933014354067 0.0234375 0.03110047846889952
410 0.309375 0.14354066985645933 0.0671875 0.09569377990430622
215 0.3125 0.22488038277511962 0.0609375 0.05980861244019139
180 0.36875 0.18660287081339713 0.0375 0.17464114832535885
60 0.434375 0.1507177033492823 0.078125 0.11004784688995216
297 0.5015625 0.18181818181818182 0.0421875 0.16507177033492823
410 0.5640625 0.14354066985645933 0.0671875 0.09330143540669857
169 0.571875 0.22488038277511962 0.05 0.05502392344497608
465 0.6265625 0.14354066985645933 0.040625 0.08851674641148326
297 0.6765625 0.18181818181818182 0.040625 0.16507177033492823
410 0.7375 0.145933014354067 0.0671875 0.09330143540669857
502 0.8125 0.145933014354067 0.06875 0.09330143540669857
336 0.8296875 0.06698564593301436 0.0234375 0.03110047846889952
318 0.9 0.14354066985645933 0.0765625 0.09330143540669857
360 0.0640625 0.6483253588516746 0.0234375 0.07416267942583732
355 0.13125 0.6435406698564593 0.084375 0.09330143540669857
520 0.221875 0.6435406698564593 0.078125 0.09330143540669857
297 0.2890625 0.6818181818181818 0.040625 0.16507177033492823
521 0.3515625 0.65311004784689 0.071875 0.11004784688995216
465 0.4125 0.6435406698564593 0.04375 0.09090909090909091
392 0.475 0.6435406698564593 0.065625 0.09330143540669857
21 0.56875 0.6746411483253588 0.1078125 0.1674641148325359
360 0.640625 0.6507177033492823 0.0234375 0.07416267942583732