392 0.109375 0.12374581939799331 0.0890625 0.08695652173913043
296 0.1125 0.043478260869565216 0.0765625 0.061872909698996656
492 0.215625 0.1588628762541806 0.0875 0.15551839464882944
345 0.325 0.15719063545150502 0.121875 0.15551839464882944
355 0.4484375 0.12374581939799331 0.115625 0.08862876254180602
199 0.5625 0.12374581939799331 0.096875 0.08862876254180602
199 0.671875 0.12374581939799331 0.1 0.08695652173913043
355 0.11875 0.6003344481605352 0.1171875 0.0903010033444816
296 0.134375 0.520066889632107 0.0765625 0.06020066889632107
502 0.24375 0.6003344481605352 0.096875 0.08862876254180602
355 0.359375 0.5986622073578596 0.1171875 0.08862876254180602
208 0.48125 0.5986622073578596 0.115625 0.08862876254180602
336 0.5 0.5234113712374582 0.03125 0.030100334448160536
318 0.5984375 0.6003344481605352 0.1078125 0.0903010033444816
410 0.7078125 0.596989966555184 0.090625 0.0903010033444816
199 0.809375 0.6003344481605352 0.0984375 0.0903010033444816
484 0.903125 0.6003344481605352 0.0703125 0.08862876254180602