466 0.0953125 0.14224137931034483 0.071875 0.08620689655172414
296 0.1 0.0625 0.0578125 0.0603448275862069
412 0.18125 0.1400862068965517 0.071875 0.08836206896551724
392 0.259375 0.14224137931034483 0.0703125 0.08620689655172414
520 0.346875 0.14224137931034483 0.084375 0.09051724137931035
179 0.434375 0.14224137931034483 0.0875 0.09051724137931035
336 0.4578125 0.06465517241379311 0.021875 0.028017241379310345
374 0.53125 0.14224137931034483 0.078125 0.09051724137931035
374 0.615625 0.14439655172413793 0.078125 0.08836206896551724
574 0.6265625 0.21982758620689655 0.0609375 0.05387931034482758
411 0.6640625 0.06896551724137931 0.028125 0.021551724137931036
520 0.715625 0.14224137931034483 0.0828125 0.08836206896551724
296 0.725 0.0625 0.0578125 0.0625
207 0.765625 0.05387931034482758 0.03125 0.0603448275862069
502 0.8140625 0.14439655172413793 0.075 0.08836206896551724
296 0.8171875 0.0625 0.0578125 0.0603448275862069
224 0.903125 0.14224137931034483 0.0765625 0.08836206896551724
207 0.9453125 0.05387931034482758 0.0328125 0.0625
260 0.0953125 0.6228448275862069 0.0765625 0.08836206896551724
336 0.1125 0.5452586206896551 0.028125 0.03017241379310345
224 0.1859375 0.6228448275862069 0.08125 0.09051724137931035
296 0.19375 0.5431034482758621 0.0609375 0.05818965517241379
206 0.234375 0.5344827586206896 0.0328125 0.0625
224 0.284375 0.6228448275862069 0.078125 0.08836206896551724
300 0.3671875 0.6228448275862069 0.071875 0.08836206896551724
318 0.45 0.6228448275862069 0.0828125 0.08836206896551724
336 0.4703125 0.5452586206896551 0.0234375 0.03017241379310345
556 0.5421875 0.6228448275862069 0.0734375 0.08836206896551724
336 0.5578125 0.5452586206896551 0.025 0.03017241379310345
374 0.63125 0.6206896551724138 0.078125 0.08836206896551724
574 0.721875 0.6228448275862069 0.0875 0.08836206896551724
180 0.790625 0.6616379310344828 0.0390625 0.16594827586206898