318 0.1234375 0.13385826771653545 0.06875 0.09186351706036745
336 0.1390625 0.05511811023622047 0.0203125 0.031496062992125984
556 0.2015625 0.13385826771653545 0.0640625 0.09186351706036745
297 0.2578125 0.1732283464566929 0.0375 0.1679790026246719
355 0.3203125 0.13385826771653545 0.0765625 0.08923884514435695
260 0.4015625 0.13385826771653545 0.0671875 0.09448818897637795
336 0.415625 0.05511811023622047 0.0203125 0.031496062992125984
242 0.478125 0.13385826771653545 0.065625 0.09186351706036745
296 0.48125 0.049868766404199474 0.05 0.06036745406824147
297 0.540625 0.17060367454068243 0.0375 0.16535433070866143
224 0.5984375 0.13385826771653545 0.06875 0.09186351706036745
193 0.609375 0.2125984251968504 0.0515625 0.05511811023622047
465 0.6578125 0.13385826771653545 0.0375 0.08923884514435695
355 0.7234375 0.13385826771653545 0.0765625 0.09186351706036745
297 0.7890625 0.17060367454068243 0.0390625 0.16535433070866143
355 0.8515625 0.13385826771653545 0.0765625 0.09186351706036745
392 0.11875 0.6325459317585301 0.0609375 0.09448818897637795
297 0.175 0.6692913385826772 0.0375 0.1679790026246719
410 0.2296875 0.6299212598425197 0.0625 0.09448818897637795
180 0.2828125 0.6719160104986877 0.034375 0.1732283464566929
318 0.340625 0.6325459317585301 0.0703125 0.08923884514435695
392 0.4140625 0.6325459317585301 0.0609375 0.08923884514435695
207 0.4453125 0.5406824146981627 0.0265625 0.06561679790026247
300 0.4859375 0.6325459317585301 0.059375 0.09186351706036745
318 0.5578125 0.6325459317585301 0.0703125 0.09186351706036745
336 0.5734375 0.5511811023622047 0.0203125 0.03412073490813648
502 0.6359375 0.6325459317585301 0.0640625 0.09186351706036745
336 0.6484375 0.5538057742782152 0.021875 0.031496062992125984
180 0.6921875 0.6719160104986877 0.034375 0.17060367454068243