60 0.08125 0.15165876777251186 0.0796875 0.11374407582938388
297 0.1515625 0.18246445497630331 0.0421875 0.17061611374407584
410 0.215625 0.14454976303317535 0.0703125 0.0947867298578199
169 0.225 0.22511848341232227 0.05625 0.05924170616113744
465 0.2796875 0.14454976303317535 0.0421875 0.0947867298578199
297 0.33125 0.1848341232227488 0.04375 0.17061611374407584
410 0.3953125 0.14454976303317535 0.06875 0.0971563981042654
502 0.4734375 0.14691943127962084 0.0734375 0.0924170616113744
336 0.4890625 0.06398104265402843 0.0234375 0.030805687203791468
318 0.5625 0.14691943127962084 0.078125 0.0947867298578199
360 0.625 0.14928909952606634 0.025 0.07819905213270142
360 0.6453125 0.14928909952606634 0.025 0.08293838862559241
520 0.7109375 0.14454976303317535 0.0828125 0.0947867298578199
336 0.73125 0.06398104265402843 0.021875 0.03317535545023697
260 0.803125 0.14454976303317535 0.0765625 0.0924170616113744
14 0.9109375 0.17535545023696683 0.1265625 0.17061611374407584
297 0.0625 0.6943127962085308 0.04375 0.17061611374407584
224 0.128125 0.6540284360189573 0.0765625 0.0947867298578199
465 0.1921875 0.6516587677725119 0.04375 0.0924170616113744
297 0.2453125 0.6919431279620853 0.0421875 0.16824644549763032
374 0.3109375 0.6563981042654028 0.075 0.0947867298578199
180 0.371875 0.6966824644549763 0.0390625 0.17535545023696683
392 0.434375 0.6540284360189573 0.06875 0.0924170616113744
296 0.4375 0.5687203791469194 0.05625 0.06635071090047394
492 0.515625 0.6919431279620853 0.0671875 0.16350710900473933
345 0.5984375 0.6895734597156398 0.0921875 0.16824644549763032
356 0.696875 0.6919431279620853 0.0953125 0.16824644549763032
296 0.70625 0.5710900473933649 0.059375 0.06635071090047394
300 0.784375 0.6540284360189573 0.06875 0.0924170616113744
484 0.853125 0.6563981042654028 0.053125 0.0947867298578199