410 0.075 0.1572052401746725 0.075 0.09606986899563319
296 0.078125 0.07205240174672489 0.0609375 0.06331877729257641
300 0.1609375 0.1572052401746725 0.0734375 0.09170305676855896
484 0.234375 0.1572052401746725 0.05625 0.09170305676855896
260 0.3125 0.1572052401746725 0.0796875 0.09388646288209607
336 0.33125 0.07641921397379912 0.025 0.034934497816593885
502 0.4046875 0.1572052401746725 0.0765625 0.09170305676855896
296 0.409375 0.07205240174672489 0.0609375 0.06550218340611354
224 0.5 0.1572052401746725 0.0828125 0.09388646288209607
296 0.50625 0.07205240174672489 0.0625 0.06331877729257641
374 0.5953125 0.15502183406113537 0.0796875 0.09388646288209607
180 0.6625 0.19868995633187772 0.04375 0.17685589519650655
224 0.7328125 0.1572052401746725 0.0828125 0.09606986899563319
484 0.8109375 0.1572052401746725 0.05625 0.09170305676855896
520 0.8921875 0.1572052401746725 0.090625 0.09170305676855896
574 0.90625 0.23799126637554585 0.0625 0.056768558951965066
411 0.94375 0.07860262008733625 0.03125 0.024017467248908297
318 0.0796875 0.6375545851528385 0.0859375 0.09388646288209607
336 0.1 0.5567685589519651 0.0234375 0.03275109170305677
374 0.1765625 0.6375545851528385 0.0796875 0.09170305676855896
374 0.3859375 0.6375545851528385 0.0828125 0.09388646288209607
296 0.3921875 0.5524017467248908 0.0609375 0.06331877729257641
224 0.4828125 0.6397379912663755 0.084375 0.09388646288209607
336 0.5015625 0.5567685589519651 0.0265625 0.034934497816593885
180 0.5546875 0.6790393013100436 0.0421875 0.17467248908296942
520 0.6296875 0.6375545851528385 0.0875 0.09388646288209607
336 0.6515625 0.5567685589519651 0.0234375 0.03275109170305677
411 0.6828125 0.5611353711790393 0.028125 0.024017467248908297
300 0.728125 0.6397379912663755 0.0734375 0.09170305676855896
336 0.7421875 0.5567685589519651 0.025 0.03056768558951965
260 0.8203125 0.6375545851528385 0.0796875 0.09388646288209607
17 0.925 0.6681222707423581 0.11875 0.1703056768558952
377 0.2828125 0.6746724890829694 0.1140625 0.16375545851528384