297 0.06875 0.15757575757575756 0.0484375 0.16363636363636364
318 0.14375 0.12121212121212122 0.0890625 0.08888888888888889
297 0.221875 0.15757575757575756 0.05 0.16565656565656567
374 0.2953125 0.12323232323232323 0.0859375 0.09090909090909091
465 0.3671875 0.12121212121212122 0.0484375 0.08888888888888889
412 0.440625 0.12121212121212122 0.078125 0.09090909090909091
502 0.5296875 0.12121212121212122 0.0828125 0.08888888888888889
336 0.546875 0.044444444444444446 0.0265625 0.03232323232323232
374 0.7484375 0.12121212121212122 0.0859375 0.09090909090909091
296 0.7546875 0.04040404040404041 0.0640625 0.06262626262626263
224 0.8484375 0.12121212121212122 0.0875 0.09292929292929293
336 0.86875 0.044444444444444446 0.0265625 0.03434343434343434
180 0.925 0.1595959595959596 0.0453125 0.1717171717171717
224 0.0875 0.6121212121212121 0.0859375 0.09090909090909091
296 0.0953125 0.5292929292929293 0.065625 0.06262626262626263
502 0.1875 0.6121212121212121 0.0828125 0.09090909090909091
207 0.23125 0.5191919191919192 0.0375 0.06464646464646465
360 0.2546875 0.6141414141414141 0.03125 0.07474747474747474
326 0.3375 0.6464646464646465 0.10625 0.1595959595959596
337 0.4375 0.6101010101010101 0.0859375 0.09090909090909091
207 0.484375 0.5191919191919192 0.034375 0.06464646464646465
360 0.634375 0.6161616161616161 0.0296875 0.0707070707070707
360 0.6578125 0.6161616161616161 0.028125 0.06868686868686869
104 0.7234375 0.6060606060606061 0.078125 0.09696969696969697
260 0.8140625 0.6101010101010101 0.0859375 0.08888888888888889
446 0.6421875 0.12121212121212122 0.1125 0.09090909090909091
446 0.553125 0.6121212121212121 0.115625 0.08888888888888889