502 0.0921875 0.14473684210526316 0.0765625 0.08991228070175439
296 0.096875 0.06140350877192982 0.059375 0.06578947368421052
224 0.184375 0.14473684210526316 0.0828125 0.09429824561403509
300 0.2703125 0.14692982456140352 0.0734375 0.08991228070175439
336 0.284375 0.06578947368421052 0.0265625 0.03289473684210526
318 0.3625 0.14473684210526316 0.0828125 0.09429824561403509
438 0.4515625 0.18859649122807018 0.075 0.18640350877192982
207 0.4953125 0.05043859649122807 0.0328125 0.06578947368421052
300 0.540625 0.14473684210526316 0.0734375 0.09210526315789473
260 0.6265625 0.14473684210526316 0.08125 0.09649122807017543
336 0.6453125 0.06578947368421052 0.025 0.03289473684210526
60 0.096875 0.6557017543859649 0.0859375 0.1118421052631579
297 0.1703125 0.6864035087719298 0.0453125 0.16885964912280702
410 0.2375 0.6491228070175439 0.075 0.09210526315789473
169 0.246875 0.7280701754385965 0.0578125 0.05701754385964912
465 0.30625 0.6491228070175439 0.046875 0.08991228070175439
297 0.3625 0.6864035087719298 0.046875 0.16666666666666666
410 0.4296875 0.6469298245614035 0.075 0.09649122807017543
502 0.5140625 0.6491228070175439 0.078125 0.09429824561403509
336 0.53125 0.5679824561403509 0.025 0.03289473684210526
318 0.6078125 0.6491228070175439 0.0859375 0.09210526315789473
574 0.7046875 0.6491228070175439 0.0890625 0.09429824561403509
411 0.7546875 0.5701754385964912 0.028125 0.021929824561403508
374 0.803125 0.6491228070175439 0.0796875 0.08991228070175439
296 0.809375 0.5657894736842105 0.0625 0.06359649122807018
224 0.8984375 0.6491228070175439 0.084375 0.09210526315789473
336 0.9171875 0.5701754385964912 0.025 0.03289473684210526
180 0.9703125 0.6907894736842105 0.0421875 0.17324561403508773