286 0.103125 0.1746031746031746 0.09375 0.16326530612244897
382 0.2 0.1746031746031746 0.0921875 0.1655328798185941
374 0.2875 0.1383219954648526 0.0765625 0.09297052154195011
296 0.29375 0.05442176870748299 0.059375 0.06349206349206349
224 0.3796875 0.1383219954648526 0.078125 0.09297052154195011
484 0.4546875 0.14058956916099774 0.0546875 0.09297052154195011
17 0.5421875 0.16780045351473924 0.1125 0.1655328798185941
360 0.61875 0.14285714285714285 0.025 0.07482993197278912
260 0.684375 0.1383219954648526 0.0765625 0.09297052154195011
336 0.703125 0.05895691609977324 0.0234375 0.02947845804988662
318 0.7765625 0.1383219954648526 0.08125 0.09297052154195011
392 0.090625 0.6417233560090703 0.06875 0.09070294784580499
296 0.0921875 0.5578231292517006 0.0578125 0.06349206349206349
392 0.175 0.6394557823129252 0.0703125 0.09070294784580499
336 0.1890625 0.5600907029478458 0.025 0.031746031746031744
410 0.2609375 0.6394557823129252 0.071875 0.09750566893424037
215 0.2640625 0.7233560090702947 0.065625 0.05895691609977324
318 0.3484375 0.6417233560090703 0.0796875 0.09523809523809523
300 0.43125 0.6417233560090703 0.0703125 0.09523809523809523
207 0.4703125 0.546485260770975 0.0328125 0.06349206349206349
392 0.515625 0.6394557823129252 0.0703125 0.09523809523809523
518 0.6171875 0.671201814058957 0.115625 0.1655328798185941
484 0.7078125 0.6417233560090703 0.053125 0.09070294784580499
355 0.7875 0.6417233560090703 0.090625 0.09070294784580499
22 0.903125 0.671201814058957 0.1234375 0.1655328798185941