374 0.11875 0.15526802218114602 0.0953125 0.09242144177449169
318 0.225 0.15711645101663585 0.1 0.09611829944547134
336 0.2484375 0.07578558225508318 0.0296875 0.031423290203327174
410 0.334375 0.15526802218114602 0.0875 0.09057301293900184
299 0.3453125 0.07208872458410351 0.071875 0.06284658040665435
297 0.425 0.1922365988909427 0.0546875 0.16635859519408502
318 0.5078125 0.15526802218114602 0.1015625 0.09242144177449169
207 0.5625 0.06284658040665435 0.040625 0.06469500924214418
465 0.5984375 0.15526802218114602 0.0546875 0.09242144177449169
194 0.35 0.2476894639556377 0.059375 0.07763401109057301
392 0.678125 0.15526802218114602 0.0859375 0.09242144177449169
520 0.784375 0.15526802218114602 0.1015625 0.09426987060998152
336 0.809375 0.07763401109057301 0.0265625 0.033271719038817
355 0.125 0.6524953789279113 0.1078125 0.09057301293900184
296 0.140625 0.5693160813308688 0.0703125 0.06284658040665435
574 0.25 0.6524953789279113 0.1046875 0.09057301293900184
355 0.3671875 0.6506469500924215 0.109375 0.09611829944547134
336 0.3953125 0.5730129390018485 0.0328125 0.031423290203327174
410 0.48125 0.6524953789279113 0.0875 0.09426987060998152
410 0.5796875 0.6506469500924215 0.0890625 0.09796672828096119
296 0.5875 0.5693160813308688 0.0734375 0.06284658040665435
194 0.5953125 0.7430683918669131 0.0578125 0.07763401109057301
297 0.6703125 0.6876155268022182 0.053125 0.1645101663585952
484 0.7375 0.6524953789279113 0.065625 0.09242144177449169
355 0.834375 0.6524953789279113 0.1078125 0.09426987060998152
360 0.9171875 0.6561922365988909 0.03125 0.07393715341959335
360 0.94375 0.6561922365988909 0.03125 0.07578558225508318