221 0.08125 0.16304347826086957 0.0625 0.15760869565217392
345 0.190625 0.18659420289855072 0.115625 0.15760869565217392
207 0.2453125 0.06159420289855073 0.0390625 0.06159420289855073
410 0.3046875 0.15217391304347827 0.0859375 0.09057971014492754
15 0.4265625 0.18115942028985507 0.140625 0.16304347826086957
60 0.5546875 0.15942028985507245 0.1015625 0.1068840579710145
374 0.6609375 0.1539855072463768 0.09375 0.08876811594202899
336 0.6875 0.07608695652173914 0.028125 0.030797101449275364
194 0.68125 0.2427536231884058 0.05625 0.07608695652173914
318 0.7765625 0.1539855072463768 0.1 0.09057971014492754
180 0.85625 0.19021739130434784 0.05 0.16666666666666666
374 0.10625 0.6394927536231884 0.09375 0.09420289855072464
336 0.128125 0.5615942028985508 0.0296875 0.03260869565217391
411 0.1640625 0.5634057971014492 0.03125 0.02355072463768116
364 0.2390625 0.6721014492753623 0.1265625 0.15579710144927536
412 0.35 0.6376811594202898 0.084375 0.09057971014492754
17 0.4671875 0.6666666666666666 0.1359375 0.161231884057971
146 0.5875 0.6630434782608695 0.0859375 0.14492753623188406
60 0.6875 0.6431159420289855 0.1 0.10507246376811594
61 0.7953125 0.6358695652173914 0.096875 0.09057971014492754
336 0.809375 0.5597826086956522 0.03125 0.028985507246376812
410 0.8921875 0.6358695652173914 0.0859375 0.09057971014492754
336 0.909375 0.5597826086956522 0.0296875 0.03260869565217391