132 0.103125 0.15294117647058825 0.0765625 0.11294117647058824
296 0.1109375 0.058823529411764705 0.0578125 0.06352941176470588
484 0.18125 0.14352941176470588 0.053125 0.09411764705882353
336 0.1875 0.06588235294117648 0.0234375 0.03294117647058824
297 0.2421875 0.1811764705882353 0.0421875 0.17176470588235293
410 0.3046875 0.14588235294117646 0.06875 0.09647058823529411
169 0.3140625 0.22588235294117648 0.053125 0.058823529411764705
14 0.4140625 0.17411764705882352 0.1234375 0.16941176470588235
21 0.5390625 0.17411764705882352 0.1109375 0.16941176470588235
297 0.6203125 0.1811764705882353 0.0421875 0.16705882352941176
118 0.6859375 0.14352941176470588 0.0734375 0.09647058823529411
164 0.690625 0.2235294117647059 0.053125 0.0611764705882353
465 0.7453125 0.14352941176470588 0.0421875 0.09411764705882353
474 0.821875 0.1811764705882353 0.0859375 0.16470588235294117
21 0.9234375 0.17411764705882352 0.109375 0.16941176470588235
221 0.0703125 0.6635294117647059 0.0265625 0.16705882352941176
221 0.09375 0.6635294117647059 0.0265625 0.16705882352941176
61 0.1640625 0.6517647058823529 0.078125 0.08941176470588236
296 0.1609375 0.5647058823529412 0.05625 0.0611764705882353
224 0.2453125 0.6517647058823529 0.0765625 0.09176470588235294
296 0.2515625 0.5670588235294117 0.05625 0.06352941176470588
207 0.2921875 0.5576470588235294 0.03125 0.06352941176470588
318 0.3421875 0.6517647058823529 0.0796875 0.09176470588235294
502 0.4265625 0.6494117647058824 0.071875 0.09411764705882353
336 0.4421875 0.5694117647058824 0.021875 0.03058823529411765
374 0.5125 0.6517647058823529 0.075 0.08941176470588236
410 0.5953125 0.6494117647058824 0.0703125 0.09647058823529411
179 0.6734375 0.6517647058823529 0.0828125 0.09411764705882353
336 0.696875 0.571764705882353 0.0234375 0.03058823529411765
410 0.765625 0.6494117647058824 0.0703125 0.09411764705882353
336 0.7796875 0.5694117647058824 0.025 0.03058823529411765