392 0.084375 0.16705336426914152 0.06875 0.09048723897911833
296 0.0859375 0.08584686774941995 0.05625 0.06496519721577726
410 0.165625 0.16705336426914152 0.0703125 0.09280742459396751
392 0.2421875 0.16705336426914152 0.06875 0.09280742459396751
159 0.2515625 0.2482598607888631 0.0515625 0.060324825986078884
180 0.3046875 0.20649651972157773 0.040625 0.16937354988399073
260 0.3703125 0.16705336426914152 0.075 0.09280742459396751
466 0.453125 0.16937354988399073 0.0734375 0.09280742459396751
215 0.4625 0.2482598607888631 0.0640625 0.058004640371229696
222 0.4546875 0.08584686774941995 0.021875 0.030162412993039442
207 0.5 0.07424593967517401 0.03125 0.06496519721577726
345 0.55625 0.20185614849187936 0.090625 0.16241299303944315
207 0.6 0.07424593967517401 0.03125 0.06264501160092807
410 0.646875 0.16705336426914152 0.06875 0.09280742459396751
15 0.74375 0.19721577726218098 0.1109375 0.16705336426914152
146 0.840625 0.19489559164733178 0.0671875 0.14849187935034802
60 0.9203125 0.1740139211136891 0.08125 0.10904872389791183
574 0.0921875 0.6635730858468677 0.0828125 0.09048723897911833
411 0.1375 0.5870069605568445 0.028125 0.025522041763341066
520 0.1890625 0.6635730858468677 0.08125 0.09048723897911833
296 0.196875 0.5823665893271461 0.05625 0.06264501160092807
484 0.2671875 0.6635730858468677 0.053125 0.09048723897911833
336 0.271875 0.5846867749419954 0.025 0.03248259860788863
410 0.340625 0.6635730858468677 0.0671875 0.09048723897911833
296 0.346875 0.580046403712297 0.0546875 0.06264501160092807
169 0.35 0.7424593967517401 0.053125 0.05568445475638051
355 0.434375 0.6635730858468677 0.0875 0.09048723897911833
208 0.5265625 0.6635730858468677 0.084375 0.08816705336426914
502 0.60625 0.6635730858468677 0.0703125 0.09280742459396751
336 0.621875 0.5846867749419954 0.0234375 0.03248259860788863