297 0.0671875 0.15777777777777777 0.0421875 0.15555555555555556
118 0.13125 0.12222222222222222 0.075 0.08444444444444445
164 0.1359375 0.19777777777777777 0.0515625 0.05555555555555555
465 0.190625 0.12222222222222222 0.04375 0.08888888888888889
474 0.265625 0.15777777777777777 0.0875 0.15777777777777777
502 0.35 0.12222222222222222 0.071875 0.08888888888888889
208 0.434375 0.12222222222222222 0.0875 0.08888888888888889
296 0.4375 0.042222222222222223 0.0578125 0.06
224 0.521875 0.12222222222222222 0.075 0.08888888888888889
14 0.7359375 0.1511111111111111 0.125 0.16
300 0.83125 0.12222222222222222 0.0640625 0.08888888888888889
413 0.9109375 0.1511111111111111 0.0828125 0.14666666666666667
345 0.090625 0.6355555555555555 0.0921875 0.15555555555555556
207 0.1359375 0.5111111111111111 0.028125 0.06
410 0.1828125 0.6 0.071875 0.09111111111111111
15 0.28125 0.6288888888888889 0.1125 0.1622222222222222
360 0.359375 0.6044444444444445 0.025 0.07111111111111111
360 0.38125 0.6044444444444445 0.025 0.07111111111111111
446 0.615625 0.12222222222222222 0.1 0.09111111111111111