242 0.1109375 0.1511627906976744 0.0734375 0.09069767441860466
336 0.128125 0.07209302325581396 0.021875 0.030232558139534883
374 0.196875 0.15348837209302327 0.075 0.09069767441860466
336 0.215625 0.07441860465116279 0.0234375 0.030232558139534883
14 0.309375 0.1813953488372093 0.1234375 0.16744186046511628
360 0.39375 0.15813953488372093 0.0234375 0.07209302325581396
360 0.4140625 0.15813953488372093 0.025 0.07209302325581396
221 0.090625 0.6627906976744186 0.0515625 0.16511627906976745
118 0.171875 0.6511627906976745 0.075 0.08837209302325581
374 0.2453125 0.6511627906976745 0.075 0.09069767441860466
336 0.2609375 0.5720930232558139 0.0234375 0.030232558139534883
574 0.3375 0.6511627906976745 0.0828125 0.08837209302325581
297 0.409375 0.6883720930232559 0.040625 0.16511627906976745
410 0.4703125 0.6511627906976745 0.06875 0.09069767441860466
297 0.534375 0.6906976744186046 0.0421875 0.16744186046511628
260 0.6 0.6511627906976745 0.0765625 0.09069767441860466
465 0.6640625 0.6511627906976745 0.040625 0.09302325581395349
374 0.73125 0.6511627906976745 0.0734375 0.09302325581395349
17 0.828125 0.6813953488372093 0.1109375 0.16744186046511628
360 0.903125 0.6558139534883721 0.025 0.07441860465116279