345 0.0921875 0.17864476386036962 0.1046875 0.162217659137577
207 0.14375 0.045174537987679675 0.034375 0.06776180698151951
410 0.1984375 0.13963039014373715 0.0796875 0.0944558521560575
297 0.2734375 0.17864476386036962 0.0515625 0.17248459958932238
374 0.3484375 0.14168377823408623 0.0859375 0.09240246406570841
179 0.44375 0.14168377823408623 0.0953125 0.09650924024640657
465 0.521875 0.14168377823408623 0.0515625 0.09034907597535935
19 0.6265625 0.17248459958932238 0.13125 0.1704312114989733
222 0.60625 0.057494866529774126 0.028125 0.03490759753593429
45 0.0796875 0.6529774127310062 0.075 0.09034907597535935
410 0.1703125 0.6509240246406571 0.08125 0.09856262833675565
199 0.2609375 0.6550308008213552 0.08125 0.09650924024640657
222 0.2625 0.5708418891170431 0.0265625 0.030800821355236138
336 0.284375 0.5728952772073922 0.025 0.03285420944558522
297 0.3484375 0.6919917864476386 0.05 0.16837782340862423
484 0.409375 0.6550308008213552 0.059375 0.0944558521560575
465 0.4703125 0.6529774127310062 0.0484375 0.09240246406570841
297 0.53125 0.6919917864476386 0.0515625 0.16837782340862423
410 0.603125 0.6529774127310062 0.08125 0.0944558521560575
194 0.6171875 0.7474332648870636 0.0546875 0.08008213552361396
410 0.696875 0.6529774127310062 0.0796875 0.09650924024640657
215 0.703125 0.7371663244353183 0.0734375 0.061601642710472276
15 0.8171875 0.6837782340862423 0.13125 0.1704312114989733