118 0.084375 0.1299559471365639 0.0796875 0.0881057268722467
336 0.096875 0.05066079295154185 0.0265625 0.028634361233480177
164 0.090625 0.2092511013215859 0.0546875 0.05947136563876652
318 0.175 0.13215859030837004 0.084375 0.09251101321585903
296 0.1828125 0.048458149779735685 0.059375 0.06167400881057269
410 0.2671875 0.1299559471365639 0.071875 0.09030837004405286
296 0.2734375 0.048458149779735685 0.0609375 0.06167400881057269
164 0.278125 0.2092511013215859 0.05625 0.05726872246696035
318 0.3625 0.13215859030837004 0.084375 0.0947136563876652
17 0.46875 0.15859030837004406 0.115625 0.16740088105726872
260 0.575 0.13215859030837004 0.0796875 0.0947136563876652
158 0.59375 0.2422907488986784 0.0734375 0.11233480176211454
502 0.6703125 0.13215859030837004 0.0765625 0.09030837004405286
215 0.6765625 0.21365638766519823 0.0671875 0.06167400881057269
318 0.7625 0.13215859030837004 0.08125 0.09030837004405286
336 0.7828125 0.05286343612334802 0.025 0.03303964757709251
410 0.85625 0.1299559471365639 0.0734375 0.09251101321585903
224 0.9390625 0.1299559471365639 0.08125 0.09251101321585903
193 0.953125 0.21145374449339208 0.0609375 0.05726872246696035
296 0.95 0.048458149779735685 0.059375 0.06167400881057269
297 0.06875 0.6674008810572687 0.046875 0.16740088105726872
260 0.1375 0.6299559471365639 0.0796875 0.09251101321585903
297 0.209375 0.6651982378854625 0.0453125 0.16299559471365638
466 0.278125 0.6299559471365639 0.0765625 0.09251101321585903
222 0.28125 0.5484581497797357 0.025 0.03303964757709251
297 0.3515625 0.6651982378854625 0.04375 0.16299559471365638
374 0.4203125 0.6299559471365639 0.078125 0.09030837004405286
465 0.4890625 0.6277533039647577 0.046875 0.09030837004405286
466 0.559375 0.6299559471365639 0.075 0.09030837004405286
296 0.56875 0.5462555066079295 0.0609375 0.06167400881057269
194 0.5734375 0.7224669603524229 0.0515625 0.07709251101321586
17 0.671875 0.6585903083700441 0.11875 0.1696035242290749
22 0.7984375 0.6585903083700441 0.1265625 0.16740088105726872