13 0.1453125 0.19135802469135801 0.128125 0.1646090534979424
45 0.2546875 0.16255144032921812 0.071875 0.09053497942386832
6 0.35625 0.19135802469135801 0.121875 0.1646090534979424
6 0.4796875 0.1934156378600823 0.121875 0.16255144032921812
10 0.6109375 0.19135802469135801 0.125 0.1646090534979424
574 0.73125 0.16255144032921812 0.09375 0.09259259259259259
411 0.7796875 0.08641975308641975 0.03125 0.024691358024691357
260 0.125 0.6584362139917695 0.084375 0.09053497942386832
336 0.14375 0.5802469135802469 0.025 0.030864197530864196
520 0.228125 0.6584362139917695 0.0921875 0.09259259259259259
296 0.2375 0.5761316872427984 0.0640625 0.06584362139917696
207 0.28125 0.565843621399177 0.034375 0.06378600823045268
224 0.3359375 0.6604938271604939 0.0859375 0.09259259259259259
336 0.35625 0.5802469135802469 0.025 0.030864197530864196
520 0.4390625 0.6563786008230452 0.090625 0.09053497942386832
192 0.4515625 0.7366255144032922 0.075 0.05555555555555555
297 0.521875 0.6934156378600823 0.046875 0.1646090534979424
410 0.5921875 0.6563786008230452 0.0796875 0.09465020576131687
179 0.6828125 0.6584362139917695 0.0921875 0.09259259259259259
465 0.7578125 0.6563786008230452 0.05 0.08847736625514403
297 0.8171875 0.6954732510288066 0.0484375 0.1646090534979424
374 0.890625 0.6584362139917695 0.0828125 0.09053497942386832
180 0.95625 0.6975308641975309 0.04375 0.17078189300411523