118 0.078125 0.1103448275862069 0.071875 0.0896551724137931
296 0.075 0.029885057471264367 0.053125 0.059770114942528735
297 0.140625 0.1471264367816092 0.0421875 0.16091954022988506
355 0.209375 0.1103448275862069 0.0859375 0.0896551724137931
465 0.278125 0.1103448275862069 0.04375 0.0896551724137931
374 0.3453125 0.10804597701149425 0.0734375 0.09195402298850575
180 0.40625 0.14942528735632185 0.0375 0.17011494252873563
60 0.471875 0.11494252873563218 0.0796875 0.10574712643678161
374 0.5578125 0.1103448275862069 0.0765625 0.0896551724137931
198 0.5796875 0.2160919540229885 0.0609375 0.11494252873563218
374 0.078125 0.5954022988505747 0.075 0.0896551724137931
336 0.09375 0.5172413793103449 0.0234375 0.029885057471264367
411 0.125 0.5195402298850574 0.0265625 0.020689655172413793
364 0.1828125 0.6298850574712643 0.1 0.1632183908045977
412 0.2703125 0.5954022988505747 0.0671875 0.0896551724137931
17 0.3640625 0.6252873563218391 0.1078125 0.1632183908045977
146 0.459375 0.6206896551724138 0.06875 0.14482758620689656
410 0.5359375 0.5954022988505747 0.06875 0.0896551724137931
336 0.55 0.5172413793103449 0.0234375 0.029885057471264367
466 0.6203125 0.5977011494252874 0.0703125 0.0896551724137931
298 0.628125 0.5149425287356322 0.05625 0.06206896551724138
207 0.66875 0.5057471264367817 0.03125 0.06206896551724138
502 0.7140625 0.5954022988505747 0.0703125 0.0896551724137931
336 0.7296875 0.5195402298850574 0.0234375 0.03218390804597701
520 0.803125 0.5977011494252874 0.0796875 0.09425287356321839
21 0.9046875 0.6229885057471264 0.1109375 0.1632183908045977