60 0.096875 0.14685314685314685 0.08125 0.11421911421911422
297 0.16875 0.17715617715617715 0.04375 0.17016317016317017
410 0.2328125 0.13752913752913754 0.0703125 0.09557109557109557
169 0.240625 0.2191142191142191 0.05625 0.05827505827505827
465 0.296875 0.13986013986013987 0.04375 0.09090909090909091
297 0.35 0.17715617715617715 0.0453125 0.1655011655011655
410 0.4140625 0.13752913752913754 0.06875 0.09557109557109557
502 0.49375 0.13986013986013987 0.0734375 0.09090909090909091
336 0.509375 0.05827505827505827 0.025 0.03263403263403263
318 0.5828125 0.13986013986013987 0.08125 0.09324009324009325
6 0.6796875 0.17016317016317017 0.1109375 0.17016317016317017
60 0.7828125 0.14219114219114218 0.08125 0.11655011655011654
15 0.9234375 0.16783216783216784 0.1140625 0.17016317016317017
146 0.0921875 0.675990675990676 0.06875 0.15151515151515152
60 0.175 0.6526806526806527 0.08125 0.10955710955710955
296 0.24375 0.5641025641025641 0.0578125 0.06526806526806526
484 0.25 0.6480186480186481 0.053125 0.09324009324009325
502 0.325 0.6456876456876457 0.071875 0.09090909090909091
194 0.3390625 0.7389277389277389 0.0484375 0.08158508158508158
336 0.3453125 0.5687645687645687 0.0234375 0.030303030303030304
520 0.4203125 0.6480186480186481 0.08125 0.09557109557109557
296 0.428125 0.5617715617715617 0.0578125 0.06526806526806526
484 0.5 0.6456876456876457 0.053125 0.09557109557109557
336 0.50625 0.5664335664335665 0.0234375 0.03263403263403263
410 0.575 0.6456876456876457 0.06875 0.0979020979020979
296 0.584375 0.5617715617715617 0.059375 0.06526806526806526
169 0.5859375 0.7296037296037297 0.053125 0.055944055944055944
14 0.690625 0.6783216783216783 0.1265625 0.17016317016317017
21 0.815625 0.675990675990676 0.1125 0.17016317016317017