297 0.0734375 0.185589519650655 0.0453125 0.1615720524017467
118 0.140625 0.14847161572052403 0.078125 0.08951965065502183
164 0.1453125 0.22489082969432314 0.0546875 0.05895196506550218
465 0.2 0.14847161572052403 0.046875 0.09170305676855896
474 0.28125 0.18340611353711792 0.0921875 0.1615720524017467
502 0.3671875 0.15065502183406113 0.0765625 0.08951965065502183
199 0.45 0.14847161572052403 0.078125 0.08951965065502183
296 0.453125 0.06768558951965066 0.0625 0.0611353711790393
207 0.496875 0.05895196506550218 0.03125 0.06331877729257641
27 0.53125 0.14192139737991266 0.0546875 0.0982532751091703
30 0.621875 0.1462882096069869 0.103125 0.0982532751091703
466 0.7171875 0.15065502183406113 0.075 0.09388646288209607
336 0.7359375 0.07205240174672489 0.025 0.03056768558951965
484 0.734375 0.2292576419213974 0.040625 0.056768558951965066
15 0.8296875 0.17903930131004367 0.1171875 0.16375545851528384
413 0.0875 0.6681222707423581 0.0859375 0.15065502183406113
26 0.15625 0.6397379912663755 0.0375 0.0851528384279476
413 0.2265625 0.6681222707423581 0.0875 0.14847161572052403
28 0.309375 0.6462882096069869 0.0625 0.10480349344978165
360 0.3703125 0.6462882096069869 0.0265625 0.06768558951965066
360 0.3921875 0.6462882096069869 0.025 0.06986899563318777
61 0.45625 0.6397379912663755 0.0828125 0.08951965065502183
296 0.45625 0.5589519650655022 0.0609375 0.06331877729257641
224 0.5421875 0.6397379912663755 0.08125 0.09170305676855896
296 0.55 0.5567685589519651 0.0609375 0.06331877729257641
207 0.5890625 0.5480349344978166 0.03125 0.0611353711790393
318 0.64375 0.6397379912663755 0.084375 0.08951965065502183
502 0.7296875 0.6397379912663755 0.075 0.09388646288209607
336 0.7484375 0.5611353711790393 0.0265625 0.034934497816593885
374 0.821875 0.6419213973799127 0.0796875 0.09170305676855896
17 0.9234375 0.6681222707423581 0.1171875 0.16375545851528384