318 0.065625 0.168141592920354 0.08125 0.09070796460176991
336 0.084375 0.09070796460176991 0.0234375 0.030973451327433628
410 0.15625 0.168141592920354 0.0734375 0.09513274336283185
336 0.1703125 0.08849557522123894 0.0234375 0.033185840707964605
392 0.2390625 0.168141592920354 0.0703125 0.09070796460176991
296 0.2421875 0.08628318584070796 0.059375 0.059734513274336286
410 0.325 0.16592920353982302 0.071875 0.09070796460176991
392 0.4046875 0.16592920353982302 0.071875 0.09070796460176991
159 0.4140625 0.24778761061946902 0.0546875 0.05752212389380531
180 0.46875 0.2079646017699115 0.0390625 0.168141592920354
260 0.5359375 0.168141592920354 0.078125 0.09292035398230089
466 0.6234375 0.168141592920354 0.071875 0.08628318584070796
215 0.6328125 0.25 0.065625 0.05752212389380531
222 0.625 0.08849557522123894 0.021875 0.033185840707964605
207 0.66875 0.07964601769911504 0.03125 0.061946902654867256
345 0.7296875 0.20353982300884957 0.09375 0.16150442477876106
207 0.775 0.07743362831858407 0.0296875 0.061946902654867256
410 0.8203125 0.168141592920354 0.071875 0.09292035398230089
15 0.9234375 0.19690265486725664 0.1171875 0.1592920353982301
146 0.059375 0.6836283185840708 0.071875 0.14601769911504425
60 0.14375 0.6637168141592921 0.0828125 0.1084070796460177
574 0.2375 0.6592920353982301 0.0875 0.09070796460176991
411 0.284375 0.581858407079646 0.028125 0.024336283185840708
520 0.3359375 0.6570796460176991 0.0828125 0.08849557522123894
296 0.3453125 0.5752212389380531 0.059375 0.059734513274336286
484 0.4171875 0.6592920353982301 0.0546875 0.09070796460176991
336 0.425 0.5796460176991151 0.025 0.028761061946902654
410 0.49375 0.6570796460176991 0.0703125 0.09070796460176991
296 0.5 0.5752212389380531 0.059375 0.06415929203539823
169 0.503125 0.7367256637168141 0.0546875 0.05530973451327434
355 0.5921875 0.6570796460176991 0.0890625 0.09070796460176991
208 0.684375 0.6592920353982301 0.090625 0.09070796460176991
502 0.76875 0.6592920353982301 0.0734375 0.09070796460176991
336 0.784375 0.5796460176991151 0.0234375 0.030973451327433628