297 0.071875 0.1688888888888889 0.04375 0.16444444444444445
118 0.1375 0.13111111111111112 0.078125 0.09111111111111111
164 0.1421875 0.2111111111111111 0.0546875 0.06222222222222222
465 0.1984375 0.13333333333333333 0.0421875 0.09111111111111111
474 0.2765625 0.1688888888888889 0.090625 0.1622222222222222
502 0.3625 0.13333333333333333 0.075 0.08888888888888889
208 0.4515625 0.13333333333333333 0.0859375 0.09333333333333334
296 0.453125 0.051111111111111114 0.0578125 0.06222222222222222
224 0.5390625 0.13333333333333333 0.0796875 0.09111111111111111
14 0.7625 0.1622222222222222 0.1296875 0.16444444444444445
300 0.8609375 0.13333333333333333 0.0671875 0.09111111111111111
413 0.9421875 0.1622222222222222 0.0859375 0.1511111111111111
345 0.0953125 0.66 0.0953125 0.16
207 0.1421875 0.5333333333333333 0.03125 0.06222222222222222
410 0.1890625 0.6244444444444445 0.0734375 0.09111111111111111
15 0.2921875 0.6555555555555556 0.115625 0.1622222222222222
360 0.371875 0.6311111111111111 0.0265625 0.07333333333333333
360 0.39375 0.6311111111111111 0.0265625 0.07555555555555556
446 0.6375 0.13333333333333333 0.103125 0.09333333333333334