260 0.134375 0.14913657770800628 0.1046875 0.08634222919937205
296 0.1421875 0.0706436420722135 0.08125 0.061224489795918366
412 0.2515625 0.15070643642072212 0.096875 0.08634222919937205
410 0.3640625 0.14913657770800628 0.0953125 0.08791208791208792
215 0.36875 0.2260596546310832 0.0890625 0.0565149136577708
296 0.3703125 0.06907378335949764 0.08125 0.058084772370486655
484 0.4703125 0.15070643642072212 0.075 0.0847723704866562
336 0.478125 0.07535321821036106 0.0328125 0.03296703296703297
410 0.5765625 0.14913657770800628 0.096875 0.08948194662480377
296 0.584375 0.0706436420722135 0.078125 0.061224489795918366
169 0.5875 0.22448979591836735 0.0734375 0.054945054945054944
14 0.734375 0.17582417582417584 0.1734375 0.1554160125588697
21 0.90625 0.17739403453689168 0.153125 0.15855572998430142
297 0.1109375 0.6577708006279435 0.0609375 0.16012558869701726
118 0.2 0.6232339089481946 0.10625 0.08791208791208792
164 0.20625 0.695447409733124 0.071875 0.058084772370486655
465 0.2828125 0.6216640502354788 0.0578125 0.0847723704866562
474 0.3890625 0.6562009419152276 0.1203125 0.15384615384615385
21 0.53125 0.6499215070643642 0.153125 0.15698587127158556
360 0.6359375 0.6263736263736264 0.0375 0.06907378335949764