13 0.0921875 0.16891891891891891 0.1171875 0.16441441441441443
45 0.190625 0.1373873873873874 0.065625 0.09009009009009009
6 0.284375 0.16666666666666666 0.109375 0.16666666666666666
6 0.3953125 0.16666666666666666 0.1109375 0.16216216216216217
260 0.4984375 0.13963963963963963 0.075 0.09234234234234234
192 0.5046875 0.21621621621621623 0.06875 0.05855855855855856
336 0.51875 0.05855855855855856 0.025 0.03153153153153153
410 0.5890625 0.1373873873873874 0.071875 0.09234234234234234
336 0.603125 0.05855855855855856 0.025 0.033783783783783786
502 0.675 0.1373873873873874 0.071875 0.09234234234234234
296 0.678125 0.05630630630630631 0.0578125 0.06306306306306306
337 0.7625 0.1373873873873874 0.078125 0.09234234234234234
337 0.85 0.1373873873873874 0.0765625 0.09234234234234234
207 0.8921875 0.04504504504504504 0.0328125 0.06306306306306306
260 0.0734375 0.6328828828828829 0.078125 0.09009009009009009
296 0.078125 0.5495495495495496 0.0578125 0.06306306306306306
412 0.159375 0.6328828828828829 0.0703125 0.09234234234234234
410 0.2375 0.6306306306306306 0.0703125 0.0945945945945946
191 0.259375 0.7387387387387387 0.0625 0.11711711711711711
206 0.284375 0.5405405405405406 0.0328125 0.06306306306306306
410 0.3328125 0.6306306306306306 0.0703125 0.09009009009009009
374 0.415625 0.6351351351351351 0.078125 0.09009009009009009
191 0.4375 0.7387387387387387 0.0625 0.11936936936936937
207 0.465625 0.5405405405405406 0.0296875 0.06531531531531531
410 0.5125 0.6328828828828829 0.071875 0.09234234234234234
374 0.59375 0.6328828828828829 0.0765625 0.09234234234234234
179 0.6796875 0.6328828828828829 0.0875 0.09234234234234234
336 0.7 0.5540540540540541 0.025 0.03153153153153153
374 0.7734375 0.6328828828828829 0.0765625 0.09234234234234234
336 0.7953125 0.5540540540540541 0.0265625 0.033783783783783786
194 0.7890625 0.722972972972973 0.046875 0.07882882882882883
318 0.8703125 0.6328828828828829 0.084375 0.09234234234234234
180 0.9328125 0.6734234234234234 0.0390625 0.16891891891891891