61 0.11875 0.14224137931034483 0.08125 0.08836206896551724
296 0.1171875 0.0603448275862069 0.059375 0.0603448275862069
374 0.203125 0.14224137931034483 0.078125 0.09051724137931035
336 0.221875 0.06465517241379311 0.025 0.03017241379310345
355 0.3015625 0.14224137931034483 0.0890625 0.09051724137931035
208 0.396875 0.14224137931034483 0.090625 0.08836206896551724
296 0.4015625 0.0603448275862069 0.059375 0.0603448275862069
410 0.484375 0.1400862068965517 0.071875 0.09267241379310345
296 0.4875 0.0625 0.059375 0.0625
411 0.5296875 0.06896551724137931 0.028125 0.023706896551724137
392 0.575 0.14224137931034483 0.0734375 0.09051724137931035
242 0.6578125 0.14224137931034483 0.075 0.08836206896551724
232 0.753125 0.17672413793103448 0.096875 0.15732758620689655
364 0.8578125 0.17672413793103448 0.10625 0.15732758620689655
360 0.93125 0.14655172413793102 0.0234375 0.06896551724137931
360 0.953125 0.14870689655172414 0.028125 0.06896551724137931
37 0.125 0.6594827586206896 0.0859375 0.16163793103448276
364 0.225 0.6594827586206896 0.1078125 0.15948275862068967
232 0.3296875 0.6594827586206896 0.0953125 0.15948275862068967
364 0.434375 0.6594827586206896 0.1078125 0.15732758620689655
297 0.5140625 0.6616379310344828 0.04375 0.15948275862068967
410 0.5796875 0.625 0.071875 0.09051724137931035
318 0.665625 0.625 0.0828125 0.08836206896551724
410 0.753125 0.6228448275862069 0.0734375 0.09051724137931035