520 0.065625 0.14967462039045554 0.0859375 0.09327548806941431
296 0.075 0.06724511930585683 0.0625 0.0650759219088937
207 0.1171875 0.05639913232104121 0.0328125 0.0650759219088937
355 0.175 0.14967462039045554 0.0953125 0.0911062906724512
296 0.1875 0.06724511930585683 0.0609375 0.06290672451193059
400 0.2796875 0.1843817787418655 0.090625 0.1648590021691974
355 0.375 0.14967462039045554 0.090625 0.08893709327548807
286 0.478125 0.1843817787418655 0.0953125 0.15835140997830802
410 0.5671875 0.1475054229934924 0.0734375 0.09327548806941431
336 0.584375 0.06941431670281996 0.0234375 0.03036876355748373
318 0.6609375 0.14967462039045554 0.084375 0.09327548806941431
574 0.7578125 0.15184381778741865 0.0921875 0.09327548806941431
411 0.80625 0.07158351409978309 0.0296875 0.026030368763557483
392 0.05625 0.648590021691974 0.0734375 0.09544468546637744
296 0.059375 0.5661605206073753 0.0609375 0.06724511930585683
392 0.14375 0.648590021691974 0.0734375 0.09327548806941431
296 0.146875 0.5661605206073753 0.0609375 0.06290672451193059
437 0.240625 0.6811279826464208 0.090625 0.1648590021691974
318 0.3328125 0.648590021691974 0.084375 0.0911062906724512
336 0.353125 0.5704989154013015 0.025 0.03036876355748373
502 0.4265625 0.648590021691974 0.0765625 0.0911062906724512
215 0.4328125 0.7310195227765727 0.06875 0.05856832971800434
410 0.5171875 0.648590021691974 0.0734375 0.09544468546637744
169 0.525 0.7266811279826464 0.0578125 0.05856832971800434
207 0.559375 0.5553145336225597 0.03125 0.0650759219088937
400 0.615625 0.6832971800433839 0.0890625 0.16052060737527116
546 0.715625 0.6832971800433839 0.1015625 0.16052060737527116
520 0.8171875 0.648590021691974 0.0859375 0.0911062906724512
336 0.8375 0.5683297180043384 0.025 0.03036876355748373
411 0.8703125 0.5704989154013015 0.028125 0.026030368763557483
300 0.9140625 0.648590021691974 0.071875 0.09327548806941431
336 0.928125 0.5704989154013015 0.0234375 0.03470715835140998