297 0.0796875 0.1643192488262911 0.04375 0.16901408450704225
118 0.14375 0.1267605633802817 0.075 0.09154929577464789
164 0.146875 0.20422535211267606 0.0515625 0.06103286384976526
465 0.2015625 0.1267605633802817 0.04375 0.09154929577464789
474 0.2765625 0.1619718309859155 0.0859375 0.1643192488262911
21 0.378125 0.1572769953051643 0.1078125 0.1643192488262911
360 0.453125 0.13380281690140844 0.025 0.07276995305164319
360 0.475 0.13145539906103287 0.0234375 0.07276995305164319
318 0.5375 0.1267605633802817 0.078125 0.09389671361502347
374 0.621875 0.12910798122065728 0.0734375 0.09154929577464789
374 0.703125 0.1267605633802817 0.0828125 0.09389671361502347
336 0.725 0.046948356807511735 0.0234375 0.03051643192488263
410 0.79375 0.1267605633802817 0.06875 0.09624413145539906
336 0.8078125 0.046948356807511735 0.0234375 0.03051643192488263
392 0.090625 0.636150234741784 0.0671875 0.09154929577464789
296 0.09375 0.5516431924882629 0.05625 0.06338028169014084
392 0.1734375 0.636150234741784 0.0703125 0.09154929577464789
163 0.1890625 0.7464788732394366 0.0671875 0.11737089201877934
355 0.265625 0.636150234741784 0.0859375 0.09154929577464789
466 0.35625 0.636150234741784 0.0703125 0.09624413145539906
296 0.3609375 0.5539906103286385 0.05625 0.06338028169014084
382 0.45 0.6713615023474179 0.0890625 0.1619718309859155
318 0.5375 0.6384976525821596 0.0796875 0.09389671361502347
411 0.5796875 0.5586854460093896 0.0265625 0.025821596244131457
374 0.6265625 0.636150234741784 0.0765625 0.09389671361502347
296 0.6328125 0.5516431924882629 0.0578125 0.06572769953051644
224 0.715625 0.636150234741784 0.078125 0.09154929577464789
336 0.7328125 0.5563380281690141 0.025 0.03286384976525822
180 0.7796875 0.676056338028169 0.0390625 0.17136150234741784
224 0.846875 0.6384976525821596 0.0765625 0.09154929577464789
296 0.853125 0.5516431924882629 0.059375 0.06572769953051644
502 0.934375 0.636150234741784 0.0703125 0.09389671361502347
207 0.971875 0.5422535211267606 0.03125 0.06338028169014084