224 0.1015625 0.13747954173486088 0.1109375 0.09492635024549918
300 0.2140625 0.13584288052373159 0.0984375 0.09165302782324058
336 0.2359375 0.05564648117839607 0.034375 0.031096563011456628
466 0.3359375 0.13747954173486088 0.103125 0.09492635024549918
484 0.4359375 0.13747954173486088 0.0734375 0.09165302782324058
466 0.540625 0.13747954173486088 0.1046875 0.09492635024549918
296 0.54375 0.05237315875613748 0.08125 0.06382978723404255
410 0.6578125 0.13584288052373159 0.0984375 0.09656301145662848
296 0.6625 0.05237315875613748 0.08125 0.06382978723404255
374 0.7796875 0.13747954173486088 0.109375 0.09328968903436989
336 0.8046875 0.05564648117839607 0.034375 0.03436988543371522
520 0.9125 0.13747954173486088 0.115625 0.09492635024549918
336 0.9390625 0.057283142389525366 0.034375 0.031096563011456628
326 0.1140625 0.67430441898527 0.134375 0.16202945990180032
410 0.2375 0.6399345335515548 0.1 0.09656301145662848
546 0.259375 0.7479541734860884 0.1 0.11783960720130933
355 0.3734375 0.6399345335515548 0.1265625 0.09492635024549918
194 0.403125 0.7299509001636661 0.065625 0.07855973813420622
296 0.3953125 0.5548281505728314 0.08125 0.06546644844517185
410 0.5109375 0.6366612111292962 0.0984375 0.09492635024549918
169 0.521875 0.7201309328968903 0.078125 0.057283142389525366
466 0.63125 0.6399345335515548 0.1046875 0.09328968903436989
22 0.7796875 0.6693944353518821 0.16875 0.16693944353518822