297 0.0578125 0.150390625 0.0484375 0.158203125
484 0.11875 0.115234375 0.0609375 0.087890625
297 0.1828125 0.150390625 0.0484375 0.16015625
355 0.2640625 0.11328125 0.0984375 0.08984375
465 0.34375 0.115234375 0.05 0.087890625
301 0.4234375 0.1484375 0.0890625 0.162109375
336 0.4359375 0.037109375 0.0265625 0.029296875
502 0.5171875 0.1171875 0.0828125 0.091796875
336 0.534375 0.0390625 0.0265625 0.029296875
318 0.0796875 0.59375 0.090625 0.087890625
336 0.1015625 0.517578125 0.028125 0.03125
410 0.18125 0.59375 0.0796875 0.08984375
215 0.184375 0.673828125 0.071875 0.056640625
296 0.1875 0.513671875 0.065625 0.060546875
207 0.2328125 0.50390625 0.034375 0.060546875
410 0.2875 0.59375 0.078125 0.091796875
502 0.3765625 0.59375 0.0828125 0.08984375
336 0.396875 0.517578125 0.0265625 0.029296875
297 0.4578125 0.630859375 0.05 0.158203125
318 0.5328125 0.595703125 0.090625 0.08984375
465 0.609375 0.591796875 0.05 0.0859375
410 0.684375 0.591796875 0.0796875 0.08984375
374 0.7765625 0.59375 0.0875 0.08984375
169 0.7890625 0.669921875 0.0609375 0.056640625
17 0.8921875 0.623046875 0.1265625 0.16015625