392 0.0796875 0.14788732394366197 0.0703125 0.09389671361502347
296 0.0828125 0.06103286384976526 0.0578125 0.06572769953051644
410 0.1640625 0.14788732394366197 0.0703125 0.09859154929577464
336 0.1796875 0.06807511737089202 0.021875 0.03051643192488263
411 0.209375 0.07276995305164319 0.028125 0.028169014084507043
355 0.2625 0.14788732394366197 0.0890625 0.09389671361502347
520 0.3546875 0.14788732394366197 0.08125 0.09859154929577464
192 0.365625 0.2300469483568075 0.0671875 0.05868544600938967
297 0.43125 0.18779342723004694 0.0453125 0.16901408450704225
410 0.49375 0.14788732394366197 0.071875 0.09859154929577464
199 0.571875 0.14788732394366197 0.0765625 0.09624413145539906
465 0.6359375 0.14788732394366197 0.040625 0.09389671361502347
520 0.7078125 0.14788732394366197 0.084375 0.09389671361502347
296 0.7171875 0.06338028169014084 0.0578125 0.06338028169014084
410 0.796875 0.15023474178403756 0.0703125 0.09859154929577464
208 0.88125 0.14788732394366197 0.0890625 0.09624413145539906
336 0.896875 0.06572769953051644 0.0234375 0.035211267605633804
502 0.08125 0.6338028169014085 0.075 0.09389671361502347
336 0.0984375 0.5516431924882629 0.025 0.03286384976525822
520 0.1734375 0.636150234741784 0.084375 0.09624413145539906
502 0.259375 0.636150234741784 0.075 0.09389671361502347
336 0.275 0.5539906103286385 0.025 0.03286384976525822
318 0.3484375 0.6338028169014085 0.0796875 0.09624413145539906
520 0.4375 0.636150234741784 0.0828125 0.09624413145539906
192 0.53125 0.7136150234741784 0.0671875 0.056338028169014086
502 0.5234375 0.6338028169014085 0.075 0.09859154929577464
500 0.609375 0.6690140845070423 0.1140625 0.1643192488262911
355 0.715625 0.6338028169014085 0.0859375 0.09389671361502347
500 0.803125 0.6666666666666666 0.1125 0.1643192488262911
574 0.909375 0.6338028169014085 0.084375 0.09389671361502347
411 0.95625 0.5563380281690141 0.0265625 0.025821596244131457