260 0.0671875 0.1300639658848614 0.0796875 0.08742004264392324
336 0.084375 0.05543710021321962 0.0265625 0.03411513859275053
318 0.1609375 0.13432835820895522 0.084375 0.08742004264392324
502 0.25 0.1300639658848614 0.078125 0.08955223880597014
336 0.265625 0.05543710021321962 0.025 0.029850746268656716
374 0.340625 0.13219616204690832 0.08125 0.08955223880597014
192 0.35 0.208955223880597 0.071875 0.05970149253731343
17 0.4484375 0.15991471215351813 0.11875 0.16204690831556504
360 0.528125 0.13646055437100213 0.0265625 0.07036247334754797
360 0.5515625 0.13646055437100213 0.0234375 0.07036247334754797
260 0.0671875 0.6140724946695096 0.078125 0.08955223880597014
336 0.084375 0.5373134328358209 0.025 0.029850746268656716
297 0.1421875 0.650319829424307 0.0453125 0.16204690831556504
484 0.1984375 0.6140724946695096 0.0546875 0.08742004264392324
355 0.2796875 0.6140724946695096 0.0921875 0.08742004264392324
546 0.3046875 0.7185501066098081 0.0734375 0.11300639658848614
207 0.3375 0.5223880597014925 0.0296875 0.06183368869936034
296 0.3859375 0.5330490405117271 0.059375 0.05970149253731343
118 0.3875 0.6140724946695096 0.08125 0.08528784648187633
297 0.45625 0.650319829424307 0.0453125 0.15991471215351813
355 0.5296875 0.6140724946695096 0.090625 0.08955223880597014
465 0.603125 0.6119402985074627 0.046875 0.08742004264392324
374 0.675 0.6140724946695096 0.078125 0.08955223880597014
180 0.740625 0.6545842217484008 0.040625 0.16631130063965885
60 0.8125 0.6183368869936035 0.084375 0.10660980810234541
374 0.903125 0.6140724946695096 0.0796875 0.08955223880597014
198 0.9265625 0.720682302771855 0.0640625 0.11087420042643924