374 0.0796875 0.14666666666666667 0.078125 0.09111111111111111
336 0.0984375 0.06666666666666667 0.0234375 0.03333333333333333
411 0.128125 0.07111111111111111 0.0265625 0.022222222222222223
364 0.190625 0.18222222222222223 0.10625 0.15777777777777777
412 0.2828125 0.14666666666666667 0.071875 0.09111111111111111
17 0.38125 0.17555555555555555 0.1140625 0.16444444444444445
146 0.48125 0.17333333333333334 0.071875 0.14444444444444443
60 0.5640625 0.1511111111111111 0.0828125 0.10888888888888888
124 0.65625 0.18222222222222223 0.0828125 0.16
471 0.746875 0.18 0.096875 0.15555555555555556
336 0.771875 0.06888888888888889 0.0234375 0.03111111111111111
318 0.846875 0.14666666666666667 0.0828125 0.09111111111111111
539 0.94375 0.18222222222222223 0.09375 0.1622222222222222
392 0.075 0.6422222222222222 0.0703125 0.08888888888888889
296 0.0796875 0.56 0.059375 0.06222222222222222
412 0.1625 0.6422222222222222 0.071875 0.09333333333333334
520 0.25 0.6422222222222222 0.084375 0.09111111111111111
355 0.34375 0.64 0.0890625 0.09111111111111111
410 0.434375 0.64 0.071875 0.09555555555555556
179 0.5171875 0.64 0.0875 0.09333333333333334
336 0.5375 0.5622222222222222 0.025 0.03111111111111111
16 0.625 0.6688888888888889 0.115625 0.16444444444444445
466 0.728125 0.64 0.071875 0.09333333333333334
193 0.7390625 0.72 0.0609375 0.057777777777777775
336 0.7484375 0.5622222222222222 0.025 0.03333333333333333
355 0.828125 0.6422222222222222 0.0921875 0.09333333333333334
502 0.91875 0.6422222222222222 0.0765625 0.09333333333333334
336 0.934375 0.5622222222222222 0.0234375 0.03111111111111111