318 0.09375 0.14375 0.090625 0.09583333333333334
336 0.115625 0.0625 0.025 0.027083333333333334
410 0.19375 0.14375 0.078125 0.09583333333333334
296 0.2015625 0.06041666666666667 0.065625 0.06458333333333334
169 0.2046875 0.225 0.0625 0.058333333333333334
355 0.3015625 0.14375 0.0984375 0.09375
208 0.403125 0.14375 0.096875 0.09375
502 0.4953125 0.14375 0.0796875 0.09791666666666667
336 0.5109375 0.0625 0.028125 0.03333333333333333
297 0.5734375 0.17916666666666667 0.0484375 0.16458333333333333
118 0.646875 0.14375 0.0859375 0.09375
164 0.65 0.22291666666666668 0.059375 0.058333333333333334
465 0.7140625 0.14583333333333334 0.046875 0.09375
474 0.7984375 0.17916666666666667 0.096875 0.16666666666666666
21 0.9125 0.17291666666666666 0.1265625 0.17083333333333334
224 0.0921875 0.65 0.0859375 0.09583333333333334
296 0.1 0.5645833333333333 0.0640625 0.0625
300 0.1890625 0.65 0.0796875 0.09375
336 0.203125 0.56875 0.0265625 0.029166666666666667
546 0.296875 0.6854166666666667 0.1109375 0.16666666666666666
502 0.3953125 0.65 0.0828125 0.09375
336 0.4125 0.56875 0.028125 0.03333333333333333
301 0.49375 0.6875 0.0890625 0.16458333333333333
336 0.5078125 0.56875 0.025 0.03333333333333333
466 0.5890625 0.6520833333333333 0.0796875 0.09375
222 0.5921875 0.5666666666666667 0.025 0.03125
355 0.69375 0.65 0.096875 0.09375
410 0.790625 0.6479166666666667 0.078125 0.09583333333333334
159 0.8015625 0.7291666666666666 0.0609375 0.06041666666666667
300 0.8796875 0.65 0.0765625 0.09166666666666666
336 0.896875 0.56875 0.025 0.03333333333333333