345 0.1046875 0.19066147859922178 0.1109375 0.1614785992217899
206 0.15625 0.06420233463035019 0.0359375 0.06614785992217899
410 0.2140625 0.15369649805447472 0.084375 0.09727626459143969
374 0.309375 0.1556420233463035 0.0921875 0.0933852140077821
208 0.4109375 0.1556420233463035 0.10625 0.0933852140077821
296 0.4171875 0.07198443579766536 0.06875 0.06420233463035019
355 0.5234375 0.1556420233463035 0.1046875 0.0933852140077821
296 0.5375 0.07198443579766536 0.06875 0.06614785992217899
374 0.6359375 0.1556420233463035 0.090625 0.0933852140077821
21 0.7546875 0.18482490272373542 0.1328125 0.16731517509727625
13 0.11875 0.688715953307393 0.1359375 0.16731517509727625
45 0.2359375 0.6575875486381323 0.078125 0.0933852140077821
6 0.34375 0.688715953307393 0.1328125 0.16731517509727625
6 0.4765625 0.6867704280155642 0.13125 0.16926070038910507
10 0.61875 0.6867704280155642 0.134375 0.16731517509727625
360 0.7125 0.6634241245136187 0.028125 0.07392996108949416
360 0.7375 0.6614785992217899 0.0265625 0.07782101167315175
60 0.8125 0.6634241245136187 0.096875 0.10894941634241245
410 0.9140625 0.6556420233463035 0.084375 0.09727626459143969
336 0.93125 0.5797665369649806 0.0265625 0.0311284046692607