224 0.0828125 0.15704387990762125 0.075 0.09006928406466513
296 0.0875 0.07621247113163972 0.0546875 0.06004618937644342
484 0.1578125 0.15704387990762125 0.05 0.08775981524249422
207 0.184375 0.06928406466512702 0.0296875 0.057736720554272515
520 0.2359375 0.15935334872979215 0.08125 0.09006928406466513
336 0.25625 0.07852193995381063 0.021875 0.03002309468822171
297 0.309375 0.19399538106235567 0.040625 0.15704387990762125
484 0.3609375 0.15704387990762125 0.05 0.08775981524249422
297 0.415625 0.19168591224018475 0.0421875 0.15935334872979215
355 0.484375 0.15704387990762125 0.0859375 0.09006928406466513
465 0.5515625 0.15704387990762125 0.040625 0.09006928406466513
301 0.61875 0.19168591224018475 0.075 0.15935334872979215
336 0.6296875 0.08083140877598152 0.021875 0.03002309468822171
502 0.6984375 0.15935334872979215 0.0703125 0.09006928406466513
336 0.7125 0.08083140877598152 0.021875 0.03233256351039261
260 0.784375 0.15704387990762125 0.0734375 0.09468822170900693
17 0.8796875 0.18706697459584296 0.10625 0.16166281755196305
466 0.0828125 0.6397228637413395 0.071875 0.08775981524249422
222 0.0859375 0.5612009237875288 0.021875 0.03002309468822171
336 0.103125 0.5612009237875288 0.0203125 0.03002309468822171
502 0.16875 0.6397228637413395 0.0703125 0.08775981524249422
336 0.184375 0.5635103926096998 0.021875 0.03002309468822171
224 0.2546875 0.6397228637413395 0.0734375 0.08775981524249422
336 0.2734375 0.5635103926096998 0.021875 0.03233256351039261
374 0.340625 0.6397228637413395 0.075 0.09006928406466513
336 0.3578125 0.5635103926096998 0.021875 0.03464203233256351
520 0.43125 0.6374133949191686 0.0796875 0.09006928406466513
21 0.5296875 0.6674364896073903 0.1078125 0.15935334872979215
297 0.6109375 0.674364896073903 0.0421875 0.16166281755196305
300 0.6703125 0.6420323325635104 0.065625 0.09006928406466513
193 0.6796875 0.7182448036951501 0.0578125 0.05542725173210162
465 0.73125 0.6397228637413395 0.0421875 0.08775981524249422
224 0.8 0.6420323325635104 0.075 0.08775981524249422
15 0.9 0.6674364896073903 0.1109375 0.16166281755196305