392 0.1 0.18181818181818182 0.0671875 0.08857808857808858
242 0.1765625 0.18181818181818182 0.075 0.08857808857808858
296 0.18125 0.10256410256410256 0.0546875 0.06060606060606061
392 0.2578125 0.1794871794871795 0.0671875 0.09324009324009325
194 0.2703125 0.2727272727272727 0.046875 0.07925407925407925
242 0.3375 0.18181818181818182 0.0703125 0.08857808857808858
296 0.3421875 0.10023310023310024 0.0546875 0.05827505827505827
16 0.4359375 0.21212121212121213 0.10625 0.1655011655011655
360 0.5109375 0.1888111888111888 0.025 0.07226107226107226
360 0.53125 0.1888111888111888 0.0234375 0.07459207459207459
247 0.59375 0.21445221445221446 0.09375 0.15384615384615385
336 0.61875 0.1048951048951049 0.021875 0.030303030303030304
520 0.6921875 0.18414918414918416 0.078125 0.09090909090909091
484 0.090625 0.6666666666666666 0.05 0.08857808857808858
372 0.1859375 0.6993006993006993 0.1234375 0.15384615384615385
22 0.3125 0.6946386946386947 0.1125 0.16317016317016317
360 0.3890625 0.6713286713286714 0.0234375 0.07459207459207459
297 0.43125 0.703962703962704 0.040625 0.16083916083916083
355 0.5 0.6666666666666666 0.0828125 0.08857808857808858
556 0.5859375 0.6666666666666666 0.06875 0.09090909090909091
297 0.6484375 0.703962703962704 0.040625 0.16317016317016317
410 0.709375 0.6666666666666666 0.06875 0.09090909090909091
192 0.7140625 0.745920745920746 0.065625 0.053613053613053616
556 0.7890625 0.668997668997669 0.071875 0.09324009324009325
17 0.88125 0.6946386946386947 0.10625 0.16083916083916083