360 0.0546875 0.16475972540045766 0.025 0.07322654462242563
318 0.11875 0.16247139588100687 0.078125 0.09153318077803203
355 0.20625 0.16018306636155608 0.0875 0.09153318077803203
208 0.2984375 0.16247139588100687 0.0859375 0.08924485125858124
296 0.3015625 0.08009153318077804 0.05625 0.06178489702517163
502 0.38125 0.16247139588100687 0.0703125 0.09153318077803203
336 0.3953125 0.08466819221967964 0.021875 0.029748283752860413
224 0.4671875 0.16018306636155608 0.0765625 0.09153318077803203
336 0.484375 0.08237986270022883 0.021875 0.029748283752860413
374 0.553125 0.16018306636155608 0.075 0.08924485125858124
336 0.5703125 0.08237986270022883 0.0234375 0.029748283752860413
520 0.64375 0.16018306636155608 0.0796875 0.09153318077803203
502 0.7265625 0.16018306636155608 0.0703125 0.08695652173913043
193 0.7359375 0.2379862700228833 0.0578125 0.05263157894736842
296 0.734375 0.08009153318077804 0.0546875 0.059496567505720827
224 0.8140625 0.15789473684210525 0.075 0.08924485125858124
336 0.8328125 0.08237986270022883 0.021875 0.032036613272311214
180 0.88125 0.19908466819221968 0.0375 0.16247139588100687
382 0.0875 0.7025171624713958 0.0890625 0.15789473684210525
318 0.1734375 0.665903890160183 0.0765625 0.09153318077803203
21 0.2734375 0.6956521739130435 0.109375 0.16247139588100687
360 0.346875 0.6727688787185355 0.025 0.07322654462242563
466 0.4078125 0.6681922196796338 0.06875 0.08695652173913043
296 0.4109375 0.585812356979405 0.0546875 0.057208237986270026
410 0.4921875 0.665903890160183 0.0703125 0.09153318077803203
336 0.5046875 0.5926773455377574 0.021875 0.029748283752860413
411 0.534375 0.5926773455377574 0.025 0.02517162471395881
355 0.5859375 0.6681922196796338 0.0859375 0.08924485125858124
520 0.6765625 0.6681922196796338 0.0796875 0.08924485125858124
410 0.759375 0.665903890160183 0.0703125 0.08924485125858124
169 0.76875 0.7437070938215103 0.05625 0.05491990846681922
336 0.7765625 0.5903890160183066 0.0234375 0.032036613272311214