502 0.103125 0.15942028985507245 0.0703125 0.09420289855072464
336 0.11875 0.07971014492753623 0.0234375 0.03140096618357488
520 0.1921875 0.16183574879227053 0.078125 0.09420289855072464
502 0.2734375 0.16183574879227053 0.06875 0.09420289855072464
336 0.290625 0.07971014492753623 0.021875 0.03140096618357488
260 0.3609375 0.16183574879227053 0.0765625 0.09903381642512077
410 0.4375 0.15942028985507245 0.0671875 0.0966183574879227
169 0.446875 0.24154589371980675 0.053125 0.06280193236714976
392 0.5171875 0.15942028985507245 0.06875 0.09420289855072464
199 0.5921875 0.15942028985507245 0.071875 0.09420289855072464
14 0.6953125 0.18840579710144928 0.121875 0.16908212560386474
360 0.775 0.1642512077294686 0.0265625 0.0748792270531401
502 0.8359375 0.16183574879227053 0.071875 0.09420289855072464
296 0.8390625 0.0748792270531401 0.0546875 0.06280193236714976
207 0.878125 0.06521739130434782 0.03125 0.06763285024154589
520 0.928125 0.16183574879227053 0.078125 0.09420289855072464
355 0.1109375 0.642512077294686 0.084375 0.09420289855072464
296 0.121875 0.5579710144927537 0.05625 0.06280193236714976
466 0.2046875 0.642512077294686 0.0734375 0.0966183574879227
296 0.20625 0.5579710144927537 0.0578125 0.06521739130434782
207 0.246875 0.5483091787439613 0.0296875 0.06521739130434782
242 0.2921875 0.642512077294686 0.0734375 0.09420289855072464
574 0.378125 0.642512077294686 0.08125 0.09178743961352658
318 0.4640625 0.642512077294686 0.0765625 0.09420289855072464
410 0.546875 0.642512077294686 0.06875 0.09420289855072464
193 0.5546875 0.7246376811594203 0.05625 0.057971014492753624
296 0.5515625 0.5579710144927537 0.05625 0.06521739130434782
224 0.634375 0.642512077294686 0.078125 0.09178743961352658
336 0.6515625 0.5628019323671497 0.021875 0.03140096618357488
180 0.7 0.6811594202898551 0.0375 0.17391304347826086
520 0.7671875 0.642512077294686 0.0796875 0.09420289855072464
336 0.7859375 0.5628019323671497 0.021875 0.033816425120772944
411 0.8140625 0.5652173913043478 0.028125 0.024154589371980676
300 0.85625 0.642512077294686 0.065625 0.09420289855072464
336 0.86875 0.5628019323671497 0.0234375 0.028985507246376812