260 0.0671875 0.15810276679841898 0.0875 0.09090909090909091
336 0.0859375 0.08102766798418973 0.028125 0.03162055335968379
392 0.1640625 0.1600790513833992 0.0796875 0.09090909090909091
520 0.2609375 0.15810276679841898 0.09375 0.09486166007905138
297 0.340625 0.19367588932806323 0.05 0.16205533596837945
355 0.421875 0.1600790513833992 0.1015625 0.09486166007905138
465 0.503125 0.1600790513833992 0.046875 0.08893280632411067
400 0.5859375 0.19367588932806323 0.0984375 0.15810276679841898
410 0.6796875 0.15810276679841898 0.08125 0.09288537549407115
336 0.6953125 0.07905138339920949 0.0265625 0.03162055335968379
520 0.78125 0.1600790513833992 0.09375 0.09288537549407115
21 0.9 0.18774703557312253 0.1265625 0.16600790513833993
318 0.0671875 0.650197628458498 0.090625 0.09090909090909091
336 0.090625 0.5691699604743083 0.0265625 0.03359683794466403
374 0.1734375 0.6482213438735178 0.0875 0.09090909090909091
194 0.1890625 0.7391304347826086 0.0546875 0.07509881422924901
336 0.1953125 0.5711462450592886 0.0265625 0.03162055335968379
318 0.2796875 0.6482213438735178 0.0921875 0.08893280632411067
180 0.3515625 0.6877470355731226 0.046875 0.16798418972332016
286 0.4375 0.6837944664031621 0.103125 0.15810276679841898
410 0.5328125 0.6482213438735178 0.0796875 0.09288537549407115
336 0.5515625 0.5691699604743083 0.0265625 0.03162055335968379
318 0.634375 0.6482213438735178 0.090625 0.09288537549407115
360 0.7046875 0.6541501976284585 0.028125 0.07509881422924901
360 0.7296875 0.6521739130434783 0.028125 0.07509881422924901