392 0.0796875 0.14224137931034483 0.075 0.09482758620689655
296 0.0828125 0.05603448275862069 0.0640625 0.06465517241379311
437 0.178125 0.17456896551724138 0.0921875 0.16810344827586207
492 0.2640625 0.17672413793103448 0.075 0.16379310344827586
520 0.35 0.1400862068965517 0.090625 0.09482758620689655
169 0.365625 0.22198275862068967 0.0578125 0.05603448275862069
336 0.375 0.0603448275862069 0.025 0.03017241379310345
318 0.45625 0.1400862068965517 0.0859375 0.09482758620689655
360 0.5203125 0.14655172413793102 0.0265625 0.07327586206896551
224 0.590625 0.14224137931034483 0.0828125 0.09482758620689655
300 0.6765625 0.1400862068965517 0.0734375 0.09482758620689655
336 0.690625 0.0603448275862069 0.025 0.034482758620689655
466 0.084375 0.6206896551724138 0.078125 0.09267241379310345
296 0.0875 0.5366379310344828 0.0625 0.0668103448275862
410 0.1765625 0.6206896551724138 0.078125 0.09698275862068965
296 0.1796875 0.5366379310344828 0.0625 0.0625
374 0.2671875 0.6206896551724138 0.08125 0.09698275862068965
336 0.2875 0.5387931034482759 0.0265625 0.032327586206896554
520 0.3703125 0.6206896551724138 0.090625 0.09267241379310345
336 0.390625 0.540948275862069 0.0234375 0.034482758620689655
360 0.440625 0.625 0.028125 0.07543103448275862
474 0.5171875 0.6551724137931034 0.09375 0.16379310344827586
224 0.609375 0.6206896551724138 0.0828125 0.09698275862068965
193 0.625 0.7004310344827587 0.0640625 0.05603448275862069
336 0.6328125 0.540948275862069 0.0265625 0.032327586206896554
355 0.71875 0.6206896551724138 0.0984375 0.09267241379310345
502 0.8140625 0.6206896551724138 0.08125 0.09482758620689655
336 0.83125 0.5431034482758621 0.025 0.036637931034482756
260 0.909375 0.6206896551724138 0.08125 0.09482758620689655
336 0.9265625 0.5387931034482759 0.025 0.032327586206896554