13 0.1046875 0.13870246085011187 0.125 0.174496644295302
45 0.2125 0.10961968680089486 0.071875 0.09619686800894854
6 0.309375 0.14093959731543623 0.11875 0.174496644295302
6 0.4265625 0.14093959731543623 0.121875 0.17225950782997762
10 0.55625 0.13870246085011187 0.1203125 0.174496644295302
392 0.0796875 0.6331096196868009 0.075 0.09619686800894854
296 0.0828125 0.5480984340044742 0.0625 0.06935123042505593
492 0.1671875 0.668903803131991 0.0734375 0.17225950782997762
466 0.25 0.6331096196868009 0.078125 0.09843400447427293
355 0.34375 0.6331096196868009 0.0953125 0.09843400447427293
410 0.4375 0.6308724832214765 0.075 0.09619686800894854
192 0.4453125 0.7158836689038032 0.0734375 0.06263982102908278
296 0.4453125 0.5436241610738255 0.0609375 0.06263982102908278
502 0.5328125 0.6308724832214765 0.078125 0.10067114093959731
296 0.5390625 0.5436241610738255 0.0640625 0.06935123042505593
392 0.625 0.6308724832214765 0.0765625 0.09843400447427293
199 0.70625 0.6308724832214765 0.078125 0.09843400447427293
520 0.7984375 0.6308724832214765 0.0890625 0.09843400447427293
17 0.9078125 0.6621923937360179 0.1203125 0.174496644295302