326 0.0828125 0.175054704595186 0.096875 0.15536105032822758
410 0.1734375 0.1422319474835886 0.071875 0.08971553610503283
546 0.1875 0.24945295404814005 0.0734375 0.11597374179431072
355 0.26875 0.1422319474835886 0.0890625 0.09190371991247265
296 0.2859375 0.061269146608315096 0.0578125 0.06345733041575492
194 0.290625 0.23194748358862144 0.0484375 0.07658643326039387
410 0.36875 0.1422319474835886 0.071875 0.09409190371991247
296 0.3703125 0.061269146608315096 0.0578125 0.061269146608315096
382 0.4640625 0.175054704595186 0.0921875 0.15536105032822758
207 0.5046875 0.05470459518599562 0.0296875 0.06345733041575492
355 0.5625 0.1422319474835886 0.0890625 0.087527352297593
410 0.653125 0.1400437636761488 0.071875 0.09190371991247265
300 0.6671875 0.2210065645514223 0.046875 0.05689277899343545
300 0.734375 0.1422319474835886 0.0703125 0.08971553610503283
502 0.8140625 0.1422319474835886 0.075 0.087527352297593
17 0.9125 0.17067833698030635 0.1140625 0.15973741794310722
297 0.05625 0.6586433260393874 0.04375 0.1575492341356674
318 0.1265625 0.6236323851203501 0.08125 0.087527352297593
465 0.19375 0.6236323851203501 0.04375 0.087527352297593
484 0.2515625 0.6236323851203501 0.053125 0.087527352297593
336 0.2578125 0.5448577680525164 0.025 0.030634573304157548
502 0.328125 0.6236323851203501 0.075 0.087527352297593
336 0.3453125 0.5492341356673961 0.025 0.03282275711159737
410 0.415625 0.6236323851203501 0.071875 0.08971553610503283
374 0.4984375 0.6258205689277899 0.0796875 0.087527352297593
199 0.5796875 0.6258205689277899 0.075 0.087527352297593
296 0.5828125 0.5448577680525164 0.059375 0.06345733041575492
392 0.6640625 0.6236323851203501 0.06875 0.09190371991247265
296 0.6671875 0.5448577680525164 0.059375 0.061269146608315096
242 0.7515625 0.6236323851203501 0.0765625 0.09190371991247265
180 0.8140625 0.6630196936542669 0.0375 0.16849015317286653