466 0.1046875 0.1447084233261339 0.0765625 0.09071274298056156
296 0.1078125 0.06047516198704104 0.0609375 0.06479481641468683
207 0.1484375 0.05183585313174946 0.03125 0.06479481641468683
297 0.184375 0.18142548596112312 0.0453125 0.15982721382289417
502 0.25 0.1447084233261339 0.0765625 0.09287257019438445
465 0.31875 0.1447084233261339 0.0421875 0.09071274298056156
318 0.3921875 0.1447084233261339 0.084375 0.09071274298056156
374 0.4828125 0.1447084233261339 0.0796875 0.09071274298056156
410 0.56875 0.14254859611231102 0.075 0.09503239740820735
193 0.5796875 0.2224622030237581 0.0625 0.058315334773218146
336 0.5875 0.06695464362850972 0.025 0.032397408207343416
411 0.6203125 0.06695464362850972 0.028125 0.023758099352051837
364 0.684375 0.17926565874730022 0.109375 0.16198704103671707
412 0.778125 0.1447084233261339 0.075 0.09287257019438445
17 0.8796875 0.17278617710583152 0.115625 0.16630669546436286
297 0.0859375 0.6760259179265659 0.046875 0.16414686825053995
355 0.1609375 0.6393088552915767 0.09375 0.09071274298056156
465 0.2359375 0.6393088552915767 0.0453125 0.09287257019438445
297 0.290625 0.6760259179265659 0.0453125 0.16630669546436286
410 0.35625 0.6393088552915767 0.0734375 0.09287257019438445
215 0.3609375 0.7192224622030238 0.0671875 0.06047516198704104
297 0.4296875 0.6781857451403888 0.0453125 0.16198704103671707
392 0.496875 0.6393088552915767 0.0734375 0.09287257019438445
199 0.578125 0.6393088552915767 0.075 0.09503239740820735
465 0.6421875 0.6393088552915767 0.04375 0.09071274298056156
297 0.6984375 0.6781857451403888 0.0453125 0.16630669546436286
484 0.75625 0.6393088552915767 0.05625 0.09071274298056156
207 0.7859375 0.5485961123110151 0.0359375 0.06479481641468683
360 0.8140625 0.6436285097192225 0.025 0.0734341252699784
360 0.834375 0.6436285097192225 0.0265625 0.0755939524838013