392 0.1 0.14508928571428573 0.0703125 0.09375
296 0.103125 0.06473214285714286 0.0578125 0.0625
374 0.1859375 0.14732142857142858 0.078125 0.09151785714285714
382 0.278125 0.18080357142857142 0.0921875 0.15848214285714285
318 0.36875 0.14732142857142858 0.078125 0.08928571428571429
336 0.3875 0.06919642857142858 0.0234375 0.033482142857142856
13 0.4796875 0.17410714285714285 0.1171875 0.16294642857142858
45 0.578125 0.14732142857142858 0.065625 0.09151785714285714
6 0.6703125 0.17410714285714285 0.1140625 0.16294642857142858
6 0.78125 0.17410714285714285 0.1109375 0.15848214285714285
10 0.903125 0.17410714285714285 0.115625 0.15848214285714285
360 0.978125 0.14955357142857142 0.0265625 0.07142857142857142
484 0.0921875 0.6316964285714286 0.0515625 0.09151785714285714
336 0.0984375 0.5558035714285714 0.0234375 0.03125
297 0.153125 0.6696428571428571 0.04375 0.16071428571428573
502 0.2171875 0.6339285714285714 0.0734375 0.08705357142857142
520 0.3046875 0.6339285714285714 0.0828125 0.09151785714285714
179 0.3921875 0.6339285714285714 0.0875 0.08928571428571429
355 0.4859375 0.6316964285714286 0.0875 0.09151785714285714
410 0.575 0.6316964285714286 0.075 0.09151785714285714
169 0.584375 0.7098214285714286 0.05625 0.05803571428571429
336 0.59375 0.5535714285714286 0.0234375 0.03125
224 0.665625 0.6339285714285714 0.0765625 0.08705357142857142
242 0.75 0.6316964285714286 0.0765625 0.08928571428571429
360 0.8078125 0.6383928571428571 0.0265625 0.07366071428571429