260 0.071875 0.1613588110403397 0.0828125 0.09341825902335456
336 0.090625 0.08280254777070063 0.0265625 0.03184713375796178
466 0.16875 0.1613588110403397 0.0796875 0.09129511677282377
296 0.171875 0.07855626326963906 0.0625 0.06157112526539278
207 0.215625 0.06794055201698514 0.0328125 0.06369426751592357
260 0.2703125 0.1613588110403397 0.08125 0.09129511677282377
224 0.3609375 0.1592356687898089 0.084375 0.09341825902335456
520 0.45625 0.1613588110403397 0.0890625 0.09129511677282377
192 0.4671875 0.23991507430997877 0.0734375 0.05732484076433121
17 0.571875 0.18895966029723993 0.1203125 0.16560509554140126
360 0.6515625 0.16560509554140126 0.0265625 0.07218683651804671
546 0.734375 0.19532908704883228 0.1078125 0.1613588110403397
392 0.8265625 0.1613588110403397 0.075 0.09129511677282377
163 0.8453125 0.26963906581740976 0.071875 0.11677282377919321
180 0.9015625 0.19957537154989385 0.0421875 0.1762208067940552
192 0.0765625 0.6624203821656051 0.0953125 0.09341825902335456
296 0.0890625 0.5774946921443737 0.0625 0.06157112526539278
392 0.1765625 0.6602972399150743 0.0734375 0.09341825902335456
159 0.1875 0.7388535031847133 0.0578125 0.05732484076433121
411 0.221875 0.583864118895966 0.0328125 0.025477707006369428
466 0.3921875 0.6602972399150743 0.078125 0.09129511677282377
296 0.3953125 0.5753715498938429 0.0625 0.06369426751592357
412 0.4828125 0.6602972399150743 0.075 0.09341825902335456
296 0.484375 0.5774946921443737 0.0609375 0.06369426751592357
520 0.5796875 0.6602972399150743 0.0875 0.09129511677282377
326 0.684375 0.6963906581740976 0.1046875 0.16348195329087048
318 0.7828125 0.6624203821656051 0.0875 0.09341825902335456
17 0.8921875 0.6900212314225053 0.1203125 0.16560509554140126
446 0.2875 0.6602972399150743 0.109375 0.09341825902335456