260 0.059375 0.12189616252821671 0.078125 0.09480812641083522
410 0.1421875 0.11963882618510158 0.071875 0.09480812641083522
198 0.1625 0.23024830699774265 0.0625 0.11512415349887133
411 0.1921875 0.04288939051918736 0.028125 0.024830699774266364
355 0.246875 0.12189616252821671 0.090625 0.09706546275395034
336 0.2703125 0.040632054176072234 0.0234375 0.03160270880361174
17 0.3609375 0.1489841986455982 0.1140625 0.16930022573363432
260 0.059375 0.6230248306997742 0.0796875 0.09255079006772009
336 0.0765625 0.5417607223476298 0.025 0.03160270880361174
318 0.153125 0.6230248306997742 0.084375 0.09255079006772009
336 0.1734375 0.5440180586907449 0.025 0.03160270880361174
16 0.2609375 0.6523702031602708 0.1140625 0.16478555304740405
297 0.3453125 0.6591422121896162 0.0453125 0.16930022573363432
466 0.4140625 0.6230248306997742 0.075 0.09480812641083522
193 0.425 0.7020316027088036 0.0609375 0.05417607223476298
297 0.4859375 0.6591422121896162 0.04375 0.1670428893905192
392 0.5484375 0.6230248306997742 0.071875 0.09255079006772009
410 0.63125 0.6230248306997742 0.0734375 0.09480812641083522
215 0.634375 0.7042889390519187 0.0640625 0.060948081264108354
502 0.715625 0.6207674943566591 0.075 0.09029345372460497
336 0.7328125 0.5417607223476298 0.0234375 0.03160270880361174
355 0.8109375 0.6230248306997742 0.0890625 0.09480812641083522
17 0.9203125 0.6501128668171557 0.1140625 0.16930022573363432