318 0.109375 0.13122171945701358 0.08125 0.09276018099547512
374 0.196875 0.13122171945701358 0.078125 0.09276018099547512
21 0.3 0.16063348416289594 0.1140625 0.16968325791855204
360 0.3765625 0.1334841628959276 0.028125 0.07692307692307693
374 0.4421875 0.13122171945701358 0.0765625 0.09049773755656108
17 0.5421875 0.16063348416289594 0.1140625 0.167420814479638
466 0.109375 0.6334841628959276 0.075 0.09502262443438914
296 0.1125 0.5475113122171946 0.059375 0.06334841628959276
546 0.209375 0.667420814479638 0.0984375 0.16515837104072398
318 0.303125 0.6312217194570136 0.0828125 0.09502262443438914
374 0.390625 0.6334841628959276 0.0765625 0.09728506787330317
412 0.4734375 0.6312217194570136 0.0734375 0.09728506787330317
297 0.5390625 0.667420814479638 0.04375 0.167420814479638
410 0.6046875 0.6312217194570136 0.0734375 0.09728506787330317
159 0.6125 0.7104072398190046 0.05625 0.05656108597285068
465 0.6703125 0.6312217194570136 0.0453125 0.08823529411764706
242 0.740625 0.6312217194570136 0.075 0.09502262443438914
180 0.803125 0.6719457013574661 0.040625 0.17420814479638008