260 0.0875 0.16122004357298475 0.078125 0.08932461873638345
374 0.1734375 0.16339869281045752 0.078125 0.08932461873638345
16 0.2734375 0.19172113289760348 0.1140625 0.16339869281045752
502 0.3734375 0.16122004357298475 0.075 0.09368191721132897
192 0.3796875 0.23965141612200436 0.0703125 0.05664488017429194
374 0.4625 0.16339869281045752 0.078125 0.08932461873638345
318 0.55 0.16122004357298475 0.08125 0.08932461873638345
336 0.5703125 0.08714596949891068 0.021875 0.034858387799564274
410 0.640625 0.16122004357298475 0.06875 0.08932461873638345
178 0.65625 0.2679738562091503 0.0734375 0.11546840958605664
502 0.73125 0.16339869281045752 0.075 0.08932461873638345
543 0.7375 0.2636165577342048 0.0890625 0.10239651416122005
336 0.75625 0.08496732026143791 0.0265625 0.032679738562091505
318 0.83125 0.16122004357298475 0.0828125 0.08932461873638345
15 0.9375 0.1895424836601307 0.115625 0.16122004357298475
104 0.0828125 0.644880174291939 0.0703125 0.09803921568627451
296 0.0859375 0.5664488017429193 0.0578125 0.06100217864923747
410 0.16875 0.6470588235294118 0.071875 0.0915032679738562
164 0.1796875 0.7233115468409586 0.053125 0.058823529411764705
466 0.25625 0.6470588235294118 0.0734375 0.09586056644880174
318 0.3421875 0.6470588235294118 0.08125 0.08932461873638345
336 0.3625 0.5686274509803921 0.0234375 0.030501089324618737
318 0.4359375 0.6470588235294118 0.0828125 0.08714596949891068
17 0.540625 0.6753812636165577 0.1140625 0.16339869281045752