13 0.1015625 0.1425339366515837 0.115625 0.16515837104072398
45 0.2015625 0.11538461538461539 0.065625 0.08823529411764706
6 0.2921875 0.1425339366515837 0.1109375 0.16289592760180996
6 0.403125 0.1425339366515837 0.1125 0.16289592760180996
10 0.5234375 0.14479638009049775 0.1109375 0.16289592760180996
574 0.6296875 0.11312217194570136 0.084375 0.08823529411764706
411 0.675 0.04072398190045249 0.0265625 0.02262443438914027
355 0.728125 0.11538461538461539 0.0875 0.09049773755656108
336 0.7515625 0.03619909502262444 0.021875 0.029411764705882353
410 0.821875 0.11538461538461539 0.06875 0.09049773755656108
336 0.8375 0.038461538461538464 0.021875 0.03167420814479638
520 0.0859375 0.6063348416289592 0.08125 0.09049773755656108
296 0.0953125 0.5226244343891403 0.0578125 0.058823529411764705
484 0.165625 0.6063348416289592 0.0515625 0.08823529411764706
336 0.171875 0.5271493212669683 0.0234375 0.029411764705882353
410 0.2421875 0.6063348416289592 0.0703125 0.09276018099547512
169 0.2515625 0.6832579185520362 0.0546875 0.058823529411764705
296 0.2484375 0.5226244343891403 0.0578125 0.06108597285067873
14 0.35625 0.6334841628959276 0.1265625 0.16289592760180996
21 0.48125 0.6357466063348416 0.109375 0.16515837104072398
297 0.565625 0.6425339366515838 0.0421875 0.16063348416289594
118 0.6296875 0.6040723981900452 0.0765625 0.09049773755656108
164 0.634375 0.6832579185520362 0.053125 0.058823529411764705
465 0.6890625 0.6040723981900452 0.04375 0.09049773755656108
474 0.765625 0.6402714932126696 0.0875 0.16063348416289594
21 0.8671875 0.6357466063348416 0.1140625 0.16289592760180996
360 0.94375 0.6108597285067874 0.0265625 0.07692307692307693