392 0.103125 0.16079295154185022 0.0734375 0.09251101321585903
296 0.10625 0.07709251101321586 0.059375 0.06387665198237885
374 0.19375 0.16079295154185022 0.0796875 0.09030837004405286
296 0.1984375 0.07709251101321586 0.0609375 0.06387665198237885
411 0.2421875 0.08149779735682819 0.0265625 0.024229074889867842
355 0.2984375 0.15859030837004406 0.090625 0.09030837004405286
466 0.39375 0.16079295154185022 0.075 0.09251101321585903
336 0.409375 0.07929515418502203 0.025 0.03303964757709251
297 0.4671875 0.19823788546255505 0.0453125 0.16740088105726872
471 0.540625 0.19162995594713655 0.103125 0.15638766519823788
502 0.6359375 0.16079295154185022 0.0765625 0.09030837004405286
215 0.6421875 0.24008810572687225 0.0671875 0.05726872246696035
502 0.7234375 0.16079295154185022 0.0734375 0.0947136563876652
336 0.740625 0.08149779735682819 0.0234375 0.030837004405286344
21 0.1171875 0.6894273127753304 0.1171875 0.16740088105726872
60 0.2265625 0.6651982378854625 0.0875 0.11013215859030837
15 0.334375 0.6916299559471366 0.1203125 0.16740088105726872
574 0.446875 0.6607929515418502 0.0890625 0.09251101321585903
411 0.4953125 0.5837004405286343 0.0296875 0.022026431718061675
466 0.546875 0.6585903083700441 0.0765625 0.09030837004405286
260 0.63125 0.6607929515418502 0.0796875 0.09251101321585903
413 0.71875 0.6894273127753304 0.0875 0.14977973568281938
26 0.7859375 0.6607929515418502 0.0375 0.08590308370044053
413 0.8578125 0.6894273127753304 0.0890625 0.15418502202643172
28 0.940625 0.6651982378854625 0.0640625 0.10792951541850221