318 0.0875 0.12778904665314403 0.090625 0.09330628803245436
336 0.109375 0.0486815415821501 0.0265625 0.032454361054766734
410 0.1875 0.1257606490872211 0.08125 0.09330628803245436
336 0.203125 0.0486815415821501 0.0265625 0.030425963488843813
392 0.28125 0.12778904665314403 0.078125 0.08924949290060852
296 0.284375 0.04462474645030426 0.0671875 0.06288032454361055
410 0.375 0.1257606490872211 0.08125 0.09330628803245436
187 0.390625 0.20892494929006086 0.05 0.06490872210953347
260 0.471875 0.12778904665314403 0.0875 0.09330628803245436
336 0.490625 0.0486815415821501 0.0265625 0.030425963488843813
297 0.553125 0.1643002028397566 0.05 0.1663286004056795
471 0.634375 0.16024340770791076 0.10625 0.15821501014198783
465 0.7125 0.12778904665314403 0.0484375 0.09330628803245436
300 0.7859375 0.1257606490872211 0.0796875 0.09127789046653144
484 0.80625 0.20892494929006086 0.04375 0.060851926977687626
16 0.896875 0.15821501014198783 0.1234375 0.16835699797160245
502 0.084375 0.6227180527383367 0.0828125 0.09127789046653144
546 0.1015625 0.7322515212981744 0.08125 0.11764705882352941
260 0.1875 0.6206896551724138 0.0859375 0.09127789046653144
336 0.2078125 0.5436105476673428 0.028125 0.032454361054766734
318 0.2890625 0.6227180527383367 0.0890625 0.09330628803245436
336 0.3109375 0.5436105476673428 0.025 0.032454361054766734
374 0.3921875 0.6206896551724138 0.0859375 0.09330628803245436
198 0.4171875 0.7302231237322515 0.0703125 0.11561866125760649
374 0.4953125 0.6227180527383367 0.0875 0.09330628803245436
336 0.515625 0.5436105476673428 0.0265625 0.030425963488843813
411 0.55 0.5456389452332657 0.0328125 0.02636916835699797
364 0.6171875 0.6572008113590264 0.115625 0.16227180527383367
412 0.71875 0.6206896551724138 0.0796875 0.09127789046653144
17 0.828125 0.6511156186612576 0.1265625 0.16835699797160245