520 0.0890625 0.14988290398126464 0.0796875 0.08899297423887588
296 0.096875 0.06791569086651054 0.0546875 0.06323185011709602
207 0.1359375 0.0585480093676815 0.0296875 0.06323185011709602
224 0.1828125 0.14988290398126464 0.0734375 0.09133489461358314
318 0.265625 0.14988290398126464 0.0765625 0.09133489461358314
336 0.284375 0.07259953161592506 0.021875 0.03044496487119438
355 0.359375 0.14988290398126464 0.0859375 0.08899297423887588
336 0.3859375 0.07259953161592506 0.021875 0.03278688524590164
169 0.3765625 0.22716627634660422 0.05 0.0585480093676815
60 0.4578125 0.15690866510538642 0.0796875 0.10772833723653395
297 0.5265625 0.18501170960187355 0.04375 0.16393442622950818
410 0.5859375 0.14754098360655737 0.0671875 0.0936768149882904
169 0.5953125 0.22716627634660422 0.0515625 0.05620608899297424
465 0.6484375 0.14988290398126464 0.0421875 0.08665105386416862
297 0.7 0.18501170960187355 0.040625 0.16159250585480095
410 0.7609375 0.14988290398126464 0.0671875 0.0936768149882904
502 0.8375 0.1522248243559719 0.06875 0.09133489461358314
336 0.8515625 0.0702576112412178 0.021875 0.03044496487119438
318 0.921875 0.14988290398126464 0.0765625 0.09133489461358314
297 0.0703125 0.6744730679156908 0.040625 0.16393442622950818
466 0.134375 0.639344262295082 0.0703125 0.0936768149882904
222 0.134375 0.5597189695550351 0.0234375 0.03044496487119438
207 0.175 0.5480093676814989 0.03125 0.06323185011709602
502 0.221875 0.639344262295082 0.06875 0.09133489461358314
336 0.2359375 0.5620608899297423 0.021875 0.03044496487119438
14 0.33125 0.667447306791569 0.125 0.16159250585480095
222 0.3203125 0.5597189695550351 0.0234375 0.03044496487119438
6 0.446875 0.667447306791569 0.10625 0.16393442622950818
297 0.528125 0.6768149882903981 0.0421875 0.16159250585480095
556 0.5890625 0.639344262295082 0.0703125 0.09133489461358314
207 0.6265625 0.5480093676814989 0.0328125 0.06323185011709602
465 0.653125 0.639344262295082 0.04375 0.08899297423887588
15 0.7390625 0.667447306791569 0.109375 0.16393442622950818
10 0.8546875 0.6697892271662763 0.1078125 0.1592505854800937