484 0.0765625 0.12337662337662338 0.0578125 0.09307359307359307
410 0.153125 0.12121212121212122 0.0765625 0.09740259740259741
192 0.159375 0.20346320346320346 0.0765625 0.06060606060606061
336 0.1734375 0.04112554112554113 0.0234375 0.032467532467532464
411 0.2046875 0.04329004329004329 0.0296875 0.021645021645021644
360 0.2328125 0.12987012987012986 0.0265625 0.0735930735930736
360 0.2546875 0.1277056277056277 0.0265625 0.07575757575757576
297 0.303125 0.16017316017316016 0.0484375 0.16883116883116883
107 0.3734375 0.15367965367965367 0.10625 0.16883116883116883
502 0.4734375 0.12337662337662338 0.08125 0.09523809523809523
215 0.4796875 0.20562770562770563 0.06875 0.06493506493506493
502 0.565625 0.12337662337662338 0.0796875 0.09307359307359307
336 0.5828125 0.04112554112554113 0.0265625 0.032467532467532464
318 0.6625 0.12337662337662338 0.0875 0.09307359307359307
336 0.684375 0.04329004329004329 0.025 0.030303030303030304
410 0.759375 0.12337662337662338 0.0765625 0.09740259740259741
336 0.775 0.04112554112554113 0.0265625 0.032467532467532464
392 0.0859375 0.6341991341991342 0.0765625 0.09523809523809523
296 0.0890625 0.5476190476190477 0.0609375 0.06493506493506493
492 0.1734375 0.6688311688311688 0.075 0.16666666666666666
466 0.2578125 0.6320346320346321 0.0796875 0.09523809523809523
355 0.353125 0.6320346320346321 0.0953125 0.09523809523809523
410 0.4484375 0.6320346320346321 0.0765625 0.09523809523809523
194 0.4609375 0.7272727272727273 0.0515625 0.07792207792207792
336 0.46875 0.551948051948052 0.0234375 0.032467532467532464
374 0.5453125 0.6320346320346321 0.0828125 0.09307359307359307
296 0.553125 0.5476190476190477 0.0625 0.06493506493506493
297 0.625 0.670995670995671 0.0453125 0.16883116883116883
502 0.69375 0.6320346320346321 0.078125 0.09307359307359307
215 0.7 0.7164502164502164 0.0703125 0.06277056277056277
465 0.7671875 0.6320346320346321 0.0484375 0.09090909090909091
297 0.8234375 0.670995670995671 0.046875 0.16883116883116883
410 0.89375 0.6320346320346321 0.0765625 0.09523809523809523