466 0.0796875 0.14870689655172414 0.0765625 0.09051724137931035
296 0.0828125 0.0668103448275862 0.0609375 0.0625
410 0.16875 0.14655172413793102 0.075 0.09482758620689655
215 0.1734375 0.22844827586206898 0.0671875 0.05818965517241379
336 0.1875 0.07112068965517242 0.0265625 0.032327586206896554
411 0.21875 0.07327586206896551 0.0296875 0.023706896551724137
574 0.275 0.14870689655172414 0.0890625 0.09267241379310345
411 0.321875 0.07327586206896551 0.0296875 0.021551724137931036
392 0.3671875 0.14870689655172414 0.071875 0.09051724137931035
296 0.371875 0.0668103448275862 0.0609375 0.0625
297 0.440625 0.1853448275862069 0.0453125 0.16379310344827586
412 0.5078125 0.14870689655172414 0.071875 0.09051724137931035
465 0.5703125 0.14870689655172414 0.0453125 0.09051724137931035
410 0.6421875 0.14655172413793102 0.075 0.09267241379310345
199 0.7234375 0.15086206896551724 0.078125 0.09051724137931035
222 0.7265625 0.06896551724137931 0.025 0.032327586206896554
336 0.7453125 0.07112068965517242 0.0234375 0.03017241379310345
207 0.775 0.05603448275862069 0.03125 0.0625
392 0.821875 0.14870689655172414 0.0734375 0.09267241379310345
502 0.90625 0.14870689655172414 0.0765625 0.09267241379310345
336 0.921875 0.07112068965517242 0.025 0.03017241379310345
297 0.0609375 0.6767241379310345 0.0453125 0.16379310344827586
355 0.1359375 0.6400862068965517 0.0921875 0.09051724137931035
465 0.209375 0.6400862068965517 0.046875 0.08836206896551724
392 0.2796875 0.6422413793103449 0.075 0.09051724137931035
336 0.29375 0.5625 0.025 0.034482758620689655
520 0.3734375 0.6400862068965517 0.0875 0.09051724137931035
296 0.3859375 0.5581896551724138 0.059375 0.0603448275862069
194 0.3921875 0.7306034482758621 0.05 0.07543103448275862
17 0.4890625 0.6702586206896551 0.1171875 0.16594827586206898
6 0.60625 0.6702586206896551 0.1171875 0.16379310344827586
60 0.7140625 0.646551724137931 0.0859375 0.10775862068965517
15 0.825 0.6702586206896551 0.11875 0.16163793103448276