146 0.0640625 0.15144230769230768 0.065625 0.15144230769230768
60 0.1453125 0.12980769230769232 0.0796875 0.11057692307692307
466 0.23125 0.12259615384615384 0.0703125 0.09375
260 0.3125 0.12259615384615384 0.0734375 0.0985576923076923
484 0.384375 0.12259615384615384 0.0515625 0.09375
336 0.3890625 0.04326923076923077 0.021875 0.03365384615384615
297 0.4421875 0.16105769230769232 0.0421875 0.16826923076923078
502 0.50625 0.12259615384615384 0.071875 0.09134615384615384
22 0.609375 0.15384615384615385 0.1203125 0.17067307692307693
224 0.06875 0.6346153846153846 0.078125 0.09615384615384616
296 0.075 0.5480769230769231 0.05625 0.06490384615384616
207 0.1140625 0.5408653846153846 0.028125 0.06490384615384616
364 0.175 0.6730769230769231 0.1015625 0.1658653846153846
318 0.26875 0.6346153846153846 0.0765625 0.09615384615384616
374 0.353125 0.6346153846153846 0.075 0.09615384615384616
336 0.36875 0.5528846153846154 0.0234375 0.03365384615384615
520 0.4453125 0.6346153846153846 0.08125 0.09375
502 0.528125 0.6346153846153846 0.0734375 0.09375
169 0.5375 0.7163461538461539 0.053125 0.057692307692307696
336 0.546875 0.5528846153846154 0.0234375 0.03125
224 0.61875 0.6346153846153846 0.075 0.09375
336 0.6359375 0.5528846153846154 0.0234375 0.03365384615384615
260 0.7078125 0.6346153846153846 0.0734375 0.09615384615384616
411 0.7484375 0.5552884615384616 0.0265625 0.02403846153846154
318 0.796875 0.6346153846153846 0.0796875 0.09375
336 0.815625 0.5528846153846154 0.021875 0.03125
374 0.884375 0.6346153846153846 0.0734375 0.09615384615384616
198 0.9078125 0.7475961538461539 0.059375 0.11778846153846154