374 0.06875 0.1461864406779661 0.084375 0.09110169491525423
336 0.0859375 0.06567796610169492 0.0265625 0.029661016949152543
411 0.11875 0.06991525423728813 0.0296875 0.025423728813559324
364 0.1859375 0.18220338983050846 0.1125 0.1652542372881356
412 0.2828125 0.1440677966101695 0.0765625 0.09322033898305085
410 0.36875 0.1440677966101695 0.0765625 0.09322033898305085
169 0.378125 0.2266949152542373 0.059375 0.057203389830508475
410 0.4609375 0.1461864406779661 0.0765625 0.09957627118644068
199 0.54375 0.1461864406779661 0.08125 0.09110169491525423
296 0.55 0.0614406779661017 0.0640625 0.06567796610169492
392 0.6359375 0.1461864406779661 0.075 0.09110169491525423
159 0.6484375 0.2266949152542373 0.0578125 0.057203389830508475
420 0.734375 0.18220338983050846 0.09375 0.1673728813559322
410 0.825 0.1461864406779661 0.078125 0.09745762711864407
17 0.9296875 0.17584745762711865 0.1234375 0.1694915254237288
224 0.06875 0.6483050847457628 0.0859375 0.09533898305084745
296 0.0765625 0.565677966101695 0.0625 0.0635593220338983
207 0.1203125 0.5550847457627118 0.0359375 0.0635593220338983
355 0.178125 0.6483050847457628 0.096875 0.09533898305084745
296 0.1921875 0.565677966101695 0.0625 0.06567796610169492
374 0.2828125 0.6483050847457628 0.0828125 0.09322033898305085
410 0.3734375 0.6483050847457628 0.078125 0.09533898305084745
191 0.3953125 0.7584745762711864 0.06875 0.11864406779661017
520 0.475 0.6504237288135594 0.0890625 0.09533898305084745
17 0.5875 0.6800847457627118 0.121875 0.1716101694915254
360 0.671875 0.6546610169491526 0.028125 0.07203389830508475
360 0.6953125 0.6546610169491526 0.0265625 0.07415254237288135
61 0.7625 0.6483050847457628 0.0859375 0.09322033898305085
520 0.8515625 0.6504237288135594 0.090625 0.09110169491525423