124 0.065625 0.1603563474387528 0.08125 0.155902004454343
471 0.153125 0.15812917594654788 0.096875 0.1514476614699332
336 0.1796875 0.051224944320712694 0.0234375 0.028953229398663696
318 0.253125 0.12694877505567928 0.0796875 0.08908685968819599
539 0.346875 0.16258351893095768 0.090625 0.15812917594654788
360 0.4078125 0.133630289532294 0.025 0.06904231625835189
392 0.4671875 0.12694877505567928 0.06875 0.08908685968819599
296 0.4703125 0.0467706013363029 0.0578125 0.060133630289532294
374 0.553125 0.12694877505567928 0.0765625 0.08908685968819599
382 0.6453125 0.1603563474387528 0.090625 0.155902004454343
318 0.7328125 0.12694877505567928 0.0796875 0.08908685968819599
336 0.753125 0.051224944320712694 0.021875 0.028953229398663696
355 0.0703125 0.6102449888641426 0.0875 0.08908685968819599
296 0.08125 0.5278396436525612 0.0578125 0.060133630289532294
520 0.16875 0.6102449888641426 0.08125 0.08685968819599109
296 0.178125 0.5278396436525612 0.05625 0.060133630289532294
484 0.25 0.6102449888641426 0.053125 0.08908685968819599
412 0.31875 0.6080178173719376 0.0703125 0.09131403118040089
410 0.3984375 0.6080178173719376 0.0703125 0.09131403118040089
215 0.4015625 0.688195991091314 0.0625 0.05790645879732739
296 0.403125 0.5300668151447662 0.0578125 0.060133630289532294
207 0.44375 0.5189309576837416 0.0296875 0.062360801781737196
546 0.503125 0.643652561247216 0.096875 0.155902004454343
374 0.59375 0.6102449888641426 0.0734375 0.08908685968819599
21 0.6953125 0.6391982182628062 0.109375 0.155902004454343
360 0.76875 0.6146993318485523 0.025 0.07126948775055679
118 0.83125 0.6102449888641426 0.0765625 0.08685968819599109
224 0.9078125 0.6102449888641426 0.0765625 0.08908685968819599
546 0.925 0.7149220489977728 0.0703125 0.111358574610245