242 0.0984375 0.1824175824175824 0.075 0.08791208791208792
336 0.115625 0.1076923076923077 0.0234375 0.03076923076923077
374 0.1875 0.1824175824175824 0.075 0.09010989010989011
336 0.2046875 0.1076923076923077 0.025 0.02857142857142857
14 0.3015625 0.2087912087912088 0.125 0.15604395604395604
360 0.3859375 0.18681318681318682 0.0234375 0.07252747252747253
360 0.4078125 0.18461538461538463 0.0234375 0.07472527472527472
61 0.4703125 0.1824175824175824 0.0765625 0.08571428571428572
296 0.46875 0.10329670329670329 0.0578125 0.05934065934065934
374 0.5515625 0.18461538461538463 0.0734375 0.08571428571428572
336 0.56875 0.1054945054945055 0.021875 0.02857142857142857
355 0.646875 0.1824175824175824 0.0890625 0.09010989010989011
296 0.6625 0.10329670329670329 0.0578125 0.05934065934065934
192 0.659375 0.25934065934065936 0.06875 0.05714285714285714
484 0.734375 0.1824175824175824 0.053125 0.08791208791208792
296 0.7265625 0.10329670329670329 0.059375 0.06153846153846154
19 0.8296875 0.210989010989011 0.1109375 0.15824175824175823
451 0.1203125 0.6923076923076923 0.11875 0.15604395604395604
336 0.15625 0.5846153846153846 0.0234375 0.02857142857142857
520 0.2328125 0.6615384615384615 0.0828125 0.09230769230769231
355 0.3234375 0.6593406593406593 0.0890625 0.09230769230769231
297 0.3984375 0.6967032967032967 0.04375 0.15824175824175823
355 0.4703125 0.6615384615384615 0.0890625 0.08791208791208792
392 0.55625 0.6615384615384615 0.06875 0.08791208791208792
297 0.621875 0.6967032967032967 0.04375 0.16043956043956045
410 0.684375 0.6593406593406593 0.0703125 0.09230769230769231
180 0.74375 0.6989010989010989 0.0390625 0.16483516483516483
392 0.80625 0.6593406593406593 0.06875 0.09230769230769231
484 0.8765625 0.6593406593406593 0.053125 0.08791208791208792
411 0.9046875 0.589010989010989 0.028125 0.026373626373626374