360 0.059375 0.13176470588235295 0.025 0.07294117647058823
300 0.1109375 0.12705882352941175 0.0640625 0.09411764705882353
413 0.190625 0.15764705882352942 0.0828125 0.15294117647058825
30 0.29375 0.1223529411764706 0.0984375 0.1011764705882353
466 0.384375 0.12705882352941175 0.071875 0.09411764705882353
484 0.4015625 0.20941176470588235 0.0375 0.0611764705882353
336 0.403125 0.047058823529411764 0.0234375 0.03294117647058824
15 0.4921875 0.15764705882352942 0.1125 0.16941176470588235
413 0.590625 0.15529411764705883 0.084375 0.15294117647058825
26 0.6578125 0.12470588235294118 0.0328125 0.08705882352941176
413 0.725 0.15529411764705883 0.0828125 0.15529411764705883
28 0.8046875 0.13411764705882354 0.0609375 0.11058823529411765
360 0.8640625 0.13176470588235295 0.025 0.07529411764705882
360 0.8859375 0.12941176470588237 0.0234375 0.07529411764705882
374 0.084375 0.6376470588235295 0.0765625 0.09176470588235294
296 0.0890625 0.5529411764705883 0.0578125 0.06352941176470588
224 0.1734375 0.6376470588235295 0.0765625 0.09411764705882353
336 0.1921875 0.5576470588235294 0.0234375 0.03058823529411765
180 0.2421875 0.6776470588235294 0.040625 0.17411764705882352
374 0.3078125 0.6376470588235295 0.075 0.09647058823529411
410 0.390625 0.6376470588235295 0.0703125 0.09647058823529411
191 0.409375 0.7505882352941177 0.0609375 0.12
22 0.503125 0.668235294117647 0.11875 0.17176470588235293
360 0.5828125 0.6447058823529411 0.0234375 0.07529411764705882
124 0.6484375 0.6729411764705883 0.0796875 0.16470588235294117
471 0.734375 0.6729411764705883 0.096875 0.16
336 0.7609375 0.5576470588235294 0.0234375 0.03058823529411765
318 0.834375 0.6376470588235295 0.08125 0.09176470588235294
539 0.9296875 0.6752941176470588 0.0921875 0.16941176470588235