392 0.09375 0.13799283154121864 0.090625 0.09498207885304659
296 0.096875 0.05555555555555555 0.075 0.06451612903225806
297 0.1828125 0.17562724014336917 0.05625 0.16845878136200718
392 0.2640625 0.13978494623655913 0.090625 0.0931899641577061
465 0.34375 0.13978494623655913 0.0578125 0.0931899641577061
520 0.4375 0.13978494623655913 0.10625 0.09498207885304659
336 0.4640625 0.05913978494623656 0.0296875 0.034050179211469536
466 0.559375 0.13978494623655913 0.09375 0.0931899641577061
222 0.5625 0.05734767025089606 0.03125 0.03046594982078853
502 0.6703125 0.13978494623655913 0.096875 0.0931899641577061
336 0.690625 0.05913978494623656 0.03125 0.03225806451612903
466 0.7859375 0.13978494623655913 0.09375 0.0967741935483871
484 0.8765625 0.13978494623655913 0.0703125 0.09498207885304659
466 0.0984375 0.6200716845878136 0.09375 0.0913978494623656
296 0.103125 0.53584229390681 0.0765625 0.06451612903225806
410 0.209375 0.6200716845878136 0.0921875 0.09498207885304659
296 0.2125 0.53584229390681 0.075 0.06272401433691756
374 0.3203125 0.6200716845878136 0.1 0.09498207885304659
336 0.34375 0.5394265232974911 0.0296875 0.03225806451612903
520 0.440625 0.6200716845878136 0.10625 0.09498207885304659
336 0.4671875 0.5394265232974911 0.0296875 0.03046594982078853
326 0.5734375 0.6541218637992832 0.125 0.16666666666666666
410 0.6859375 0.6200716845878136 0.090625 0.0967741935483871
546 0.7046875 0.7311827956989247 0.09375 0.11648745519713262
14 0.8359375 0.6505376344086021 0.1625 0.17025089605734767