392 0.0609375 0.14437367303609341 0.071875 0.0870488322717622
296 0.0640625 0.06581740976645435 0.0609375 0.06157112526539278
392 0.146875 0.1464968152866242 0.0734375 0.08917197452229299
203 0.2359375 0.18046709129511676 0.0921875 0.15711252653927812
224 0.325 0.14437367303609341 0.0796875 0.0870488322717622
193 0.3375 0.2229299363057325 0.0609375 0.055201698513800426
336 0.3484375 0.06794055201698514 0.025 0.03184713375796178
355 0.428125 0.1464968152866242 0.090625 0.08917197452229299
502 0.5203125 0.1464968152866242 0.0765625 0.08917197452229299
336 0.5390625 0.07006369426751592 0.0234375 0.03184713375796178
355 0.61875 0.1464968152866242 0.0921875 0.09129511677282377
410 0.709375 0.14437367303609341 0.075 0.09129511677282377
484 0.728125 0.22505307855626328 0.0421875 0.05732484076433121
336 0.7296875 0.07006369426751592 0.025 0.029723991507430998
502 0.8015625 0.1464968152866242 0.078125 0.09129511677282377
296 0.80625 0.06581740976645435 0.0609375 0.059447983014861996
22 0.915625 0.1740976645435244 0.125 0.1613588110403397
520 0.06875 0.6263269639065817 0.0859375 0.08917197452229299
296 0.0765625 0.5456475583864119 0.0609375 0.06157112526539278
207 0.11875 0.5371549893842887 0.03125 0.06157112526539278
224 0.1703125 0.6263269639065817 0.0828125 0.09129511677282377
318 0.2609375 0.6263269639065817 0.084375 0.08917197452229299
336 0.28125 0.5477707006369427 0.0234375 0.029723991507430998
358 0.378125 0.6602972399150743 0.125 0.1592356687898089
260 0.4875 0.6263269639065817 0.08125 0.08917197452229299
336 0.50625 0.5498938428874734 0.0265625 0.029723991507430998