13 0.1046875 0.1543942992874109 0.1078125 0.16152019002375298
45 0.1984375 0.12351543942992874 0.0625 0.08788598574821853
6 0.284375 0.1543942992874109 0.10625 0.16152019002375298
6 0.3875 0.15201900237529692 0.10625 0.16152019002375298
10 0.5015625 0.1543942992874109 0.1078125 0.16389548693586697
360 0.5765625 0.13064133016627077 0.025 0.07363420427553444
360 0.596875 0.12826603325415678 0.0234375 0.07600950118764846
60 0.65625 0.13064133016627077 0.0765625 0.10688836104513064
410 0.7375 0.12351543942992874 0.0671875 0.09026128266033254
336 0.7515625 0.047505938242280284 0.021875 0.030878859857482184
318 0.0875 0.6128266033254157 0.075 0.09026128266033254
260 0.1703125 0.6128266033254157 0.071875 0.09263657957244656
374 0.2484375 0.6128266033254157 0.071875 0.09026128266033254
180 0.3078125 0.6508313539192399 0.0375 0.171021377672209
556 0.36875 0.6128266033254157 0.0671875 0.09026128266033254
260 0.4453125 0.6128266033254157 0.071875 0.08788598574821853
180 0.503125 0.6508313539192399 0.0375 0.16864608076009502
318 0.56875 0.6128266033254157 0.075 0.09026128266033254
336 0.5875 0.5344418052256532 0.021875 0.028503562945368172
297 0.6390625 0.6484560570071259 0.040625 0.16152019002375298
260 0.7015625 0.6104513064133017 0.071875 0.09026128266033254
318 0.7828125 0.6128266033254157 0.075 0.09026128266033254
15 0.88125 0.6389548693586699 0.1078125 0.16152019002375298