326 0.0984375 0.17748091603053434 0.115625 0.16603053435114504
410 0.20625 0.14122137404580154 0.0890625 0.09732824427480916
546 0.2234375 0.25572519083969464 0.0875 0.1183206106870229
355 0.325 0.1431297709923664 0.109375 0.09541984732824428
296 0.3421875 0.05916030534351145 0.0703125 0.0648854961832061
194 0.35 0.2366412213740458 0.0578125 0.08015267175572519
410 0.44375 0.1431297709923664 0.0890625 0.09541984732824428
392 0.5390625 0.1450381679389313 0.084375 0.0916030534351145
199 0.634375 0.1431297709923664 0.0890625 0.09541984732824428
336 0.653125 0.06297709923664122 0.0296875 0.03244274809160305
374 0.740625 0.1431297709923664 0.09375 0.09541984732824428
192 0.7515625 0.22519083969465647 0.0828125 0.061068702290076333
17 0.86875 0.1736641221374046 0.1359375 0.16984732824427481
520 0.0921875 0.6545801526717557 0.1015625 0.09351145038167939
296 0.103125 0.5706106870229007 0.0703125 0.0648854961832061
400 0.2109375 0.6908396946564885 0.1046875 0.16984732824427481
318 0.315625 0.6545801526717557 0.1 0.09541984732824428
410 0.4203125 0.6545801526717557 0.090625 0.09541984732824428
215 0.4234375 0.7366412213740458 0.0796875 0.061068702290076333
296 0.4265625 0.5687022900763359 0.0734375 0.0648854961832061
400 0.534375 0.6908396946564885 0.10625 0.16603053435114504
318 0.640625 0.6545801526717557 0.0984375 0.09541984732824428
17 0.765625 0.683206106870229 0.1359375 0.16984732824427481