392 0.0796875 0.15831663326653306 0.0796875 0.09218436873747494
296 0.084375 0.07414829659318638 0.065625 0.06212424849699399
410 0.1765625 0.15430861723446893 0.08125 0.09418837675350701
164 0.1890625 0.23446893787575152 0.0625 0.05811623246492986
364 0.290625 0.19438877755511022 0.1203125 0.16633266533066132
466 0.3984375 0.156312625250501 0.0828125 0.09418837675350701
179 0.490625 0.15831663326653306 0.09375 0.09218436873747494
355 0.5984375 0.15831663326653306 0.1015625 0.09418837675350701
260 0.703125 0.156312625250501 0.0890625 0.09218436873747494
296 0.709375 0.07214428857715431 0.065625 0.06412825651302605
392 0.8 0.15831663326653306 0.08125 0.09218436873747494
336 0.8171875 0.0781563126252505 0.028125 0.03006012024048096
502 0.8984375 0.15831663326653306 0.084375 0.09418837675350701
336 0.9171875 0.0781563126252505 0.028125 0.03206412825651302
360 0.9671875 0.16032064128256512 0.0328125 0.07414829659318638
466 0.0859375 0.657314629258517 0.0828125 0.09619238476953908
296 0.0890625 0.5751503006012024 0.0671875 0.06412825651302605
392 0.18125 0.657314629258517 0.08125 0.09218436873747494
163 0.2 0.7655310621242485 0.078125 0.11623246492985972
318 0.2875 0.657314629258517 0.09375 0.09418837675350701
520 0.390625 0.6593186372745491 0.0953125 0.09218436873747494
192 0.4015625 0.7374749498997996 0.0765625 0.05811623246492986
296 0.403125 0.5751503006012024 0.065625 0.06412825651302605
224 0.5 0.657314629258517 0.0890625 0.09418837675350701
336 0.521875 0.5791583166332666 0.0265625 0.03006012024048096
337 0.6046875 0.657314629258517 0.0875 0.09218436873747494
355 0.7078125 0.657314629258517 0.1015625 0.09218436873747494
17 0.8296875 0.687374749498998 0.1265625 0.1683366733466934
360 0.915625 0.6613226452905812 0.0296875 0.07615230460921844