318 0.0734375 0.1487964989059081 0.08125 0.09190371991247265
336 0.09375 0.0700218818380744 0.025 0.030634573304157548
411 0.125 0.07221006564551423 0.0296875 0.0262582056892779
300 0.16875 0.14660831509846828 0.071875 0.087527352297593
466 0.2515625 0.1487964989059081 0.075 0.08971553610503283
296 0.25625 0.06564551422319474 0.059375 0.06345733041575492
374 0.3421875 0.1487964989059081 0.078125 0.09190371991247265
364 0.4421875 0.18161925601750548 0.10625 0.15973741794310722
318 0.540625 0.1487964989059081 0.08125 0.08971553610503283
336 0.559375 0.0700218818380744 0.0234375 0.0350109409190372
410 0.63125 0.14660831509846828 0.071875 0.09190371991247265
178 0.6484375 0.2538293216630197 0.071875 0.1137855579868709
502 0.7234375 0.1487964989059081 0.0765625 0.09190371991247265
543 0.7296875 0.24945295404814005 0.0890625 0.10284463894967177
360 0.7984375 0.15098468271334792 0.025 0.07221006564551423
360 0.8203125 0.15098468271334792 0.0265625 0.07439824945295405
297 0.0546875 0.6739606126914661 0.04375 0.16192560175054704
484 0.1125 0.6367614879649891 0.05625 0.09409190371991247
297 0.16875 0.6717724288840262 0.04375 0.16192560175054704
355 0.2421875 0.6389496717724289 0.0921875 0.08971553610503283
215 0.25625 0.7177242888402626 0.0671875 0.05908096280087528
207 0.2953125 0.5448577680525164 0.034375 0.06564551422319474
465 0.325 0.6367614879649891 0.04375 0.087527352297593
146 0.3921875 0.6630196936542669 0.0703125 0.14660831509846828
410 0.4734375 0.6345733041575492 0.075 0.09409190371991247
336 0.4875 0.5579868708971554 0.0234375 0.030634573304157548
466 0.5625 0.6367614879649891 0.075 0.09190371991247265
298 0.571875 0.5557986870897156 0.059375 0.061269146608315096
207 0.6140625 0.5470459518599562 0.0328125 0.061269146608315096
502 0.6625 0.6367614879649891 0.0765625 0.09190371991247265
336 0.678125 0.5579868708971554 0.0234375 0.030634573304157548
520 0.75625 0.6367614879649891 0.0859375 0.08971553610503283
21 0.8640625 0.6652078774617067 0.115625 0.16411378555798686
336 0.7484375 0.0700218818380744 0.025 0.03282275711159737