60 0.1 0.11739130434782609 0.0890625 0.11304347826086956
297 0.1765625 0.15 0.046875 0.17391304347826086
410 0.2484375 0.1108695652173913 0.0765625 0.1
169 0.2578125 0.1934782608695652 0.059375 0.058695652173913045
465 0.31875 0.10869565217391304 0.046875 0.09347826086956522
297 0.3765625 0.14782608695652175 0.0453125 0.17173913043478262
410 0.446875 0.10869565217391304 0.0765625 0.1
502 0.534375 0.1108695652173913 0.08125 0.09782608695652174
336 0.5515625 0.02826086956521739 0.0265625 0.034782608695652174
318 0.6328125 0.1108695652173913 0.0890625 0.09782608695652174
297 0.709375 0.15 0.0484375 0.17173913043478262
318 0.784375 0.1108695652173913 0.0859375 0.09347826086956522
484 0.865625 0.1108695652173913 0.0578125 0.09782608695652174
336 0.871875 0.02826086956521739 0.0265625 0.03260869565217391
297 0.078125 0.6695652173913044 0.046875 0.17173913043478262
318 0.1515625 0.6326086956521739 0.0890625 0.09347826086956522
207 0.2 0.532608695652174 0.034375 0.06739130434782609
392 0.25 0.6304347826086957 0.0765625 0.09565217391304348
410 0.3359375 0.6282608695652174 0.078125 0.10217391304347827
213 0.446875 0.6630434782608695 0.13125 0.1673913043478261
180 0.5359375 0.6717391304347826 0.04375 0.18043478260869567