392 0.096875 0.1409090909090909 0.071875 0.09318181818181819
296 0.1 0.056818181818181816 0.0609375 0.0659090909090909
412 0.18125 0.1409090909090909 0.0734375 0.09545454545454546
297 0.246875 0.17727272727272728 0.04375 0.17045454545454544
471 0.3203125 0.175 0.1 0.16136363636363638
502 0.4140625 0.1431818181818182 0.0765625 0.09772727272727273
336 0.43125 0.06363636363636363 0.0234375 0.03636363636363636
318 0.50625 0.1409090909090909 0.084375 0.09545454545454546
502 0.5921875 0.1409090909090909 0.075 0.09318181818181819
336 0.609375 0.06136363636363636 0.025 0.031818181818181815
355 0.10625 0.6477272727272727 0.090625 0.09318181818181819
296 0.11875 0.5613636363636364 0.059375 0.0659090909090909
224 0.2046875 0.6477272727272727 0.0796875 0.09318181818181819
296 0.2109375 0.5636363636363636 0.059375 0.06363636363636363
207 0.253125 0.5522727272727272 0.034375 0.0659090909090909
318 0.3046875 0.6477272727272727 0.08125 0.09318181818181819
502 0.390625 0.6477272727272727 0.0765625 0.09318181818181819
336 0.4078125 0.5681818181818182 0.0234375 0.031818181818181815
374 0.48125 0.6477272727272727 0.078125 0.09545454545454546
17 0.5828125 0.6772727272727272 0.1140625 0.16818181818181818
6 0.696875 0.6772727272727272 0.1140625 0.16818181818181818
60 0.803125 0.6545454545454545 0.0828125 0.11136363636363636
15 0.9109375 0.6772727272727272 0.1171875 0.17045454545454544