318 0.1171875 0.10986964618249534 0.096875 0.0893854748603352
364 0.2359375 0.1452513966480447 0.125 0.15828677839851024
412 0.34375 0.10986964618249534 0.084375 0.0893854748603352
411 0.390625 0.035381750465549346 0.0328125 0.0223463687150838
297 0.428125 0.1452513966480447 0.05 0.1601489757914339
300 0.5 0.10986964618249534 0.08125 0.0893854748603352
465 0.5734375 0.10986964618249534 0.0515625 0.0856610800744879
242 0.65625 0.10986964618249534 0.0890625 0.0893854748603352
484 0.7421875 0.10986964618249534 0.065625 0.0893854748603352
297 0.809375 0.14711359404096835 0.053125 0.16387337057728119
410 0.8875 0.10986964618249534 0.084375 0.0931098696461825
297 0.0921875 0.633147113594041 0.05625 0.1601489757914339
261 0.175 0.5940409683426443 0.0890625 0.09124767225325885
297 0.253125 0.6312849162011173 0.053125 0.16201117318435754
556 0.3296875 0.5940409683426443 0.0859375 0.09124767225325885
502 0.4265625 0.595903165735568 0.0875 0.09124767225325885
336 0.4453125 0.5176908752327747 0.028125 0.0297951582867784
411 0.48125 0.5195530726256983 0.034375 0.024208566108007448
382 0.546875 0.6294227188081937 0.109375 0.15828677839851024
250 0.659375 0.6294227188081937 0.1078125 0.1601489757914339
360 0.7359375 0.6014897579143389 0.0296875 0.06890130353817504
360 0.7609375 0.6014897579143389 0.03125 0.06890130353817504