146 0.0765625 0.18181818181818182 0.06875 0.15
60 0.1609375 0.16136363636363638 0.0828125 0.10909090909090909
574 0.253125 0.15454545454545454 0.0859375 0.09318181818181819
411 0.3 0.07727272727272727 0.0265625 0.022727272727272728
520 0.3515625 0.15681818181818183 0.0828125 0.09090909090909091
296 0.3609375 0.07045454545454545 0.0578125 0.06363636363636363
374 0.44375 0.15454545454545454 0.0765625 0.09318181818181819
180 0.50625 0.19545454545454546 0.040625 0.17272727272727273
392 0.5703125 0.15454545454545454 0.0703125 0.09090909090909091
296 0.5734375 0.07272727272727272 0.0578125 0.0659090909090909
392 0.653125 0.15454545454545454 0.0703125 0.09090909090909091
159 0.6625 0.2340909090909091 0.0546875 0.05909090909090909
296 0.659375 0.07045454545454545 0.059375 0.06136363636363636
484 0.7328125 0.15454545454545454 0.053125 0.09090909090909091
336 0.7375 0.075 0.0234375 0.031818181818181815
355 0.815625 0.15454545454545454 0.0890625 0.09318181818181819
17 0.9234375 0.18409090909090908 0.1109375 0.16818181818181818
297 0.0625 0.6909090909090909 0.04375 0.16818181818181818
355 0.1359375 0.6545454545454545 0.0890625 0.09318181818181819
465 0.20625 0.6545454545454545 0.04375 0.09318181818181819
410 0.275 0.6522727272727272 0.071875 0.09318181818181819
543 0.2796875 0.7568181818181818 0.0859375 0.10454545454545454
336 0.296875 0.5727272727272728 0.0234375 0.031818181818181815
232 0.378125 0.6886363636363636 0.09375 0.16136363636363638
502 0.465625 0.6545454545454545 0.0734375 0.09318181818181819
336 0.48125 0.575 0.025 0.031818181818181815
260 0.5546875 0.6545454545454545 0.0765625 0.09318181818181819
374 0.6375 0.6522727272727272 0.0765625 0.09545454545454546
16 0.7375 0.6840909090909091 0.1125 0.16818181818181818