224 0.096875 0.1367837338262477 0.096875 0.09242144177449169
296 0.10625 0.051756007393715345 0.0703125 0.06284658040665435
207 0.1578125 0.04436229205175601 0.0359375 0.06839186691312385
260 0.2203125 0.13863216266173753 0.0984375 0.09796672828096119
392 0.3203125 0.13863216266173753 0.0890625 0.09426987060998152
199 0.41875 0.13863216266173753 0.09375 0.09981515711645102
355 0.528125 0.13863216266173753 0.109375 0.09981515711645102
184 0.6546875 0.17375231053604437 0.1234375 0.16266173752310537
410 0.7640625 0.13863216266173753 0.0890625 0.09611829944547134
546 0.7828125 0.2476894639556377 0.0875 0.11645101663585952
14 0.909375 0.16820702402957485 0.159375 0.16820702402957485
392 0.0921875 0.6451016635859519 0.0890625 0.09426987060998152
296 0.0953125 0.5600739371534196 0.0734375 0.06284658040665435
392 0.1984375 0.6432532347504621 0.0875 0.09611829944547134
296 0.3 0.5600739371534196 0.071875 0.06839186691312385
199 0.2953125 0.6451016635859519 0.0921875 0.09796672828096119
207 0.3515625 0.5508317929759704 0.0375 0.06469500924214418
364 0.4296875 0.6802218114602587 0.1296875 0.16635859519408502
318 0.5484375 0.6469500924214417 0.1 0.09426987060998152
22 0.6859375 0.6746765249537893 0.153125 0.17005545286506468