297 0.0640625 0.17932489451476794 0.046875 0.16666666666666666
318 0.1375 0.14345991561181434 0.0875 0.0949367088607595
355 0.2390625 0.14345991561181434 0.096875 0.0949367088607595
208 0.3390625 0.14135021097046413 0.0953125 0.09282700421940929
336 0.35625 0.06329113924050633 0.025 0.03164556962025317
502 0.434375 0.14345991561181434 0.0796875 0.09282700421940929
215 0.4390625 0.22573839662447256 0.0703125 0.05907172995780591
296 0.440625 0.05907172995780591 0.065625 0.06540084388185655
410 0.53125 0.14135021097046413 0.075 0.0949367088607595
208 0.6234375 0.14345991561181434 0.096875 0.09071729957805907
336 0.6390625 0.06329113924050633 0.025 0.03164556962025317
260 0.71875 0.14345991561181434 0.0828125 0.0949367088607595
374 0.8109375 0.14345991561181434 0.0828125 0.09282700421940929
16 0.91875 0.1729957805907173 0.121875 0.16877637130801687
392 0.078125 0.6434599156118144 0.0765625 0.09282700421940929
299 0.0828125 0.5611814345991561 0.0625 0.06540084388185655
318 0.175 0.6434599156118144 0.0875 0.09282700421940929
260 0.26875 0.6434599156118144 0.0828125 0.0949367088607595
466 0.3625 0.6434599156118144 0.078125 0.0949367088607595
336 0.378125 0.5632911392405063 0.025 0.03164556962025317
466 0.4578125 0.6455696202531646 0.0796875 0.09282700421940929
296 0.4625 0.5611814345991561 0.0625 0.06329113924050633
207 0.50625 0.5506329113924051 0.034375 0.06329113924050633
502 0.5578125 0.6434599156118144 0.078125 0.09282700421940929
318 0.65 0.6434599156118144 0.0859375 0.09071729957805907
336 0.671875 0.5654008438818565 0.025 0.03164556962025317
412 0.746875 0.6434599156118144 0.075 0.09071729957805907
17 0.8515625 0.6729957805907173 0.1203125 0.16666666666666666