297 0.08125 0.13616071428571427 0.0484375 0.171875
300 0.146875 0.09821428571428571 0.075 0.09598214285714286
193 0.1546875 0.18080357142857142 0.0625 0.060267857142857144
465 0.2140625 0.09598214285714286 0.046875 0.09375
224 0.2890625 0.09821428571428571 0.0828125 0.09598214285714286
15 0.4015625 0.12723214285714285 0.1234375 0.171875
360 0.484375 0.10491071428571429 0.0265625 0.07366071428571429
360 0.5078125 0.10267857142857142 0.0265625 0.07366071428571429
392 0.09375 0.6160714285714286 0.0734375 0.09598214285714286
510 0.1875 0.6540178571428571 0.09375 0.16964285714285715
358 0.303125 0.6540178571428571 0.128125 0.16964285714285715
13 0.434375 0.6473214285714286 0.125 0.171875
45 0.540625 0.6183035714285714 0.0703125 0.09598214285714286
6 0.6375 0.6473214285714286 0.1171875 0.17410714285714285
6 0.7578125 0.6473214285714286 0.1171875 0.171875
10 0.8859375 0.6473214285714286 0.121875 0.17410714285714285