221 0.1109375 0.19036697247706422 0.05 0.15825688073394495
61 0.1921875 0.17889908256880735 0.078125 0.08944954128440367
574 0.2703125 0.17889908256880735 0.0828125 0.09174311926605505
297 0.3390625 0.21559633027522937 0.0421875 0.1628440366972477
412 0.4015625 0.17660550458715596 0.0671875 0.08944954128440367
465 0.4609375 0.17889908256880735 0.040625 0.09174311926605505
297 0.5109375 0.21559633027522937 0.0421875 0.1628440366972477
410 0.5734375 0.17660550458715596 0.0671875 0.08944954128440367
465 0.634375 0.17889908256880735 0.0421875 0.08944954128440367
364 0.7140625 0.21330275229357798 0.1015625 0.15825688073394495
556 0.803125 0.17889908256880735 0.06875 0.08944954128440367
336 0.8171875 0.10091743119266056 0.0234375 0.03211009174311927
326 0.140625 0.6972477064220184 0.090625 0.15825688073394495
484 0.215625 0.6651376146788991 0.053125 0.08944954128440367
336 0.221875 0.5848623853211009 0.0234375 0.02981651376146789
466 0.2921875 0.6628440366972477 0.0703125 0.09174311926605505
364 0.303125 0.7706422018348624 0.0765625 0.11238532110091744
502 0.378125 0.6628440366972477 0.071875 0.09403669724770643
224 0.459375 0.6605504587155964 0.078125 0.0963302752293578
296 0.4640625 0.5802752293577982 0.0546875 0.06192660550458716
410 0.54375 0.6628440366972477 0.06875 0.09403669724770643
336 0.5609375 0.5848623853211009 0.021875 0.02981651376146789
411 0.590625 0.5871559633027523 0.028125 0.02522935779816514
194 0.55625 0.7522935779816514 0.04375 0.07339449541284404
308 0.6390625 0.6972477064220184 0.08125 0.15825688073394495
224 0.7203125 0.6628440366972477 0.075 0.09174311926605505
484 0.7921875 0.6628440366972477 0.053125 0.08944954128440367
296 0.784375 0.5825688073394495 0.0578125 0.06192660550458716
411 0.825 0.5894495412844036 0.025 0.02522935779816514