224 0.0671875 0.15502183406113537 0.0828125 0.09170305676855896
296 0.075 0.07205240174672489 0.059375 0.06331877729257641
207 0.1171875 0.06331877729257641 0.034375 0.0611353711790393
364 0.18125 0.18777292576419213 0.1078125 0.1615720524017467
318 0.2796875 0.15502183406113537 0.0828125 0.08951965065502183
374 0.36875 0.15283842794759825 0.0796875 0.09170305676855896
336 0.3875 0.07423580786026202 0.025 0.03056768558951965
520 0.465625 0.15283842794759825 0.0875 0.08951965065502183
502 0.5546875 0.15502183406113537 0.0765625 0.08951965065502183
169 0.565625 0.2336244541484716 0.0578125 0.056768558951965066
336 0.575 0.07641921397379912 0.0234375 0.03056768558951965
224 0.65 0.15502183406113537 0.08125 0.09170305676855896
336 0.66875 0.07641921397379912 0.025 0.03056768558951965
260 0.7453125 0.15283842794759825 0.08125 0.08951965065502183
411 0.7859375 0.07860262008733625 0.028125 0.024017467248908297
318 0.8390625 0.15283842794759825 0.084375 0.09170305676855896
336 0.8578125 0.07423580786026202 0.0234375 0.03275109170305677
374 0.9328125 0.15283842794759825 0.08125 0.09170305676855896
198 0.95625 0.26200873362445415 0.0640625 0.11353711790393013
374 0.0671875 0.648471615720524 0.078125 0.08951965065502183
336 0.0859375 0.5698689956331878 0.0234375 0.03056768558951965
411 0.1171875 0.574235807860262 0.028125 0.026200873362445413
364 0.1796875 0.6812227074235808 0.1078125 0.1615720524017467
412 0.2734375 0.6462882096069869 0.071875 0.08951965065502183
410 0.3546875 0.6462882096069869 0.0734375 0.09388646288209607
169 0.3640625 0.7248908296943232 0.0546875 0.05895196506550218
410 0.440625 0.6462882096069869 0.0734375 0.09388646288209607
199 0.521875 0.6462882096069869 0.0765625 0.09170305676855896
296 0.525 0.5633187772925764 0.059375 0.06331877729257641
392 0.609375 0.6462882096069869 0.0703125 0.08951965065502183
159 0.61875 0.7248908296943232 0.05625 0.05458515283842795
420 0.7 0.6812227074235808 0.0890625 0.1615720524017467
410 0.7859375 0.6462882096069869 0.0734375 0.09388646288209607
17 0.8859375 0.6768558951965066 0.115625 0.16375545851528384