221 0.1203125 0.22448979591836735 0.0546875 0.19642857142857142
242 0.2046875 0.21173469387755103 0.0796875 0.1096938775510204
546 0.3078125 0.25510204081632654 0.10625 0.19642857142857142
207 0.3578125 0.10204081632653061 0.0328125 0.07397959183673469
124 0.4125 0.25510204081632654 0.090625 0.19387755102040816
355 0.5078125 0.21173469387755103 0.09375 0.11224489795918367
194 0.5296875 0.31887755102040816 0.05 0.09438775510204081
360 0.58125 0.21683673469387754 0.0296875 0.09183673469387756
360 0.6046875 0.21683673469387754 0.025 0.09183673469387756
242 0.66875 0.21173469387755103 0.08125 0.10714285714285714
484 0.74375 0.21173469387755103 0.0578125 0.11224489795918367
336 0.7515625 0.11989795918367346 0.0265625 0.04081632653061224
520 0.83125 0.21428571428571427 0.0890625 0.11734693877551021
118 0.921875 0.21173469387755103 0.084375 0.11224489795918367
411 0.9578125 0.12244897959183673 0.028125 0.03316326530612245
124 0.1453125 0.8443877551020408 0.090625 0.19387755102040816
286 0.2421875 0.8443877551020408 0.0984375 0.19387755102040816