221 0.103125 0.18465227817745802 0.0484375 0.16546762589928057
260 0.1796875 0.17266187050359713 0.0734375 0.09592326139088729
336 0.1953125 0.09832134292565947 0.021875 0.03357314148681055
502 0.2609375 0.1750599520383693 0.06875 0.09352517985611511
296 0.265625 0.09352517985611511 0.05625 0.0671462829736211
232 0.3515625 0.20863309352517986 0.090625 0.1630695443645084
318 0.434375 0.1750599520383693 0.078125 0.09352517985611511
180 0.49375 0.21103117505995203 0.040625 0.17026378896882494
297 0.54375 0.21103117505995203 0.04375 0.16786570743405277
260 0.6046875 0.1750599520383693 0.0734375 0.09352517985611511
502 0.6828125 0.1750599520383693 0.071875 0.09352517985611511
364 0.771875 0.20863309352517986 0.0984375 0.16546762589928057
410 0.85625 0.17266187050359713 0.0703125 0.09832134292565947
437 0.9390625 0.20863309352517986 0.084375 0.16786570743405277
502 0.1203125 0.6618705035971223 0.071875 0.09592326139088729
296 0.1234375 0.5827338129496403 0.0546875 0.06474820143884892
466 0.203125 0.6618705035971223 0.0703125 0.09352517985611511
336 0.2171875 0.5851318944844125 0.025 0.03597122302158273
360 0.259375 0.6642685851318945 0.025 0.07673860911270983
242 0.31875 0.6618705035971223 0.071875 0.09112709832134293
546 0.40625 0.697841726618705 0.09375 0.16786570743405277
207 0.4515625 0.5707434052757794 0.03125 0.06235011990407674
242 0.496875 0.6642685851318945 0.071875 0.09592326139088729
484 0.5640625 0.6642685851318945 0.05 0.09352517985611511
336 0.5703125 0.5851318944844125 0.0234375 0.03117505995203837
520 0.640625 0.6642685851318945 0.0796875 0.09592326139088729
250 0.728125 0.697841726618705 0.0875 0.1630695443645084
318 0.8109375 0.6618705035971223 0.0796875 0.09592326139088729
242 0.8921875 0.6618705035971223 0.071875 0.09112709832134293