250 0.1015625 0.214123006833713 0.0921875 0.15945330296127563
484 0.171875 0.17995444191343962 0.053125 0.09111617312072894
336 0.178125 0.10478359908883828 0.021875 0.03416856492027335
300 0.24375 0.17995444191343962 0.06875 0.09111617312072894
520 0.325 0.17995444191343962 0.0828125 0.09339407744874716
296 0.334375 0.10022779043280182 0.0546875 0.06605922551252848
412 0.4125 0.17995444191343962 0.0703125 0.09339407744874716
180 0.4671875 0.2164009111617312 0.0421875 0.1662870159453303
392 0.528125 0.17995444191343962 0.06875 0.09339407744874716
296 0.53125 0.10022779043280182 0.059375 0.06605922551252848
446 0.625 0.17995444191343962 0.103125 0.10022779043280182
296 0.64375 0.0979498861047836 0.0578125 0.06150341685649203
374 0.721875 0.1776765375854214 0.078125 0.09339407744874716
336 0.7390625 0.10250569476082004 0.0234375 0.03189066059225513
400 0.8140625 0.214123006833713 0.084375 0.16173120728929385
520 0.8953125 0.17995444191343962 0.08125 0.09567198177676538
336 0.9171875 0.10478359908883828 0.0265625 0.03416856492027335
250 0.1 0.6924829157175398 0.090625 0.15945330296127563
520 0.1859375 0.6583143507972665 0.08125 0.0888382687927107
242 0.26875 0.6583143507972665 0.075 0.09111617312072894
466 0.35 0.6605922551252847 0.0703125 0.09111617312072894
296 0.3546875 0.5808656036446469 0.05625 0.06605922551252848
520 0.4390625 0.6583143507972665 0.0828125 0.09567198177676538
411 0.48125 0.5876993166287016 0.0296875 0.03189066059225513
360 0.5046875 0.662870159453303 0.0265625 0.07517084282460136
360 0.525 0.6605922551252847 0.0265625 0.07517084282460136
242 0.584375 0.6583143507972665 0.075 0.09339407744874716
484 0.653125 0.6605922551252847 0.053125 0.09567198177676538
336 0.659375 0.5831435079726651 0.028125 0.029612756264236904
520 0.7328125 0.6560364464692483 0.0828125 0.09339407744874716
318 0.8203125 0.6583143507972665 0.0796875 0.09339407744874716
336 0.8375 0.5831435079726651 0.025 0.029612756264236904
546 0.91875 0.6924829157175398 0.0984375 0.16173120728929385