437 0.1171875 0.18029739776951673 0.109375 0.1654275092936803
420 0.2234375 0.18029739776951673 0.1046875 0.1654275092936803
410 0.3234375 0.1449814126394052 0.0875 0.09293680297397769
169 0.3328125 0.22304832713754646 0.071875 0.05762081784386617
411 0.371875 0.07063197026022305 0.0359375 0.027881040892193308
250 0.440625 0.17843866171003717 0.1140625 0.16728624535315986
318 0.546875 0.14312267657992564 0.0984375 0.09107806691449814
242 0.6484375 0.1449814126394052 0.0953125 0.09107806691449814
318 0.753125 0.14312267657992564 0.0984375 0.09665427509293681
437 0.8625 0.17843866171003717 0.109375 0.16728624535315986
300 0.103125 0.6301115241635687 0.0859375 0.09293680297397769
410 0.196875 0.6301115241635687 0.0875 0.09479553903345725
336 0.2203125 0.5539033457249071 0.03125 0.03903345724907063
187 0.2140625 0.7118959107806692 0.05625 0.07063197026022305
15 0.33125 0.6617100371747212 0.146875 0.17100371747211895
360 0.4234375 0.637546468401487 0.034375 0.0724907063197026
360 0.45 0.637546468401487 0.0296875 0.07434944237918216
260 0.525 0.6319702602230484 0.0953125 0.09479553903345725
336 0.546875 0.5539033457249071 0.034375 0.03531598513011153
224 0.6328125 0.6301115241635687 0.0984375 0.09851301115241635
374 0.7359375 0.6319702602230484 0.0953125 0.09293680297397769
336 0.75625 0.5557620817843866 0.0328125 0.03531598513011153
14 0.8734375 0.6598513011152416 0.1578125 0.16728624535315986