242 0.0890625 0.16985138004246284 0.0796875 0.09129511677282377
361 0.190625 0.19957537154989385 0.109375 0.15498938428874734
556 0.290625 0.16772823779193205 0.0765625 0.09554140127388536
374 0.3734375 0.16985138004246284 0.0828125 0.09341825902335456
360 0.4328125 0.1762208067940552 0.028125 0.07006369426751592
502 0.4984375 0.16985138004246284 0.08125 0.09554140127388536
296 0.503125 0.08917197452229299 0.0609375 0.06369426751592357
297 0.5734375 0.20382165605095542 0.0484375 0.1613588110403397
318 0.640625 0.16985138004246284 0.0859375 0.09129511677282377
465 0.7078125 0.16985138004246284 0.046875 0.09129511677282377
484 0.76875 0.16985138004246284 0.0546875 0.09129511677282377
411 0.7984375 0.09554140127388536 0.03125 0.027600849256900213
484 0.8359375 0.17197452229299362 0.0578125 0.09341825902335456
546 0.921875 0.20382165605095542 0.103125 0.1613588110403397
242 0.0890625 0.6454352441613588 0.078125 0.09129511677282377
242 0.175 0.6454352441613588 0.078125 0.09341825902335456
180 0.2390625 0.6836518046709129 0.0421875 0.16560509554140126
242 0.30625 0.6454352441613588 0.078125 0.08917197452229299
374 0.3921875 0.6475583864118896 0.0796875 0.09129511677282377
355 0.4859375 0.6454352441613588 0.09375 0.09554140127388536
520 0.58125 0.643312101910828 0.0875 0.09766454352441614
296 0.5921875 0.5668789808917197 0.0609375 0.06581740976645435
412 0.675 0.643312101910828 0.0765625 0.08917197452229299
180 0.734375 0.6815286624203821 0.0421875 0.16560509554140126