392 0.125 0.15655577299412915 0.08125 0.09784735812133072
296 0.128125 0.07632093933463796 0.0671875 0.06457925636007827
484 0.209375 0.15459882583170254 0.0609375 0.08806262230919765
410 0.290625 0.15655577299412915 0.0828125 0.09197651663405088
164 0.303125 0.2328767123287671 0.0640625 0.060665362035225046
411 0.3390625 0.08023483365949119 0.034375 0.03131115459882583
466 0.3953125 0.15655577299412915 0.0875 0.0958904109589041
411 0.4390625 0.0821917808219178 0.0328125 0.0273972602739726
297 0.478125 0.1917808219178082 0.05 0.1643835616438356
355 0.559375 0.15655577299412915 0.1046875 0.09393346379647749
465 0.6390625 0.15459882583170254 0.0515625 0.09393346379647749
410 0.715625 0.15459882583170254 0.0828125 0.09393346379647749
164 0.7296875 0.2309197651663405 0.0640625 0.060665362035225046
484 0.8 0.15655577299412915 0.0640625 0.09784735812133072
336 0.8078125 0.07827788649706457 0.0296875 0.03522504892367906
520 0.89375 0.15264187866927592 0.0984375 0.0958904109589041
242 0.1265625 0.6438356164383562 0.090625 0.09784735812133072
484 0.209375 0.6457925636007827 0.0609375 0.0958904109589041
336 0.2171875 0.5675146771037182 0.0296875 0.033268101761252444
520 0.303125 0.6438356164383562 0.096875 0.09393346379647749
355 0.409375 0.6438356164383562 0.1015625 0.09784735812133072
296 0.4234375 0.5636007827788649 0.06875 0.06457925636007827
326 0.53125 0.6790606653620352 0.1109375 0.16829745596868884
17 0.65 0.6731898238747553 0.13125 0.16634050880626222
360 0.7390625 0.6477495107632094 0.0296875 0.07632093933463796
360 0.7640625 0.6477495107632094 0.028125 0.07827788649706457