221 0.09375 0.17660550458715596 0.0484375 0.16743119266055045
124 0.175 0.19954128440366972 0.0828125 0.1628440366972477
364 0.26875 0.19724770642201836 0.1046875 0.1628440366972477
242 0.3578125 0.1628440366972477 0.0734375 0.09403669724770643
546 0.45 0.19954128440366972 0.096875 0.1628440366972477
207 0.49375 0.07339449541284404 0.03125 0.05963302752293578
437 0.546875 0.19724770642201836 0.0859375 0.1651376146788991
224 0.6296875 0.1651376146788991 0.078125 0.0963302752293578
336 0.646875 0.08944954128440367 0.021875 0.03211009174311927
318 0.71875 0.1628440366972477 0.0796875 0.09403669724770643
502 0.8 0.1628440366972477 0.075 0.0963302752293578
250 0.1203125 0.6788990825688074 0.0890625 0.1628440366972477
318 0.20625 0.6467889908256881 0.0796875 0.09403669724770643
466 0.290625 0.6467889908256881 0.071875 0.09174311926605505
168 0.30625 0.7522935779816514 0.0640625 0.11697247706422019
318 0.38125 0.6467889908256881 0.08125 0.09403669724770643
19 0.4828125 0.6743119266055045 0.1109375 0.1651376146788991
360 0.5546875 0.6513761467889908 0.025 0.07568807339449542
392 0.6125 0.6467889908256881 0.0703125 0.09403669724770643
296 0.615625 0.5665137614678899 0.0578125 0.06651376146788991
410 0.69375 0.6467889908256881 0.071875 0.0963302752293578
169 0.7015625 0.7247706422018348 0.05625 0.06192660550458716
260 0.7765625 0.6467889908256881 0.075 0.08944954128440367
14 0.88125 0.6743119266055045 0.125 0.16055045871559634