250 0.125 0.17300380228136883 0.10625 0.155893536121673
318 0.2234375 0.13878326996197718 0.0890625 0.08935361216730038
318 0.3234375 0.13878326996197718 0.09375 0.08935361216730038
336 0.3453125 0.06653992395437262 0.0265625 0.034220532319391636
360 0.3984375 0.1444866920152091 0.03125 0.07034220532319392
360 0.4234375 0.14258555133079848 0.03125 0.0741444866920152
392 0.4921875 0.14068441064638784 0.0796875 0.09125475285171103
296 0.49375 0.06273764258555133 0.065625 0.060836501901140684
297 0.5703125 0.17300380228136883 0.0484375 0.1596958174904943
484 0.6296875 0.13878326996197718 0.0609375 0.08935361216730038
355 0.7203125 0.13878326996197718 0.1015625 0.08935361216730038
437 0.828125 0.17110266159695817 0.0984375 0.1596958174904943
224 0.115625 0.6083650190114068 0.090625 0.09125475285171103
336 0.1359375 0.5342205323193916 0.028125 0.030418250950570342
318 0.2203125 0.6064638783269962 0.09375 0.09125475285171103
502 0.3140625 0.6064638783269962 0.084375 0.09125475285171103
437 0.415625 0.6425855513307985 0.1 0.16159695817490494
345 0.5203125 0.6406844106463878 0.10625 0.1596958174904943
392 0.6171875 0.6064638783269962 0.0796875 0.08935361216730038
194 0.63125 0.6939163498098859 0.053125 0.07604562737642585
374 0.7125 0.6064638783269962 0.0875 0.08745247148288973
180 0.7828125 0.6425855513307985 0.0453125 0.16159695817490494