546 0.1171875 0.1738241308793456 0.1046875 0.1574642126789366
492 0.209375 0.1738241308793456 0.0734375 0.1574642126789366
410 0.2890625 0.1411042944785276 0.0765625 0.09202453987730061
374 0.3765625 0.1411042944785276 0.0828125 0.08997955010224949
336 0.3953125 0.06339468302658487 0.0234375 0.028629856850715747
355 0.4796875 0.1411042944785276 0.0953125 0.08588957055214724
508 0.58125 0.17995910020449898 0.0984375 0.16973415132924335
297 0.659375 0.17586912065439672 0.0484375 0.1574642126789366
412 0.7265625 0.1411042944785276 0.0765625 0.08997955010224949
297 0.7953125 0.17586912065439672 0.046875 0.1574642126789366
412 0.8640625 0.1411042944785276 0.0765625 0.08997955010224949
556 0.103125 0.621676891615542 0.0765625 0.08588957055214724
336 0.11875 0.5439672801635992 0.025 0.03067484662576687
556 0.1953125 0.6196319018404908 0.0765625 0.08997955010224949
336 0.2109375 0.5460122699386503 0.025 0.028629856850715747
520 0.29375 0.621676891615542 0.0875 0.08793456032719836
198 0.3203125 0.7259713701431493 0.065625 0.11042944785276074
410 0.3953125 0.621676891615542 0.075 0.08997955010224949
168 0.4140625 0.7239263803680982 0.071875 0.11451942740286299
374 0.490625 0.621676891615542 0.08125 0.08997955010224949
208 0.5859375 0.6196319018404908 0.0921875 0.08793456032719836
355 0.6796875 0.621676891615542 0.09375 0.08997955010224949