250 0.1171875 0.17494089834515367 0.0890625 0.16548463356973994
250 0.20625 0.17494089834515367 0.0875 0.16312056737588654
355 0.2953125 0.14184397163120568 0.0890625 0.09456264775413711
168 0.3171875 0.2458628841607565 0.065625 0.1182033096926714
318 0.3890625 0.13947990543735225 0.0796875 0.09219858156028368
355 0.478125 0.13947990543735225 0.0859375 0.09456264775413711
360 0.5390625 0.14657210401891252 0.025 0.07328605200945626
360 0.5609375 0.14657210401891252 0.0234375 0.07092198581560284
260 0.61875 0.13947990543735225 0.0734375 0.09456264775413711
336 0.6359375 0.06382978723404255 0.021875 0.037825059101654845
250 0.7109375 0.17494089834515367 0.0859375 0.16548463356973994
492 0.7875 0.17494089834515367 0.06875 0.16548463356973994
12 0.8734375 0.1702127659574468 0.1078125 0.1702127659574468
250 0.1171875 0.6619385342789598 0.0875 0.16548463356973994
484 0.1875 0.6264775413711584 0.053125 0.09692671394799054
336 0.19375 0.5508274231678487 0.025 0.037825059101654845
300 0.2578125 0.6288416075650118 0.06875 0.09456264775413711
360 0.3078125 0.6335697399527187 0.0234375 0.07565011820330969
242 0.36875 0.6264775413711584 0.075 0.09692671394799054
484 0.4359375 0.6288416075650118 0.053125 0.09219858156028368
336 0.4421875 0.5508274231678487 0.021875 0.03546099290780142
520 0.5125 0.6264775413711584 0.08125 0.09692671394799054
242 0.5953125 0.6288416075650118 0.071875 0.09456264775413711
326 0.6828125 0.6619385342789598 0.09375 0.16784869976359337
207 0.7265625 0.5366430260047281 0.034375 0.06382978723404255
337 0.7734375 0.6264775413711584 0.075 0.09219858156028368
260 0.85625 0.6264775413711584 0.075 0.09219858156028368
336 0.871875 0.5508274231678487 0.025 0.037825059101654845