510 0.140625 0.1838074398249453 0.0921875 0.16411378555798686
392 0.225 0.15098468271334792 0.0734375 0.09190371991247265
296 0.2328125 0.07221006564551423 0.0609375 0.06564551422319474
159 0.234375 0.22975929978118162 0.0578125 0.061269146608315096
207 0.2734375 0.06345733041575492 0.03125 0.061269146608315096
242 0.3203125 0.15098468271334792 0.08125 0.09190371991247265
492 0.4015625 0.18599562363238512 0.0734375 0.16630196936542668
520 0.48125 0.15098468271334792 0.0875 0.09190371991247265
194 0.5 0.24288840262582057 0.05 0.08315098468271334
492 0.5703125 0.18599562363238512 0.0734375 0.15973741794310722
22 0.6703125 0.17943107221006566 0.1265625 0.16411378555798686
360 0.7515625 0.15536105032822758 0.028125 0.0700218818380744
360 0.7734375 0.1575492341356674 0.025 0.07439824945295405
81 0.84375 0.18818380743982493 0.090625 0.15973741794310722
250 0.1421875 0.6673960612691466 0.09375 0.15973741794310722
318 0.2328125 0.6345733041575492 0.084375 0.09409190371991247
242 0.3171875 0.6323851203501094 0.078125 0.09190371991247265
232 0.4125 0.6673960612691466 0.096875 0.16192560175054704
492 0.4953125 0.6695842450765864 0.075 0.16630196936542668
355 0.5796875 0.6345733041575492 0.090625 0.09409190371991247
169 0.596875 0.7133479212253829 0.0578125 0.05908096280087528
520 0.678125 0.6345733041575492 0.0875 0.09409190371991247
411 0.7234375 0.5601750547045952 0.0265625 0.028446389496717725
360 0.7453125 0.6389496717724289 0.0265625 0.07439824945295405
466 0.8125 0.6323851203501094 0.075 0.09409190371991247
502 0.8921875 0.6345733041575492 0.0765625 0.09190371991247265
215 0.8984375 0.7133479212253829 0.0671875 0.05908096280087528
336 0.9125 0.5579868708971554 0.028125 0.030634573304157548