242 0.1015625 0.13924050632911392 0.084375 0.0949367088607595
484 0.18125 0.14135021097046413 0.0625 0.0970464135021097
336 0.1875 0.06118143459915612 0.0265625 0.03375527426160337
520 0.26875 0.1371308016877637 0.0921875 0.10126582278481013
410 0.3625 0.1371308016877637 0.0828125 0.10126582278481013
232 0.4609375 0.1751054852320675 0.1046875 0.1729957805907173
355 0.5625 0.13924050632911392 0.1 0.10337552742616034
410 0.659375 0.13924050632911392 0.08125 0.09915611814345991
159 0.6703125 0.21940928270042195 0.0609375 0.06118143459915612
336 0.6796875 0.06118143459915612 0.028125 0.0379746835443038
318 0.759375 0.1371308016877637 0.090625 0.0970464135021097
502 0.8515625 0.13924050632911392 0.0828125 0.0970464135021097
360 0.915625 0.14556962025316456 0.0296875 0.07383966244725738
242 0.1015625 0.6371308016877637 0.08125 0.09915611814345991
296 0.109375 0.5569620253164557 0.0640625 0.06962025316455696
374 0.1984375 0.6413502109704642 0.0859375 0.09915611814345991
296 0.20625 0.5548523206751055 0.0671875 0.06962025316455696
546 0.309375 0.6729957805907173 0.1109375 0.1729957805907173
355 0.4140625 0.6392405063291139 0.1 0.0970464135021097
178 0.440625 0.7489451476793249 0.0765625 0.12236286919831224
260 0.521875 0.6392405063291139 0.0859375 0.0970464135021097
360 0.5890625 0.6434599156118144 0.03125 0.07172995780590717
360 0.6125 0.6455696202531646 0.028125 0.07383966244725738