221 0.0765625 0.15513126491646778 0.05 0.1718377088305489
118 0.153125 0.14081145584725538 0.075 0.09307875894988067
336 0.1625 0.06205250596658711 0.025 0.031026252983293555
286 0.2390625 0.1766109785202864 0.0890625 0.16467780429594273
260 0.3234375 0.1431980906921241 0.0765625 0.09307875894988067
360 0.378125 0.14797136038186157 0.0265625 0.07875894988066826
318 0.440625 0.14081145584725538 0.078125 0.0954653937947494
410 0.5203125 0.14081145584725538 0.0703125 0.09307875894988067
355 0.6046875 0.14081145584725538 0.084375 0.0954653937947494
178 0.628125 0.25059665871121717 0.06875 0.11933174224343675
364 0.7125 0.1766109785202864 0.103125 0.16706443914081145
180 0.7796875 0.17899761336515513 0.0390625 0.17422434367541767
360 0.81875 0.14797136038186157 0.025 0.07637231503579953
502 0.0953125 0.6372315035799523 0.071875 0.0954653937947494
296 0.1 0.5536992840095465 0.0546875 0.06443914081145585
484 0.1671875 0.6348448687350835 0.0546875 0.0954653937947494
336 0.1734375 0.5584725536992841 0.025 0.03341288782816229
411 0.2015625 0.5608591885441527 0.0265625 0.026252983293556086
260 0.246875 0.6372315035799523 0.0765625 0.09307875894988067
336 0.2640625 0.5584725536992841 0.0234375 0.031026252983293555
502 0.33125 0.6348448687350835 0.071875 0.10023866348448687
296 0.3359375 0.5536992840095465 0.0546875 0.06682577565632458
232 0.4234375 0.6706443914081146 0.0921875 0.16945107398568018
520 0.509375 0.6372315035799523 0.0796875 0.0954653937947494
199 0.5890625 0.6372315035799523 0.0734375 0.10023866348448687
411 0.628125 0.5584725536992841 0.028125 0.026252983293556086
297 0.659375 0.6730310262529833 0.0421875 0.1718377088305489
355 0.7265625 0.6372315035799523 0.084375 0.0954653937947494
465 0.7921875 0.6372315035799523 0.04375 0.0954653937947494
17 0.8765625 0.6682577565632458 0.1078125 0.16945107398568018