260 0.1015625 0.1476510067114094 0.08125 0.09172259507829977
318 0.190625 0.14988814317673377 0.084375 0.09843400447427293
374 0.2734375 0.15212527964205816 0.0796875 0.09619686800894854
360 0.3359375 0.15659955257270694 0.0296875 0.07829977628635347
360 0.3578125 0.15436241610738255 0.025 0.08053691275167785
75 0.41875 0.14988814317673377 0.0734375 0.09619686800894854
400 0.50625 0.18344519015659955 0.0875 0.16554809843400448
410 0.5875 0.14988814317673377 0.0734375 0.09172259507829977
336 0.60625 0.07158836689038031 0.0234375 0.03355704697986577
169 0.596875 0.22818791946308725 0.0578125 0.058165548098434
224 0.6796875 0.14988814317673377 0.08125 0.09619686800894854
374 0.7625 0.1476510067114094 0.08125 0.09619686800894854
336 0.78125 0.07158836689038031 0.0234375 0.03355704697986577
14 0.8796875 0.1789709172259508 0.13125 0.16778523489932887
502 0.1 0.6375838926174496 0.0765625 0.09619686800894854
336 0.1171875 0.5592841163310962 0.0265625 0.03131991051454139
355 0.1953125 0.6353467561521253 0.0921875 0.09619686800894854
469 0.3015625 0.668903803131991 0.10625 0.16778523489932887
437 0.4046875 0.6711409395973155 0.090625 0.16778523489932887
286 0.496875 0.6711409395973155 0.0953125 0.16554809843400448
382 0.5890625 0.6733780760626398 0.096875 0.16331096196868009
207 0.634375 0.5436241610738255 0.0296875 0.06711409395973154
360 0.659375 0.6442953020134228 0.025 0.07158836689038031
318 0.725 0.6375838926174496 0.08125 0.09395973154362416
336 0.7421875 0.5592841163310962 0.0265625 0.03131991051454139
318 0.81875 0.6375838926174496 0.0828125 0.09843400447427293