392 0.1015625 0.13865546218487396 0.0734375 0.09033613445378151
296 0.1046875 0.06092436974789916 0.0640625 0.06092436974789916
446 0.20625 0.1407563025210084 0.109375 0.09243697478991597
336 0.2375 0.06512605042016807 0.025 0.03361344537815126
392 0.3125 0.1407563025210084 0.0765625 0.09453781512605042
199 0.39375 0.1407563025210084 0.08125 0.09453781512605042
410 0.478125 0.1407563025210084 0.08125 0.09453781512605042
164 0.490625 0.2184873949579832 0.059375 0.06092436974789916
484 0.5578125 0.1407563025210084 0.059375 0.09453781512605042
336 0.5640625 0.06302521008403361 0.0265625 0.03571428571428571
520 0.6453125 0.13865546218487396 0.0890625 0.09243697478991597
286 0.746875 0.17647058823529413 0.1015625 0.16596638655462184
355 0.846875 0.1407563025210084 0.09375 0.09453781512605042
360 0.9171875 0.14705882352941177 0.028125 0.07352941176470588
360 0.9421875 0.14495798319327732 0.028125 0.07563025210084033
60 0.109375 0.6386554621848739 0.0890625 0.1092436974789916
318 0.203125 0.6302521008403361 0.0859375 0.09243697478991597
437 0.3 0.6680672268907563 0.09375 0.16596638655462184
286 0.3984375 0.6659663865546218 0.0984375 0.16176470588235295
382 0.5 0.6659663865546218 0.1 0.1638655462184874
250 0.6015625 0.6680672268907563 0.096875 0.1638655462184874
250 0.7015625 0.6659663865546218 0.1 0.16176470588235295
250 0.8015625 0.6659663865546218 0.1 0.16176470588235295
484 0.88125 0.6323529411764706 0.0578125 0.09453781512605042
411 0.9125 0.5567226890756303 0.03125 0.0273109243697479
360 0.9359375 0.6365546218487395 0.028125 0.07352941176470588