355 0.103125 0.15942028985507245 0.096875 0.09523809523809523
336 0.128125 0.08488612836438923 0.0265625 0.033126293995859216
410 0.203125 0.15942028985507245 0.0765625 0.09730848861283643
336 0.2171875 0.08281573498964803 0.028125 0.033126293995859216
224 0.296875 0.15942028985507245 0.0859375 0.09730848861283643
296 0.303125 0.07867494824016563 0.0625 0.06418219461697723
492 0.3890625 0.19461697722567287 0.078125 0.16149068322981366
224 0.4703125 0.15942028985507245 0.0875 0.09316770186335403
180 0.5359375 0.19668737060041408 0.0453125 0.16563146997929606
337 0.609375 0.16149068322981366 0.084375 0.09730848861283643
260 0.703125 0.15942028985507245 0.0859375 0.09523809523809523
336 0.721875 0.08281573498964803 0.0265625 0.035196687370600416
250 0.80625 0.19254658385093168 0.1015625 0.16770186335403728
250 0.90625 0.19461697722567287 0.1015625 0.16770186335403728
242 0.0953125 0.6459627329192547 0.084375 0.09523809523809523
296 0.1015625 0.5631469979296067 0.0625 0.06625258799171843
207 0.14375 0.5548654244306418 0.0328125 0.06625258799171843
260 0.196875 0.6438923395445134 0.0859375 0.09523809523809523
21 0.3046875 0.6728778467908902 0.1234375 0.16356107660455488
360 0.3875 0.6480331262939959 0.028125 0.07660455486542443
360 0.4109375 0.6480331262939959 0.028125 0.07867494824016563
31 0.478125 0.6438923395445134 0.078125 0.09730848861283643
446 0.578125 0.6459627329192547 0.1109375 0.09109730848861283
357 0.703125 0.6853002070393375 0.125 0.17598343685300208
286 0.8125 0.6770186335403726 0.1 0.16356107660455488
300 0.9 0.6418219461697723 0.0765625 0.09523809523809523
300 0.9578125 0.6521739130434783 0.0296875 0.07246376811594203