286 0.13125 0.1827309236947791 0.103125 0.16265060240963855
260 0.2265625 0.14859437751004015 0.0828125 0.09236947791164658
224 0.3203125 0.14859437751004015 0.0890625 0.09236947791164658
336 0.3390625 0.07429718875502007 0.028125 0.0321285140562249
502 0.4140625 0.15060240963855423 0.084375 0.09236947791164658
392 0.5015625 0.14859437751004015 0.0796875 0.09437751004016064
296 0.5046875 0.06827309236947791 0.0640625 0.0642570281124498
297 0.5765625 0.1827309236947791 0.0484375 0.16265060240963855
410 0.6453125 0.15060240963855423 0.08125 0.09437751004016064
465 0.7109375 0.14859437751004015 0.0484375 0.08634538152610442
297 0.76875 0.18473895582329317 0.05 0.16265060240963855
374 0.840625 0.14859437751004015 0.0875 0.09437751004016064
411 0.884375 0.07630522088353414 0.034375 0.028112449799196786
465 0.9125 0.14859437751004015 0.0515625 0.08835341365461848
286 0.13125 0.6566265060240963 0.1046875 0.1566265060240964
510 0.2328125 0.6566265060240963 0.0984375 0.15863453815261044
17 0.34375 0.6506024096385542 0.1234375 0.16265060240963855
360 0.425 0.6265060240963856 0.0296875 0.07228915662650602
360 0.45 0.6244979919678715 0.0296875 0.07429718875502007