221 0.078125 0.15486725663716813 0.0546875 0.16371681415929204
250 0.16875 0.17920353982300885 0.0953125 0.168141592920354
318 0.2609375 0.14380530973451328 0.08125 0.09292035398230089
242 0.3453125 0.14380530973451328 0.0765625 0.09513274336283185
242 0.4296875 0.14380530973451328 0.078125 0.09292035398230089
411 0.471875 0.06858407079646017 0.028125 0.028761061946902654
355 0.5265625 0.14380530973451328 0.09375 0.09955752212389381
336 0.5515625 0.06415929203539823 0.025 0.035398230088495575
207 0.58125 0.05088495575221239 0.03125 0.06415929203539823
355 0.10625 0.6349557522123894 0.090625 0.09513274336283185
318 0.2 0.6349557522123894 0.0859375 0.09513274336283185
297 0.271875 0.6703539823008849 0.046875 0.168141592920354
260 0.3390625 0.6371681415929203 0.0796875 0.09734513274336283
318 0.4265625 0.6349557522123894 0.0828125 0.09513274336283185
431 0.5265625 0.6769911504424779 0.1015625 0.17920353982300885
224 0.6140625 0.6349557522123894 0.0796875 0.09734513274336283
355 0.7046875 0.6349557522123894 0.0921875 0.09734513274336283
318 0.796875 0.6349557522123894 0.0828125 0.09734513274336283
169 0.8078125 0.7123893805309734 0.0578125 0.059734513274336286
520 0.890625 0.6349557522123894 0.0859375 0.09513274336283185
411 0.934375 0.5597345132743363 0.03125 0.02654867256637168
360 0.9578125 0.6371681415929203 0.0296875 0.08185840707964602