355 0.128125 0.1286031042128603 0.0921875 0.0975609756097561
520 0.2234375 0.13082039911308205 0.0875 0.09534368070953436
308 0.315625 0.16851441241685144 0.090625 0.16851441241685144
492 0.396875 0.16851441241685144 0.0734375 0.1662971175166297
250 0.4828125 0.16851441241685144 0.0984375 0.1662971175166297
492 0.5671875 0.1662971175166297 0.071875 0.16851441241685144
12 0.6578125 0.15964523281596452 0.1171875 0.16851441241685144
360 0.734375 0.13747228381374724 0.0265625 0.07760532150776053
360 0.7578125 0.13968957871396895 0.0296875 0.06873614190687362
132 0.821875 0.13968957871396895 0.08125 0.11529933481152993
466 0.909375 0.13303769401330376 0.0765625 0.09534368070953436
336 0.925 0.05321507760532151 0.025 0.031042128603104215
466 0.121875 0.6252771618625277 0.078125 0.09534368070953436
411 0.1625 0.549889135254989 0.03125 0.028824833702882482
297 0.1953125 0.6629711751662971 0.046875 0.17073170731707318
355 0.26875 0.6274944567627494 0.0921875 0.09534368070953436
465 0.3390625 0.6252771618625277 0.046875 0.09312638580931264
410 0.409375 0.6252771618625277 0.0765625 0.09090909090909091
169 0.4203125 0.70509977827051 0.05625 0.06208425720620843
520 0.5015625 0.6252771618625277 0.0890625 0.0975609756097561
260 0.590625 0.6252771618625277 0.0828125 0.0975609756097561
410 0.675 0.6252771618625277 0.075 0.09977827050997783
466 0.7546875 0.6274944567627494 0.0765625 0.0975609756097561
296 0.759375 0.5432372505543237 0.0625 0.06208425720620843
207 0.8015625 0.5343680709534369 0.034375 0.07095343680709534
382 0.859375 0.6629711751662971 0.0984375 0.164079822616408