502 0.134375 0.15180722891566265 0.0671875 0.0891566265060241
296 0.1375 0.07228915662650602 0.0546875 0.06265060240963856
297 0.2015625 0.19036144578313252 0.0390625 0.1614457831325301
355 0.26875 0.15421686746987953 0.0828125 0.0891566265060241
465 0.334375 0.15180722891566265 0.0390625 0.0891566265060241
374 0.3984375 0.15421686746987953 0.071875 0.09156626506024096
180 0.45625 0.19036144578313252 0.0375 0.16626506024096385
392 0.515625 0.15421686746987953 0.0640625 0.0891566265060241
296 0.51875 0.06987951807228916 0.05625 0.06265060240963856
411 0.6578125 0.07710843373493977 0.025 0.024096385542168676
364 0.7140625 0.18795180722891566 0.0953125 0.1566265060240964
521 0.8 0.1614457831325301 0.0703125 0.10843373493975904
360 0.8546875 0.1566265060240964 0.021875 0.07228915662650602
318 0.1375 0.6433734939759036 0.0734375 0.09156626506024096
364 0.23125 0.6771084337349398 0.0953125 0.1614457831325301
318 0.3203125 0.6433734939759036 0.0734375 0.0891566265060241
336 0.3375 0.563855421686747 0.0203125 0.03132530120481928
502 0.403125 0.6433734939759036 0.0671875 0.0891566265060241
336 0.41875 0.563855421686747 0.021875 0.02891566265060241
180 0.4640625 0.6819277108433734 0.0375 0.1710843373493976
297 0.5109375 0.6795180722891566 0.040625 0.1614457831325301
355 0.578125 0.6433734939759036 0.08125 0.09156626506024096
374 0.6625 0.6433734939759036 0.0703125 0.0891566265060241
336 0.678125 0.563855421686747 0.021875 0.02891566265060241
412 0.7421875 0.6433734939759036 0.065625 0.09156626506024096
17 0.8328125 0.672289156626506 0.103125 0.1614457831325301
446 0.60625 0.15421686746987953 0.096875 0.0891566265060241