466 0.1015625 0.1771058315334773 0.0765625 0.09071274298056156
411 0.1421875 0.10367170626349892 0.0296875 0.02591792656587473
297 0.1734375 0.21166306695464362 0.0453125 0.15982721382289417
355 0.246875 0.1771058315334773 0.0921875 0.09071274298056156
465 0.315625 0.1771058315334773 0.0453125 0.08855291576673865
410 0.384375 0.1771058315334773 0.075 0.09503239740820735
215 0.3890625 0.2526997840172786 0.0703125 0.06047516198704104
466 0.471875 0.1771058315334773 0.078125 0.09071274298056156
336 0.4875 0.10151187904967603 0.025 0.0367170626349892
374 0.559375 0.1771058315334773 0.0796875 0.09071274298056156
159 0.571875 0.2505399568034557 0.0578125 0.06047516198704104
336 0.58125 0.10151187904967603 0.025 0.032397408207343416
374 0.653125 0.1771058315334773 0.0796875 0.09071274298056156
411 0.69375 0.10367170626349892 0.03125 0.028077753779697623
360 0.715625 0.183585313174946 0.0296875 0.07127429805615551
242 0.7796875 0.17494600431965443 0.075 0.09287257019438445
546 0.8765625 0.20950323974082075 0.103125 0.15982721382289417
207 0.921875 0.08855291576673865 0.034375 0.06047516198704104
510 0.1078125 0.6846652267818575 0.090625 0.15982721382289417
355 0.2015625 0.6501079913606912 0.090625 0.08855291576673865
194 0.221875 0.7365010799136069 0.05 0.07991360691144708
242 0.2921875 0.6501079913606912 0.078125 0.09071274298056156
326 0.3875 0.6846652267818575 0.0984375 0.16198704103671707
207 0.4328125 0.5593952483801296 0.0328125 0.06911447084233262
466 0.484375 0.6501079913606912 0.0734375 0.09287257019438445
296 0.4875 0.5701943844492441 0.0609375 0.06263498920086392
207 0.528125 0.5615550755939525 0.034375 0.06479481641468683
382 0.584375 0.6825053995680346 0.0984375 0.16198704103671707
250 0.6796875 0.6846652267818575 0.0953125 0.16198704103671707
318 0.76875 0.652267818574514 0.08125 0.09071274298056156
242 0.8546875 0.6501079913606912 0.078125 0.09287257019438445