242 0.0828125 0.1330166270783848 0.071875 0.09501187648456057
260 0.1625 0.13539192399049882 0.0734375 0.09263657957244656
411 0.203125 0.06175771971496437 0.028125 0.028503562945368172
360 0.225 0.14251781472684086 0.025 0.07600950118764846
360 0.2453125 0.14014251781472684 0.025 0.07838479809976247
221 0.065625 0.6389548693586699 0.0484375 0.16389548693586697
260 0.1421875 0.6270783847980997 0.0734375 0.09263657957244656
336 0.159375 0.5510688836104513 0.0234375 0.0332541567695962
510 0.234375 0.66270783847981 0.0859375 0.16389548693586697
286 0.3234375 0.66270783847981 0.0875 0.166270783847981
297 0.390625 0.665083135391924 0.04375 0.166270783847981
520 0.45625 0.6270783847980997 0.0796875 0.09263657957244656
169 0.4703125 0.7054631828978623 0.053125 0.05938242280285035
502 0.540625 0.6270783847980997 0.071875 0.09738717339667459
360 0.5953125 0.6365795724465558 0.0265625 0.07600950118764846
502 0.6546875 0.6270783847980997 0.0703125 0.09501187648456057
296 0.659375 0.5463182897862233 0.05625 0.06413301662707839
297 0.7234375 0.66270783847981 0.04375 0.16864608076009502
318 0.7875 0.6270783847980997 0.0765625 0.09263657957244656
465 0.85 0.6270783847980997 0.040625 0.09263657957244656
484 0.9046875 0.6270783847980997 0.0515625 0.09263657957244656
411 0.9328125 0.5534441805225653 0.0265625 0.030878859857482184