492 0.08125 0.21365638766519823 0.0734375 0.16299559471365638
556 0.15625 0.17841409691629956 0.075 0.09030837004405286
520 0.240625 0.17841409691629956 0.084375 0.0947136563876652
208 0.33125 0.17841409691629956 0.0890625 0.0947136563876652
296 0.3359375 0.09911894273127753 0.0625 0.06167400881057269
260 0.4203125 0.17841409691629956 0.0796875 0.0947136563876652
411 0.4609375 0.10572687224669604 0.03125 0.02643171806167401
392 0.5078125 0.17841409691629956 0.0734375 0.09251101321585903
296 0.509375 0.09911894273127753 0.059375 0.06387665198237885
392 0.590625 0.17841409691629956 0.071875 0.0947136563876652
163 0.6046875 0.2841409691629956 0.06875 0.11233480176211454
318 0.68125 0.17841409691629956 0.0828125 0.09251101321585903
22 0.7890625 0.20704845814977973 0.125 0.16519823788546256
510 0.0921875 0.6916299559471366 0.09375 0.16740088105726872
510 0.184375 0.6938325991189427 0.090625 0.16299559471365638
207 0.228125 0.5682819383259912 0.0328125 0.06607929515418502
337 0.2765625 0.6585903083700441 0.0796875 0.0947136563876652
382 0.3703125 0.6938325991189427 0.09375 0.16299559471365638
207 0.4125 0.5704845814977973 0.034375 0.06607929515418502
360 0.4375 0.6629955947136564 0.028125 0.07048458149779736
360 0.4609375 0.6651982378854625 0.025 0.07488986784140969
60 0.5265625 0.6651982378854625 0.084375 0.10792951541850221
318 0.6140625 0.6585903083700441 0.08125 0.09030837004405286
224 0.7015625 0.6563876651982379 0.08125 0.09030837004405286
296 0.7078125 0.5770925110132159 0.059375 0.06607929515418502
207 0.7484375 0.5682819383259912 0.034375 0.06607929515418502
355 0.8046875 0.6607929515418502 0.0921875 0.09691629955947137
520 0.8984375 0.6585903083700441 0.0875 0.0947136563876652
360 0.959375 0.6651982378854625 0.028125 0.07488986784140969