242 0.1046875 0.14947368421052631 0.0859375 0.09473684210526316
484 0.1828125 0.15157894736842106 0.059375 0.09473684210526316
336 0.190625 0.07157894736842105 0.0265625 0.03368421052631579
520 0.2734375 0.14947368421052631 0.0921875 0.0968421052631579
242 0.3671875 0.15157894736842106 0.08125 0.0968421052631579
484 0.4453125 0.15157894736842106 0.0609375 0.0968421052631579
336 0.453125 0.07157894736842105 0.025 0.03368421052631579
520 0.5359375 0.14947368421052631 0.090625 0.09473684210526316
410 0.6296875 0.14947368421052631 0.0796875 0.0968421052631579
466 0.7171875 0.14947368421052631 0.08125 0.0968421052631579
296 0.7234375 0.06736842105263158 0.0625 0.06736842105263158
207 0.7671875 0.056842105263157895 0.034375 0.06947368421052631
382 0.828125 0.18736842105263157 0.103125 0.16842105263157894
466 0.109375 0.6505263157894737 0.08125 0.09473684210526316
411 0.15 0.5747368421052632 0.03125 0.02526315789473684
297 0.1859375 0.6884210526315789 0.046875 0.16421052631578947
355 0.2640625 0.6505263157894737 0.096875 0.0968421052631579
465 0.340625 0.6505263157894737 0.046875 0.09473684210526316
410 0.4140625 0.6505263157894737 0.078125 0.0968421052631579
164 0.4265625 0.7305263157894737 0.059375 0.061052631578947365
484 0.49375 0.6526315789473685 0.059375 0.09473684210526316
355 0.58125 0.6526315789473685 0.0984375 0.09473684210526316
360 0.65 0.6568421052631579 0.028125 0.07789473684210527
250 0.728125 0.6884210526315789 0.1015625 0.16421052631578947
318 0.8265625 0.6526315789473685 0.0890625 0.09052631578947369
242 0.9171875 0.6526315789473685 0.0828125 0.0968421052631579