250 0.0984375 0.21179039301310043 0.090625 0.15502183406113537
318 0.184375 0.17903930131004367 0.0796875 0.09170305676855896
318 0.271875 0.17903930131004367 0.08125 0.08951965065502183
336 0.2921875 0.10480349344978165 0.0234375 0.03275109170305677
364 0.3765625 0.21179039301310043 0.103125 0.1572052401746725
286 0.4765625 0.21179039301310043 0.09375 0.1572052401746725
260 0.5640625 0.17685589519650655 0.0796875 0.09170305676855896
336 0.58125 0.10480349344978165 0.025 0.03056768558951965
466 0.653125 0.17903930131004367 0.071875 0.08951965065502183
411 0.690625 0.10698689956331878 0.0265625 0.026200873362445413
355 0.7453125 0.17685589519650655 0.0875 0.08951965065502183
21 0.85 0.2052401746724891 0.1140625 0.1572052401746725
360 0.9265625 0.18340611353711792 0.0265625 0.06986899563318777
360 0.9484375 0.18340611353711792 0.0234375 0.07641921397379912
118 0.0890625 0.648471615720524 0.0765625 0.08733624454148471
336 0.0984375 0.574235807860262 0.025 0.03056768558951965
492 0.165625 0.6812227074235808 0.06875 0.15938864628820962
556 0.2390625 0.6462882096069869 0.0734375 0.09170305676855896
520 0.3234375 0.6462882096069869 0.084375 0.09170305676855896
191 0.35 0.7510917030567685 0.059375 0.11353711790393013
300 0.4140625 0.6462882096069869 0.06875 0.08733624454148471
392 0.490625 0.6462882096069869 0.0703125 0.08951965065502183
296 0.49375 0.5676855895196506 0.0578125 0.0611353711790393
410 0.5734375 0.648471615720524 0.0703125 0.08733624454148471
178 0.5890625 0.7510917030567685 0.0671875 0.11353711790393013
300 0.659375 0.648471615720524 0.06875 0.08733624454148471
224 0.7390625 0.6462882096069869 0.078125 0.08951965065502183
180 0.8 0.6834061135371179 0.0421875 0.16375545851528384
556 0.8640625 0.6462882096069869 0.075 0.09170305676855896