286 0.1 0.18013856812933027 0.090625 0.16859122401847576
364 0.2 0.18013856812933027 0.103125 0.16397228637413394
180 0.2671875 0.18244803695150116 0.040625 0.16859122401847576
437 0.3390625 0.18013856812933027 0.0859375 0.16397228637413394
446 0.4359375 0.14549653579676675 0.0984375 0.09699769053117784
296 0.4515625 0.06466512702078522 0.0578125 0.06928406466512702
224 0.534375 0.14549653579676675 0.0765625 0.09237875288683603
207 0.5734375 0.053117782909930716 0.03125 0.06697459584295612
250 0.628125 0.18013856812933027 0.090625 0.16397228637413394
250 0.7203125 0.18013856812933027 0.0921875 0.16397228637413394
374 0.8046875 0.14549653579676675 0.0765625 0.09237875288683603
168 0.825 0.2517321016166282 0.0640625 0.11778290993071594
484 0.884375 0.14549653579676675 0.053125 0.09237875288683603
411 0.9125 0.07159353348729793 0.028125 0.025404157043879907
360 0.9375 0.15011547344110854 0.0265625 0.07852193995381063
360 0.959375 0.15011547344110854 0.021875 0.08083140877598152
221 0.0734375 0.6466512702078522 0.05 0.16166281755196305
242 0.1515625 0.6374133949191686 0.075 0.09468822170900693
355 0.240625 0.6374133949191686 0.0875 0.09237875288683603
355 0.3265625 0.6351039260969977 0.075 0.09006928406466513
374 0.3390625 0.7136258660508084 0.0546875 0.06004618937644342
355 0.41875 0.6374133949191686 0.0890625 0.09699769053117784
355 0.50625 0.6351039260969977 0.0765625 0.09006928406466513
337 0.521875 0.7159353348729792 0.046875 0.06466512702078522
260 0.59375 0.6374133949191686 0.078125 0.09699769053117784
336 0.6109375 0.558891454965358 0.025 0.03233256351039261
502 0.6796875 0.6351039260969977 0.0734375 0.09468822170900693
355 0.765625 0.6374133949191686 0.0890625 0.09468822170900693
208 0.8546875 0.6351039260969977 0.084375 0.09468822170900693
336 0.871875 0.558891454965358 0.025 0.03233256351039261