242 0.0984375 0.1522198731501057 0.08125 0.09090909090909091
411 0.14375 0.080338266384778 0.03125 0.02748414376321353
355 0.2015625 0.1543340380549683 0.0953125 0.09302325581395349
355 0.303125 0.1543340380549683 0.0921875 0.09302325581395349
17 0.415625 0.18181818181818182 0.121875 0.16701902748414377
360 0.496875 0.15856236786469344 0.028125 0.07188160676532769
360 0.5203125 0.15644820295983086 0.0265625 0.07610993657505286
392 0.5828125 0.1522198731501057 0.0765625 0.09302325581395349
296 0.5859375 0.07399577167019028 0.0609375 0.0613107822410148
297 0.65625 0.18816067653276955 0.046875 0.16701902748414377
484 0.7140625 0.1522198731501057 0.0578125 0.09725158562367865
355 0.8 0.1543340380549683 0.0953125 0.09513742071881606
437 0.8984375 0.18816067653276955 0.0921875 0.16279069767441862
510 0.1078125 0.678646934460888 0.0953125 0.160676532769556
242 0.196875 0.642706131078224 0.08125 0.09090909090909091
336 0.215625 0.5665961945031712 0.0265625 0.03382663847780127
360 0.2625 0.6469344608879493 0.028125 0.07610993657505286
392 0.3296875 0.642706131078224 0.075 0.09302325581395349
296 0.3328125 0.5602536997885835 0.0625 0.06342494714587738
297 0.403125 0.678646934460888 0.0453125 0.16279069767441862
484 0.459375 0.642706131078224 0.0578125 0.09302325581395349
355 0.54375 0.6405919661733616 0.0921875 0.09302325581395349
437 0.6453125 0.6765327695560254 0.09375 0.16701902748414377
250 0.7421875 0.6765327695560254 0.0984375 0.16279069767441862
484 0.8203125 0.642706131078224 0.05625 0.09302325581395349
207 0.8515625 0.5517970401691332 0.0328125 0.06342494714587738
360 0.875 0.6469344608879493 0.028125 0.07188160676532769