224 0.0921875 0.1351981351981352 0.0765625 0.09324009324009325
355 0.18125 0.1351981351981352 0.0859375 0.09557109557109557
374 0.2671875 0.13286713286713286 0.075 0.09324009324009325
198 0.290625 0.24242424242424243 0.0609375 0.11421911421911422
410 0.3578125 0.13286713286713286 0.0703125 0.09324009324009325
168 0.375 0.2400932400932401 0.0640625 0.11888111888111888
374 0.4453125 0.1351981351981352 0.0765625 0.09557109557109557
169 0.4578125 0.21445221445221446 0.0546875 0.06293706293706294
336 0.4671875 0.055944055944055944 0.025 0.03263403263403263
242 0.5359375 0.13286713286713286 0.0734375 0.09090909090909091
484 0.60625 0.1351981351981352 0.053125 0.09557109557109557
336 0.6125 0.055944055944055944 0.025 0.03496503496503497
520 0.6859375 0.13286713286713286 0.0828125 0.09557109557109557
520 0.0953125 0.6293706293706294 0.0828125 0.0979020979020979
296 0.1046875 0.5477855477855478 0.0578125 0.0675990675990676
484 0.1734375 0.6293706293706294 0.0515625 0.09324009324009325
355 0.2515625 0.6293706293706294 0.0875 0.09090909090909091
179 0.3390625 0.6317016317016317 0.0828125 0.09324009324009325
336 0.359375 0.5501165501165501 0.0234375 0.037296037296037296
207 0.3875 0.5361305361305362 0.0265625 0.06526806526806526
360 0.4109375 0.634032634032634 0.028125 0.07925407925407925
360 0.4328125 0.634032634032634 0.0265625 0.08158508158508158
286 0.503125 0.6643356643356644 0.0921875 0.1655011655011655
260 0.5875 0.6293706293706294 0.0765625 0.09324009324009325
455 0.6890625 0.6643356643356644 0.1140625 0.1655011655011655
510 0.79375 0.6666666666666666 0.0875 0.1655011655011655
17 0.89375 0.6573426573426573 0.1109375 0.16783216783216784