510 0.1015625 0.21956521739130436 0.0921875 0.15869565217391304
510 0.1953125 0.2217391304347826 0.0953125 0.15869565217391304
510 0.29375 0.21956521739130436 0.09375 0.16304347826086957
207 0.2375 0.09565217391304348 0.0328125 0.06521739130434782
412 0.378125 0.1826086956521739 0.0734375 0.09130434782608696
318 0.4625 0.18695652173913044 0.0859375 0.09130434782608696
336 0.48125 0.10869565217391304 0.025 0.03695652173913044
360 0.53125 0.1891304347826087 0.028125 0.07391304347826087
360 0.553125 0.18695652173913044 0.025 0.08043478260869565
260 0.615625 0.18478260869565216 0.0796875 0.0891304347826087
336 0.634375 0.1108695652173913 0.025 0.03695652173913044
318 0.7078125 0.18478260869565216 0.084375 0.09565217391304348
260 0.803125 0.21739130434782608 0.0953125 0.1608695652173913
300 0.8859375 0.18478260869565216 0.071875 0.09130434782608696
224 0.096875 0.6630434782608695 0.08125 0.09565217391304348
180 0.159375 0.7 0.040625 0.1673913043478261
556 0.225 0.6630434782608695 0.0765625 0.09347826086956522
502 0.3078125 0.6652173913043479 0.0765625 0.09130434782608696
296 0.3125 0.5847826086956521 0.059375 0.06521739130434782
400 0.4015625 0.6978260869565217 0.0890625 0.1608695652173913
318 0.4890625 0.6630434782608695 0.0875 0.09782608695652174
224 0.578125 0.6652173913043479 0.0875 0.09347826086956522
296 0.5828125 0.5826086956521739 0.059375 0.06739130434782609
484 0.6546875 0.6630434782608695 0.0546875 0.09347826086956522
556 0.7265625 0.6630434782608695 0.071875 0.09565217391304348
374 0.809375 0.6652173913043479 0.08125 0.09130434782608696
169 0.8203125 0.741304347826087 0.05625 0.06086956521739131
484 0.8859375 0.6630434782608695 0.05625 0.09130434782608696
336 0.8921875 0.5891304347826087 0.025 0.034782608695652174