466 0.1265625 0.17078189300411523 0.0796875 0.09053497942386832
411 0.1671875 0.09876543209876543 0.034375 0.02880658436213992
297 0.203125 0.205761316872428 0.0484375 0.16049382716049382
355 0.278125 0.17078189300411523 0.0953125 0.09053497942386832
465 0.353125 0.17078189300411523 0.0484375 0.09259259259259259
410 0.425 0.17078189300411523 0.078125 0.09259259259259259
169 0.4328125 0.24691358024691357 0.0609375 0.05555555555555555
300 0.509375 0.17078189300411523 0.075 0.08847736625514403
412 0.5921875 0.17078189300411523 0.0765625 0.09053497942386832
410 0.6765625 0.17078189300411523 0.0796875 0.09259259259259259
336 0.6953125 0.09670781893004116 0.0265625 0.03292181069958848
169 0.684375 0.24897119341563786 0.059375 0.05555555555555555
466 0.775 0.17078189300411523 0.078125 0.09053497942386832
502 0.8578125 0.17078189300411523 0.078125 0.09053497942386832
207 0.9 0.0823045267489712 0.034375 0.06172839506172839
360 0.9265625 0.1748971193415638 0.028125 0.0720164609053498
360 0.9515625 0.1748971193415638 0.028125 0.07818930041152264
221 0.103125 0.6584362139917695 0.0546875 0.15843621399176955
124 0.19375 0.6810699588477366 0.090625 0.15843621399176955
286 0.290625 0.6810699588477366 0.1 0.15637860082304528
520 0.3859375 0.6481481481481481 0.090625 0.09259259259259259
199 0.4734375 0.6460905349794238 0.08125 0.09259259259259259
502 0.5625 0.6481481481481481 0.08125 0.09465020576131687
207 0.6015625 0.5576131687242798 0.0375 0.06584362139917696