242 0.08125 0.15898617511520738 0.078125 0.0944700460829493
484 0.15 0.16129032258064516 0.05625 0.0944700460829493
336 0.15625 0.08294930875576037 0.0234375 0.03686635944700461
520 0.23125 0.15898617511520738 0.0875 0.0967741935483871
355 0.321875 0.15898617511520738 0.0890625 0.09907834101382489
296 0.3328125 0.08064516129032258 0.05625 0.06451612903225806
326 0.425 0.195852534562212 0.1 0.16359447004608296
410 0.5078125 0.15898617511520738 0.071875 0.0944700460829493
164 0.5171875 0.23732718894009217 0.05625 0.059907834101382486
484 0.578125 0.15898617511520738 0.0546875 0.09216589861751152
336 0.584375 0.08294930875576037 0.025 0.03917050691244239
520 0.6578125 0.16129032258064516 0.0828125 0.0944700460829493
318 0.7453125 0.15898617511520738 0.0796875 0.08986175115207373
410 0.828125 0.15898617511520738 0.0734375 0.0944700460829493
296 0.8296875 0.08064516129032258 0.059375 0.06682027649769585
180 0.890625 0.19815668202764977 0.040625 0.17050691244239632
360 0.93125 0.16359447004608296 0.0265625 0.07603686635944701
360 0.953125 0.16129032258064516 0.0265625 0.07603686635944701
250 0.0875 0.6820276497695853 0.0921875 0.16589861751152074
250 0.1796875 0.6820276497695853 0.090625 0.16589861751152074
374 0.2625 0.6474654377880185 0.078125 0.09216589861751152
168 0.284375 0.7511520737327189 0.065625 0.12211981566820276
484 0.3421875 0.6474654377880185 0.05625 0.0967741935483871
336 0.3484375 0.5691244239631337 0.025 0.03225806451612903
300 0.4140625 0.6474654377880185 0.06875 0.0944700460829493
574 0.496875 0.6474654377880185 0.0859375 0.0944700460829493
411 0.5421875 0.5714285714285714 0.028125 0.027649769585253458
286 0.596875 0.6820276497695853 0.0921875 0.16820276497695852
382 0.6890625 0.6820276497695853 0.09375 0.16589861751152074
446 0.7875 0.6497695852534562 0.10625 0.09907834101382489