510 0.1125 0.17381489841986456 0.090625 0.16478555304740405
446 0.2109375 0.1399548532731377 0.103125 0.09029345372460497
336 0.240625 0.060948081264108354 0.0265625 0.03160270880361174
360 0.2859375 0.14221218961625282 0.0265625 0.07674943566591422
355 0.35625 0.1399548532731377 0.0890625 0.09480812641083522
336 0.378125 0.060948081264108354 0.025 0.029345372460496615
410 0.4484375 0.1399548532731377 0.075 0.09480812641083522
336 0.4625 0.06320541760722348 0.025 0.033860045146726865
242 0.1046875 0.6275395033860045 0.075 0.09480812641083522
484 0.1765625 0.6275395033860045 0.05625 0.09480812641083522
336 0.184375 0.5507900677200903 0.0265625 0.03160270880361174
520 0.259375 0.6275395033860045 0.084375 0.09480812641083522
355 0.3515625 0.6275395033860045 0.0875 0.09480812641083522
296 0.3640625 0.54627539503386 0.059375 0.0654627539503386
326 0.45625 0.6613995485327314 0.096875 0.16252821670428894
410 0.5421875 0.6275395033860045 0.071875 0.09029345372460497
164 0.553125 0.7042889390519187 0.0515625 0.06320541760722348
392 0.6234375 0.6275395033860045 0.0734375 0.09480812641083522
203 0.7078125 0.6613995485327314 0.0921875 0.16478555304740405
484 0.78125 0.6275395033860045 0.053125 0.09029345372460497
17 0.8703125 0.6568848758465011 0.1125 0.1670428893905192
360 0.9453125 0.6343115124153499 0.028125 0.0744920993227991
360 0.9671875 0.6320541760722348 0.0265625 0.0744920993227991