286 0.121875 0.1776765375854214 0.09375 0.16173120728929385
260 0.2078125 0.14350797266514806 0.078125 0.09567198177676538
455 0.3109375 0.1776765375854214 0.1171875 0.16400911161731208
510 0.4125 0.17995444191343962 0.0921875 0.17084282460136674
410 0.49375 0.14350797266514806 0.0703125 0.09567198177676538
212 0.58125 0.1776765375854214 0.0953125 0.16400911161731208
510 0.675 0.1776765375854214 0.0921875 0.16173120728929385
207 0.715625 0.05011389521640091 0.0359375 0.06378132118451026
510 0.7703125 0.1776765375854214 0.0875 0.15945330296127563
412 0.8515625 0.14350797266514806 0.06875 0.09567198177676538
318 0.9359375 0.14578587699316628 0.0859375 0.09339407744874716
336 0.953125 0.0683371298405467 0.0234375 0.03416856492027335
360 0.0890625 0.6378132118451025 0.025 0.07517084282460136
392 0.1484375 0.6287015945330297 0.0734375 0.09567198177676538
296 0.15 0.5489749430523918 0.059375 0.06605922551252848
410 0.2296875 0.6309794988610479 0.071875 0.09339407744874716
164 0.240625 0.7061503416856492 0.053125 0.06150341685649203
484 0.3015625 0.6287015945330297 0.05625 0.0888382687927107
336 0.3078125 0.5535307517084282 0.0234375 0.03416856492027335
502 0.3765625 0.6309794988610479 0.075 0.09339407744874716
336 0.3921875 0.5535307517084282 0.0265625 0.03416856492027335
318 0.4640625 0.6309794988610479 0.0828125 0.09339407744874716
466 0.5515625 0.6309794988610479 0.0734375 0.09111617312072894
437 0.6375 0.6651480637813212 0.0875 0.16400911161731208