392 0.0890625 0.15898617511520738 0.06875 0.09216589861751152
296 0.090625 0.07834101382488479 0.05625 0.06451612903225806
446 0.1828125 0.15898617511520738 0.0984375 0.0944700460829493
336 0.2125 0.08294930875576037 0.025 0.03225806451612903
392 0.2765625 0.15668202764976957 0.06875 0.0967741935483871
199 0.35 0.15898617511520738 0.0734375 0.09216589861751152
410 0.428125 0.15898617511520738 0.06875 0.08986175115207373
168 0.44375 0.2626728110599078 0.0640625 0.11981566820276497
492 0.5109375 0.1935483870967742 0.0671875 0.16129032258064516
300 0.5796875 0.15898617511520738 0.0671875 0.08986175115207373
168 0.5953125 0.26036866359447003 0.0625 0.1152073732718894
484 0.653125 0.15898617511520738 0.0546875 0.08986175115207373
336 0.659375 0.08294930875576037 0.021875 0.03917050691244239
300 0.7234375 0.15898617511520738 0.0671875 0.08986175115207373
360 0.778125 0.16129032258064516 0.025 0.07373271889400922
360 0.796875 0.16359447004608296 0.028125 0.07603686635944701
221 0.071875 0.652073732718894 0.0484375 0.15898617511520738
242 0.15 0.6405529953917051 0.0734375 0.09216589861751152
484 0.215625 0.6405529953917051 0.053125 0.0944700460829493
336 0.2234375 0.5668202764976958 0.0234375 0.03456221198156682
520 0.2953125 0.6405529953917051 0.0796875 0.09216589861751152
250 0.3875 0.6751152073732719 0.090625 0.16129032258064516
364 0.4828125 0.6751152073732719 0.1015625 0.16359447004608296
466 0.5734375 0.6405529953917051 0.0703125 0.0944700460829493
208 0.6546875 0.6428571428571429 0.084375 0.0944700460829493
392 0.73125 0.6405529953917051 0.0671875 0.0944700460829493
199 0.803125 0.6405529953917051 0.0734375 0.08986175115207373
318 0.8875 0.6382488479262672 0.0796875 0.0967741935483871
336 0.9046875 0.5645161290322581 0.0234375 0.03456221198156682