260 0.0984375 0.17117117117117117 0.078125 0.0945945945945946
336 0.115625 0.0945945945945946 0.025 0.02927927927927928
502 0.1828125 0.17117117117117117 0.0765625 0.09234234234234234
336 0.1984375 0.0945945945945946 0.025 0.033783783783783786
410 0.2671875 0.17117117117117117 0.0734375 0.09234234234234234
336 0.2828125 0.0945945945945946 0.0234375 0.033783783783783786
360 0.328125 0.17567567567567569 0.028125 0.07432432432432433
360 0.3515625 0.17567567567567569 0.025 0.07882882882882883
132 0.4125 0.17792792792792791 0.0796875 0.10810810810810811
466 0.496875 0.17117117117117117 0.0734375 0.0945945945945946
336 0.5109375 0.0945945945945946 0.0265625 0.033783783783783786
242 0.5796875 0.17117117117117117 0.0765625 0.09684684684684684
484 0.65 0.17117117117117117 0.0546875 0.08783783783783784
336 0.6578125 0.0945945945945946 0.0265625 0.036036036036036036
520 0.7296875 0.17117117117117117 0.08125 0.09684684684684684
510 0.821875 0.20495495495495494 0.090625 0.16216216216216217
242 0.9046875 0.16891891891891891 0.075 0.09684684684684684
336 0.921875 0.0945945945945946 0.028125 0.038288288288288286
224 0.0984375 0.6486486486486487 0.0796875 0.09684684684684684
355 0.1890625 0.6486486486486487 0.0890625 0.0945945945945946
374 0.275 0.6509009009009009 0.078125 0.09009009009009009
208 0.3578125 0.6509009009009009 0.0890625 0.09234234234234234
296 0.3640625 0.5675675675675675 0.0578125 0.06531531531531531
374 0.44375 0.6486486486486487 0.078125 0.09684684684684684
382 0.534375 0.6846846846846847 0.0921875 0.16216216216216217
318 0.621875 0.6509009009009009 0.078125 0.09234234234234234
336 0.6421875 0.5743243243243243 0.0296875 0.04279279279279279
286 0.7171875 0.6824324324324325 0.09375 0.16441441441441443
19 0.8234375 0.6779279279279279 0.1125 0.16666666666666666
360 0.896875 0.6554054054054054 0.025 0.06981981981981981
360 0.91875 0.6554054054054054 0.028125 0.06981981981981981