61 0.121875 0.15250544662309368 0.078125 0.08932461873638345
296 0.18125 0.07625272331154684 0.05625 0.06535947712418301
484 0.184375 0.15468409586056645 0.0546875 0.08714596949891068
410 0.259375 0.15250544662309368 0.071875 0.0915032679738562
502 0.3359375 0.15250544662309368 0.0734375 0.08932461873638345
296 0.3421875 0.07407407407407407 0.05625 0.06100217864923747
520 0.4265625 0.15250544662309368 0.08125 0.0915032679738562
336 0.446875 0.0784313725490196 0.025 0.030501089324618737
318 0.51875 0.15468409586056645 0.0796875 0.09586056644880174
468 0.6171875 0.19172113289760348 0.1 0.16993464052287582
466 0.7015625 0.15250544662309368 0.071875 0.08932461873638345
296 0.7046875 0.07407407407407407 0.05625 0.06318082788671024
207 0.740625 0.06753812636165578 0.0328125 0.06318082788671024
242 0.7890625 0.15250544662309368 0.075 0.08932461873638345
574 0.8765625 0.15468409586056645 0.0859375 0.0915032679738562
360 0.9375 0.1568627450980392 0.0265625 0.06971677559912855
224 0.121875 0.616557734204793 0.08125 0.09586056644880174
355 0.2109375 0.6143790849673203 0.0890625 0.0915032679738562
374 0.2984375 0.616557734204793 0.0796875 0.0915032679738562
215 0.3046875 0.6928104575163399 0.0640625 0.058823529411764705
326 0.39375 0.6492374727668845 0.096875 0.1568627450980392
224 0.4828125 0.6143790849673203 0.0828125 0.0915032679738562
180 0.54375 0.6514161220043573 0.0390625 0.1655773420479303
556 0.60625 0.6143790849673203 0.0734375 0.08932461873638345
260 0.6859375 0.6143790849673203 0.078125 0.0915032679738562
374 0.7671875 0.6143790849673203 0.078125 0.08932461873638345
16 0.8640625 0.6427015250544662 0.1140625 0.16339869281045752