250 0.096875 0.1794871794871795 0.090625 0.1655011655011655
318 0.184375 0.1445221445221445 0.0828125 0.09557109557109557
242 0.265625 0.14219114219114218 0.0765625 0.09557109557109557
574 0.3546875 0.1445221445221445 0.0859375 0.10023310023310024
411 0.4 0.0675990675990676 0.0265625 0.03263403263403263
242 0.44375 0.14219114219114218 0.0765625 0.10023310023310024
374 0.528125 0.14685314685314685 0.0796875 0.10023310023310024
336 0.5453125 0.06526806526806526 0.0265625 0.037296037296037296
207 0.5734375 0.04895104895104895 0.0328125 0.06526806526806526
360 0.596875 0.14918414918414918 0.0265625 0.07692307692307693
466 0.6609375 0.1445221445221445 0.0734375 0.09557109557109557
502 0.7375 0.14219114219114218 0.0734375 0.09557109557109557
215 0.74375 0.22377622377622378 0.0640625 0.06060606060606061
336 0.7578125 0.06526806526806526 0.021875 0.03496503496503497
318 0.83125 0.14219114219114218 0.08125 0.09557109557109557
260 0.915625 0.1445221445221445 0.0796875 0.10256410256410256
242 0.0890625 0.6410256410256411 0.0765625 0.10023310023310024
318 0.1734375 0.6386946386946387 0.08125 0.10256410256410256
574 0.2625 0.6386946386946387 0.0875 0.0979020979020979
510 0.3578125 0.675990675990676 0.090625 0.1655011655011655
411 0.3984375 0.5641025641025641 0.03125 0.030303030303030304
308 0.4484375 0.675990675990676 0.0828125 0.16783216783216784
180 0.5109375 0.6806526806526807 0.0375 0.17249417249417248
574 0.5796875 0.6410256410256411 0.0875 0.10023310023310024
411 0.625 0.5664335664335665 0.028125 0.030303030303030304