437 0.0703125 0.12195121951219512 0.090625 0.18292682926829268
250 0.1640625 0.12195121951219512 0.0921875 0.17804878048780487
9 0.2703125 0.11219512195121951 0.1171875 0.18048780487804877
360 0.35 0.09024390243902439 0.028125 0.08292682926829269
360 0.371875 0.08780487804878048 0.021875 0.08292682926829269
286 0.4421875 0.11951219512195121 0.0953125 0.17804878048780487
10 0.55 0.11463414634146342 0.1140625 0.18048780487804877
360 0.628125 0.09268292682926829 0.0265625 0.07560975609756097
360 0.65 0.09024390243902439 0.0234375 0.07804878048780488
22 0.734375 0.11463414634146342 0.1234375 0.18048780487804877
510 0.8484375 0.12195121951219512 0.0890625 0.17804878048780487
564 0.940625 0.12195121951219512 0.0875 0.17317073170731706
24 0.0828125 0.6487804878048781 0.1125 0.18536585365853658
382 0.1921875 0.6560975609756098 0.09375 0.18048780487804877
15 0.3 0.6487804878048781 0.115625 0.17804878048780487
360 0.3765625 0.6219512195121951 0.0265625 0.07804878048780488
360 0.4 0.624390243902439 0.0265625 0.08536585365853659
474 0.471875 0.6560975609756098 0.090625 0.17804878048780487
250 0.5640625 0.6560975609756098 0.09375 0.17804878048780487
9 0.66875 0.651219512195122 0.115625 0.18292682926829268
286 0.78125 0.6560975609756098 0.0953125 0.18048780487804877
10 0.8890625 0.651219512195122 0.115625 0.18292682926829268