22 0.10625 0.14617169373549885 0.125 0.1716937354988399
510 0.2171875 0.15081206496519722 0.0921875 0.17633410672853828
564 0.3140625 0.15081206496519722 0.0921875 0.1740139211136891
24 0.4171875 0.14385150812064965 0.1140625 0.17633410672853828
382 0.5265625 0.15081206496519722 0.096875 0.17633410672853828
15 0.634375 0.14385150812064965 0.11875 0.1740139211136891
474 0.7484375 0.14849187935034802 0.0921875 0.1716937354988399
437 0.840625 0.1531322505800464 0.0890625 0.16937354988399073
250 0.93125 0.1531322505800464 0.0953125 0.1740139211136891
9 0.1015625 0.6589327146171694 0.1203125 0.1740139211136891
286 0.215625 0.6635730858468677 0.096875 0.17865429234338748
10 0.3234375 0.6589327146171694 0.11875 0.17865429234338748
22 0.45 0.6589327146171694 0.128125 0.1740139211136891
510 0.5625 0.6682134570765661 0.09375 0.1740139211136891
564 0.65625 0.665893271461717 0.090625 0.1716937354988399
24 0.759375 0.6589327146171694 0.11875 0.1740139211136891
382 0.86875 0.665893271461717 0.0953125 0.1740139211136891