15 0.1046875 0.1632183908045977 0.1109375 0.1632183908045977
474 0.209375 0.17011494252873563 0.084375 0.16091954022988506
437 0.2953125 0.17011494252873563 0.08125 0.15862068965517243
250 0.3796875 0.167816091954023 0.0875 0.15862068965517243
9 0.48125 0.1632183908045977 0.109375 0.16091954022988506
286 0.584375 0.167816091954023 0.0890625 0.15632183908045977
10 0.6859375 0.16091954022988506 0.109375 0.15862068965517243
22 0.803125 0.1632183908045977 0.1140625 0.15862068965517243
564 0.909375 0.17011494252873563 0.084375 0.15632183908045977
24 0.103125 0.639080459770115 0.10625 0.15862068965517243
382 0.2046875 0.6413793103448275 0.0875 0.15632183908045977
15 0.3046875 0.639080459770115 0.109375 0.16091954022988506
474 0.409375 0.6413793103448275 0.084375 0.15632183908045977
19 0.509375 0.6367816091954023 0.1046875 0.15862068965517243
437 0.609375 0.6436781609195402 0.0828125 0.15862068965517243
250 0.6953125 0.6436781609195402 0.0875 0.15862068965517243
9 0.7953125 0.6367816091954023 0.1109375 0.15862068965517243
286 0.9 0.6413793103448275 0.0875 0.16091954022988506