10 0.09375 0.14352941176470588 0.1140625 0.16705882352941176
564 0.1984375 0.14823529411764705 0.0859375 0.16941176470588235
24 0.2984375 0.1411764705882353 0.1078125 0.16705882352941176
382 0.403125 0.14823529411764705 0.0921875 0.16705882352941176
15 0.50625 0.14352941176470588 0.1125 0.16941176470588235
474 0.615625 0.14823529411764705 0.0859375 0.16470588235294117
19 0.7171875 0.14352941176470588 0.1109375 0.16941176470588235
261 0.815625 0.11294117647058824 0.071875 0.09411764705882353
437 0.9015625 0.14823529411764705 0.0875 0.16705882352941176
250 0.08125 0.6494117647058824 0.090625 0.16705882352941176
9 0.184375 0.6423529411764706 0.1125 0.17176470588235293
286 0.290625 0.6470588235294118 0.0921875 0.16705882352941176
10 0.3953125 0.6423529411764706 0.1171875 0.16705882352941176
564 0.5 0.6494117647058824 0.0875 0.16705882352941176
24 0.5984375 0.6423529411764706 0.109375 0.16941176470588235
382 0.703125 0.6494117647058824 0.090625 0.16705882352941176
15 0.8078125 0.64 0.115625 0.16941176470588235
474 0.915625 0.6470588235294118 0.0875 0.16705882352941176