19 0.1125 0.18013856812933027 0.109375 0.16397228637413394
261 0.2078125 0.14780600461893764 0.0734375 0.09699769053117784
250 0.29375 0.18475750577367206 0.0890625 0.16166281755196305
9 0.3953125 0.17782909930715934 0.1109375 0.16397228637413394
286 0.4984375 0.18475750577367206 0.0890625 0.15935334872979215
10 0.6 0.17782909930715934 0.1125 0.16397228637413394
564 0.703125 0.18475750577367206 0.0859375 0.15935334872979215
24 0.7984375 0.17782909930715934 0.109375 0.16397228637413394
382 0.903125 0.18244803695150116 0.090625 0.16397228637413394
474 0.1015625 0.6605080831408776 0.0875 0.16397228637413394
19 0.203125 0.6558891454965358 0.10625 0.16397228637413394
261 0.2984375 0.625866050808314 0.071875 0.09468822170900693
269 0.384375 0.6628175519630485 0.0859375 0.16166281755196305
11 0.4828125 0.6558891454965358 0.109375 0.16166281755196305
250 0.5875 0.6605080831408776 0.0890625 0.16397228637413394
9 0.6875 0.6558891454965358 0.1109375 0.16859122401847576
286 0.7890625 0.6628175519630485 0.0921875 0.16166281755196305
10 0.8921875 0.6558891454965358 0.1125 0.16397228637413394