564 0.109375 0.15492957746478872 0.0875 0.1643192488262911
24 0.2078125 0.15023474178403756 0.1078125 0.16666666666666666
382 0.3125 0.15492957746478872 0.0890625 0.16901408450704225
474 0.403125 0.15492957746478872 0.0859375 0.16666666666666666
19 0.503125 0.14788732394366197 0.109375 0.1643192488262911
261 0.6015625 0.11971830985915492 0.0734375 0.09624413145539906
269 0.6875 0.15258215962441316 0.0875 0.16666666666666666
11 0.7890625 0.14788732394366197 0.109375 0.16666666666666666
250 0.8921875 0.15492957746478872 0.090625 0.16666666666666666
9 0.121875 0.6384976525821596 0.1140625 0.176056338028169
286 0.2265625 0.6455399061032864 0.0921875 0.1643192488262911
10 0.3296875 0.6408450704225352 0.1125 0.17370892018779344
564 0.434375 0.647887323943662 0.0875 0.1643192488262911
24 0.53125 0.6408450704225352 0.10625 0.16901408450704225
382 0.634375 0.6455399061032864 0.0890625 0.1643192488262911
474 0.7265625 0.647887323943662 0.0859375 0.16666666666666666
19 0.8265625 0.6408450704225352 0.1078125 0.16901408450704225
261 0.9234375 0.6126760563380281 0.071875 0.10093896713615023