269 0.1125 0.16312056737588654 0.084375 0.15839243498817968
11 0.2078125 0.15839243498817968 0.1046875 0.15839243498817968
250 0.3078125 0.16548463356973994 0.0859375 0.15839243498817968
9 0.40625 0.15839243498817968 0.10625 0.16312056737588654
286 0.5078125 0.16548463356973994 0.0875 0.16312056737588654
10 0.6078125 0.1607565011820331 0.109375 0.1607565011820331
564 0.70625 0.16548463356973994 0.0828125 0.16312056737588654
24 0.8015625 0.15839243498817968 0.1046875 0.16312056737588654
382 0.9015625 0.16548463356973994 0.0875 0.16312056737588654
474 0.1109375 0.6430260047281324 0.084375 0.15839243498817968
19 0.209375 0.6359338061465721 0.1046875 0.16312056737588654
261 0.303125 0.6099290780141844 0.06875 0.09219858156028368
269 0.3859375 0.6430260047281324 0.084375 0.16312056737588654
11 0.484375 0.6359338061465721 0.10625 0.16312056737588654
250 0.5828125 0.6430260047281324 0.0859375 0.16312056737588654
9 0.6796875 0.6382978723404256 0.1078125 0.16548463356973994
286 0.7828125 0.6430260047281324 0.0859375 0.16312056737588654
10 0.88125 0.6359338061465721 0.109375 0.16312056737588654