564 0.103125 0.17330210772833723 0.0859375 0.1686182669789227
24 0.2046875 0.16627634660421545 0.109375 0.1686182669789227
382 0.3078125 0.17330210772833723 0.0921875 0.17096018735362997
474 0.4046875 0.17330210772833723 0.0875 0.1686182669789227
19 0.50625 0.16627634660421545 0.109375 0.17096018735362997
269 0.6109375 0.17330210772833723 0.090625 0.17330210772833723
11 0.715625 0.16627634660421545 0.1125 0.1686182669789227
345 0.8234375 0.17330210772833723 0.09375 0.1686182669789227
250 0.9171875 0.17096018735362997 0.090625 0.1686182669789227
9 0.115625 0.667447306791569 0.115625 0.17330210772833723
286 0.2234375 0.6721311475409836 0.090625 0.17096018735362997
10 0.3296875 0.667447306791569 0.1140625 0.1686182669789227
564 0.4328125 0.6744730679156908 0.0875 0.17096018735362997
24 0.534375 0.667447306791569 0.109375 0.17330210772833723
474 0.6421875 0.6744730679156908 0.0890625 0.1686182669789227
19 0.74375 0.667447306791569 0.1125 0.1686182669789227
269 0.85 0.6744730679156908 0.0890625 0.16627634660421545