11 0.1203125 0.16880341880341881 0.1125 0.1581196581196581
345 0.23125 0.17735042735042736 0.0953125 0.16025641025641027
13 0.3390625 0.17094017094017094 0.1140625 0.16025641025641027
9 0.4609375 0.17094017094017094 0.1171875 0.1623931623931624
286 0.571875 0.17735042735042736 0.09375 0.16025641025641027
10 0.6796875 0.17094017094017094 0.115625 0.1581196581196581
474 0.7875 0.17735042735042736 0.090625 0.1581196581196581
19 0.8921875 0.17094017094017094 0.1125 0.1623931623931624
269 0.109375 0.6452991452991453 0.0921875 0.15598290598290598
11 0.2140625 0.6410256410256411 0.1140625 0.1581196581196581
345 0.325 0.6452991452991453 0.0953125 0.15598290598290598
13 0.434375 0.6410256410256411 0.1171875 0.1581196581196581
582 0.55 0.6452991452991453 0.10625 0.1581196581196581
9 0.6625 0.6410256410256411 0.1125 0.16025641025641027
10 0.7828125 0.6410256410256411 0.1140625 0.1581196581196581
564 0.8921875 0.6452991452991453 0.0890625 0.1581196581196581