24 0.1078125 0.14874141876430205 0.109375 0.16247139588100687
474 0.2140625 0.15331807780320367 0.084375 0.16475972540045766
19 0.315625 0.14874141876430205 0.1078125 0.16247139588100687
269 0.4203125 0.15560640732265446 0.0859375 0.16247139588100687
11 0.521875 0.14874141876430205 0.1078125 0.16247139588100687
345 0.6265625 0.15560640732265446 0.0921875 0.16475972540045766
13 0.7296875 0.14874141876430205 0.1140625 0.16247139588100687
582 0.84375 0.15331807780320367 0.1 0.16247139588100687
25 0.115625 0.631578947368421 0.121875 0.16247139588100687
9 0.2359375 0.6338672768878718 0.1140625 0.16475972540045766
10 0.353125 0.6338672768878718 0.1140625 0.16247139588100687
564 0.45625 0.6384439359267735 0.0859375 0.16475972540045766
24 0.55625 0.631578947368421 0.109375 0.16475972540045766
474 0.6625 0.6384439359267735 0.084375 0.16247139588100687
19 0.7609375 0.631578947368421 0.109375 0.15789473684210525
269 0.8671875 0.6384439359267735 0.0875 0.16475972540045766