11 0.1265625 0.18973214285714285 0.1109375 0.16294642857142858
345 0.234375 0.19419642857142858 0.0921875 0.16294642857142858
13 0.3359375 0.18973214285714285 0.1140625 0.15848214285714285
582 0.45 0.19419642857142858 0.1 0.16294642857142858
25 0.5609375 0.18973214285714285 0.1203125 0.16071428571428573
9 0.68125 0.18973214285714285 0.1125 0.16071428571428573
10 0.8 0.18973214285714285 0.115625 0.16071428571428573
564 0.903125 0.19419642857142858 0.0859375 0.16071428571428573
556 0.125 0.6607142857142857 0.1125 0.16071428571428573
474 0.2296875 0.6629464285714286 0.0875 0.16294642857142858
19 0.33125 0.6584821428571429 0.109375 0.16294642857142858
269 0.4375 0.6651785714285714 0.0890625 0.16071428571428573
11 0.5375 0.6607142857142857 0.1078125 0.15625
345 0.64375 0.6651785714285714 0.09375 0.16294642857142858
13 0.7484375 0.6607142857142857 0.1125 0.16071428571428573
582 0.859375 0.6651785714285714 0.1 0.16071428571428573