25 0.1234375 0.15367483296213807 0.125 0.1603563474387528
9 0.246875 0.155902004454343 0.1140625 0.16258351893095768
10 0.36875 0.155902004454343 0.115625 0.16703786191536749
564 0.478125 0.16258351893095768 0.0890625 0.16481069042316257
24 0.5796875 0.15367483296213807 0.1125 0.16481069042316257
474 0.6890625 0.1603563474387528 0.0875 0.1603563474387528
19 0.7921875 0.155902004454343 0.1140625 0.16258351893095768
269 0.9015625 0.16258351893095768 0.090625 0.16481069042316257
11 0.1171875 0.6414253897550112 0.115625 0.16258351893095768
345 0.228125 0.6481069042316259 0.09375 0.16258351893095768
13 0.3359375 0.6414253897550112 0.1171875 0.16481069042316257
582 0.4515625 0.6481069042316259 0.103125 0.16481069042316257
25 0.565625 0.6414253897550112 0.125 0.1603563474387528
9 0.6921875 0.643652561247216 0.115625 0.16481069042316257
10 0.8125 0.6414253897550112 0.1171875 0.16926503340757237
564 0.921875 0.6481069042316259 0.0890625 0.16481069042316257