564 0.090625 0.1630695443645084 0.0875 0.17026378896882494
24 0.190625 0.15827338129496402 0.109375 0.17026378896882494
474 0.2953125 0.1630695443645084 0.0859375 0.17026378896882494
19 0.396875 0.15827338129496402 0.1078125 0.17026378896882494
269 0.5015625 0.1630695443645084 0.0890625 0.17026378896882494
11 0.603125 0.15827338129496402 0.1109375 0.17266187050359713
345 0.7109375 0.1630695443645084 0.090625 0.17266187050359713
13 0.8140625 0.15587529976019185 0.1109375 0.17026378896882494
582 0.9265625 0.16546762589928057 0.1 0.16786570743405277
25 0.1078125 0.6642685851318945 0.121875 0.17266187050359713
9 0.2296875 0.6642685851318945 0.1140625 0.1750599520383693
10 0.346875 0.6642685851318945 0.1125 0.17026378896882494
564 0.4515625 0.6690647482014388 0.0859375 0.17026378896882494
24 0.5484375 0.6642685851318945 0.1078125 0.17266187050359713
474 0.6546875 0.6690647482014388 0.0859375 0.17026378896882494
19 0.75625 0.6642685851318945 0.109375 0.17266187050359713
269 0.8625 0.6690647482014388 0.0859375 0.16786570743405277