11 0.128125 0.16851441241685144 0.1125 0.15964523281596452
345 0.2328125 0.17516629711751663 0.0921875 0.1574279379157428
13 0.3375 0.1662971175166297 0.1140625 0.15964523281596452
582 0.4484375 0.1729490022172949 0.0984375 0.15521064301552107
25 0.5609375 0.16851441241685144 0.1203125 0.1574279379157428
9 0.68125 0.16851441241685144 0.109375 0.1574279379157428
10 0.7984375 0.16851441241685144 0.1125 0.1574279379157428
564 0.903125 0.1729490022172949 0.0859375 0.1574279379157428
24 0.125 0.6363636363636364 0.109375 0.15964523281596452
474 0.2296875 0.6407982261640798 0.0859375 0.15299334811529933
19 0.33125 0.6363636363636364 0.1078125 0.1574279379157428
269 0.4359375 0.6407982261640798 0.0875 0.15299334811529933
11 0.5359375 0.6363636363636364 0.1078125 0.1574279379157428
345 0.6421875 0.6407982261640798 0.0921875 0.1574279379157428
13 0.746875 0.6363636363636364 0.1109375 0.1574279379157428
582 0.859375 0.6407982261640798 0.1 0.15964523281596452