25 0.13125 0.1842696629213483 0.1203125 0.15730337078651685
9 0.25 0.1842696629213483 0.1109375 0.15955056179775282
10 0.365625 0.18202247191011237 0.1125 0.15955056179775282
564 0.46875 0.18876404494382024 0.084375 0.15955056179775282
24 0.5671875 0.18202247191011237 0.109375 0.15955056179775282
474 0.6703125 0.18651685393258427 0.084375 0.1550561797752809
19 0.771875 0.18202247191011237 0.1078125 0.1550561797752809
269 0.875 0.18876404494382024 0.0859375 0.15730337078651685
11 0.1265625 0.651685393258427 0.109375 0.15955056179775282
345 0.2296875 0.6584269662921348 0.0921875 0.16179775280898875
13 0.3328125 0.651685393258427 0.1140625 0.15955056179775282
582 0.4453125 0.6584269662921348 0.0984375 0.16179775280898875
25 0.55625 0.651685393258427 0.1203125 0.15730337078651685
9 0.675 0.651685393258427 0.1078125 0.15955056179775282
10 0.790625 0.6539325842696629 0.1109375 0.15730337078651685
564 0.89375 0.6584269662921348 0.084375 0.15730337078651685