24 0.1015625 0.15331807780320367 0.109375 0.16704805491990846
474 0.209375 0.16247139588100687 0.0890625 0.16247139588100687
19 0.3140625 0.15331807780320367 0.109375 0.16704805491990846
269 0.4203125 0.16018306636155608 0.090625 0.16704805491990846
11 0.5234375 0.15560640732265446 0.1125 0.16475972540045766
345 0.6328125 0.16018306636155608 0.0921875 0.16704805491990846
13 0.7390625 0.15560640732265446 0.115625 0.16475972540045766
582 0.853125 0.16247139588100687 0.1015625 0.16247139588100687
25 0.1078125 0.6475972540045767 0.125 0.16704805491990846
9 0.2328125 0.6475972540045767 0.1140625 0.16704805491990846
10 0.353125 0.6475972540045767 0.115625 0.16475972540045766
564 0.459375 0.6544622425629291 0.0875 0.16247139588100687
24 0.559375 0.6498855835240275 0.109375 0.16704805491990846
19 0.678125 0.6498855835240275 0.1109375 0.16704805491990846
269 0.784375 0.6544622425629291 0.0890625 0.16475972540045766
11 0.8890625 0.6475972540045767 0.1109375 0.16704805491990846