13 0.1109375 0.16355140186915887 0.1125 0.1658878504672897
582 0.221875 0.1705607476635514 0.0984375 0.1658878504672897
25 0.334375 0.16355140186915887 0.11875 0.16822429906542055
446 0.45 0.13551401869158877 0.1 0.09579439252336448
455 0.5625 0.1658878504672897 0.115625 0.16822429906542055
9 0.675 0.1658878504672897 0.109375 0.1658878504672897
10 0.79375 0.16355140186915887 0.1125 0.1658878504672897
564 0.896875 0.1705607476635514 0.0859375 0.1658878504672897
24 0.1078125 0.6565420560747663 0.1109375 0.1658878504672897
19 0.2234375 0.6565420560747663 0.1078125 0.16822429906542055
269 0.3265625 0.6635514018691588 0.0875 0.1658878504672897
11 0.4296875 0.6565420560747663 0.1078125 0.1705607476635514
13 0.5453125 0.6565420560747663 0.1125 0.1658878504672897
582 0.6578125 0.6635514018691588 0.1015625 0.16355140186915887
25 0.76875 0.6565420560747663 0.1203125 0.1658878504672897
446 0.8859375 0.6285046728971962 0.1015625 0.09813084112149532