455 0.13125 0.17136150234741784 0.109375 0.1596244131455399
9 0.240625 0.16666666666666666 0.10625 0.1619718309859155
10 0.353125 0.16666666666666666 0.1078125 0.1619718309859155
564 0.453125 0.17136150234741784 0.0828125 0.1596244131455399
24 0.5484375 0.1643192488262911 0.1046875 0.1596244131455399
19 0.6578125 0.1643192488262911 0.1046875 0.1643192488262911
269 0.759375 0.17136150234741784 0.084375 0.1596244131455399
11 0.8578125 0.1643192488262911 0.10625 0.1572769953051643
13 0.13125 0.6431924882629108 0.1109375 0.1619718309859155
582 0.2390625 0.647887323943662 0.09375 0.1596244131455399
25 0.346875 0.6384976525821596 0.11875 0.1619718309859155
446 0.4578125 0.6150234741784038 0.096875 0.09389671361502347
455 0.5640625 0.6455399061032864 0.1109375 0.1619718309859155
9 0.675 0.6408450704225352 0.1078125 0.1619718309859155
10 0.7859375 0.6408450704225352 0.1125 0.1619718309859155
564 0.8875 0.6455399061032864 0.0828125 0.1596244131455399