24 0.1171875 0.18243243243243243 0.1109375 0.16216216216216217
19 0.234375 0.18243243243243243 0.1109375 0.16216216216216217
269 0.340625 0.1891891891891892 0.0875 0.16216216216216217
11 0.44375 0.18018018018018017 0.1109375 0.15765765765765766
13 0.5625 0.18468468468468469 0.115625 0.16441441441441443
582 0.675 0.18693693693693694 0.1 0.16216216216216217
25 0.7890625 0.18243243243243243 0.11875 0.16441441441441443
446 0.90625 0.15315315315315314 0.1 0.09684684684684684
455 0.1203125 0.668918918918919 0.1140625 0.16441441441441443
9 0.2359375 0.6621621621621622 0.1125 0.16216216216216217
10 0.3546875 0.6644144144144144 0.1140625 0.16441441441441443
564 0.4609375 0.6711711711711712 0.0875 0.16216216216216217
24 0.559375 0.6621621621621622 0.109375 0.15990990990990991
19 0.678125 0.6644144144144144 0.1125 0.16216216216216217
269 0.784375 0.668918918918919 0.0875 0.16216216216216217
11 0.8875 0.6644144144144144 0.109375 0.16216216216216217