13 0.090625 0.1330166270783848 0.121875 0.17814726840855108
582 0.209375 0.1377672209026128 0.1046875 0.17339667458432304
25 0.325 0.1330166270783848 0.125 0.17814726840855108
446 0.4453125 0.1021377672209026 0.1046875 0.0997624703087886
455 0.5625 0.1377672209026128 0.11875 0.17339667458432304
9 0.6796875 0.1330166270783848 0.115625 0.17339667458432304
10 0.8015625 0.1330166270783848 0.11875 0.17339667458432304
564 0.9109375 0.14014251781472684 0.0921875 0.17577197149643706
24 0.090625 0.6532066508313539 0.1140625 0.17577197149643706
19 0.209375 0.6532066508313539 0.115625 0.17577197149643706
269 0.31875 0.6579572446555819 0.0921875 0.17577197149643706
11 0.4234375 0.6508313539192399 0.1140625 0.17339667458432304
13 0.5453125 0.6532066508313539 0.11875 0.17814726840855108
582 0.6625 0.6579572446555819 0.103125 0.17577197149643706
25 0.778125 0.6532066508313539 0.128125 0.17577197149643706
446 0.8984375 0.6223277909738717 0.10625 0.10451306413301663