455 0.1 0.15738498789346247 0.1140625 0.1694915254237288
9 0.2125 0.15012106537530268 0.1109375 0.1694915254237288
10 0.33125 0.15254237288135594 0.1109375 0.17433414043583534
564 0.434375 0.15738498789346247 0.084375 0.17433414043583534
24 0.534375 0.15012106537530268 0.1109375 0.1694915254237288
19 0.6484375 0.15012106537530268 0.109375 0.17191283292978207
269 0.75625 0.1549636803874092 0.0875 0.17191283292978207
11 0.8546875 0.15012106537530268 0.1109375 0.17191283292978207
13 0.1 0.6610169491525424 0.1109375 0.17433414043583534
582 0.2109375 0.6658595641646489 0.1 0.1694915254237288
25 0.3234375 0.6610169491525424 0.1203125 0.17191283292978207
446 0.4375 0.6319612590799032 0.1 0.09443099273607748
455 0.5515625 0.6682808716707022 0.1140625 0.17191283292978207
9 0.6640625 0.6610169491525424 0.1140625 0.17433414043583534
10 0.7828125 0.6610169491525424 0.1125 0.17191283292978207
564 0.8875 0.6682808716707022 0.0859375 0.17191283292978207