24 0.13125 0.13725490196078433 0.103125 0.1642156862745098
19 0.2421875 0.13970588235294118 0.103125 0.16666666666666666
269 0.340625 0.14460784313725492 0.0828125 0.1642156862745098
11 0.4359375 0.13970588235294118 0.10625 0.16666666666666666
13 0.546875 0.13970588235294118 0.10625 0.1642156862745098
582 0.653125 0.14460784313725492 0.0921875 0.16176470588235295
25 0.759375 0.13970588235294118 0.1140625 0.1642156862745098
446 0.8703125 0.11029411764705882 0.09375 0.09558823529411764
455 0.134375 0.6372549019607843 0.1078125 0.1642156862745098
9 0.240625 0.6299019607843137 0.1078125 0.1642156862745098
10 0.353125 0.6299019607843137 0.10625 0.1642156862745098
564 0.453125 0.6372549019607843 0.08125 0.16666666666666666
24 0.546875 0.6299019607843137 0.1015625 0.16666666666666666
19 0.6546875 0.6299019607843137 0.103125 0.16666666666666666
269 0.75625 0.6372549019607843 0.0828125 0.16666666666666666
11 0.8515625 0.6299019607843137 0.1046875 0.16666666666666666