13 0.1234375 0.1570048309178744 0.10625 0.15942028985507245
582 0.2296875 0.16183574879227053 0.09375 0.16183574879227053
25 0.3359375 0.15942028985507245 0.1140625 0.16183574879227053
446 0.44375 0.13043478260869565 0.0953125 0.09420289855072464
455 0.5515625 0.1642512077294686 0.1078125 0.1642512077294686
9 0.6578125 0.15942028985507245 0.1046875 0.16183574879227053
10 0.76875 0.15942028985507245 0.10625 0.1642512077294686
564 0.86875 0.1642512077294686 0.08125 0.15942028985507245
24 0.11875 0.6400966183574879 0.103125 0.15942028985507245
19 0.2296875 0.642512077294686 0.103125 0.16666666666666666
269 0.328125 0.6473429951690821 0.084375 0.16183574879227053
11 0.425 0.6400966183574879 0.1015625 0.15942028985507245
13 0.5359375 0.642512077294686 0.10625 0.1642512077294686
582 0.6421875 0.644927536231884 0.09375 0.16183574879227053
25 0.746875 0.6400966183574879 0.1140625 0.1642512077294686
446 0.85625 0.6135265700483091 0.09375 0.09178743961352658