455 0.1171875 0.15130023640661938 0.109375 0.15839243498817968
9 0.225 0.14657210401891252 0.103125 0.15602836879432624
10 0.3359375 0.14420803782505912 0.1046875 0.1607565011820331
564 0.434375 0.15130023640661938 0.08125 0.15839243498817968
24 0.5265625 0.14657210401891252 0.1015625 0.15839243498817968
19 0.6359375 0.14657210401891252 0.1046875 0.15839243498817968
269 0.7359375 0.15130023640661938 0.0828125 0.15602836879432624
11 0.83125 0.14657210401891252 0.103125 0.15839243498817968
13 0.1171875 0.6170212765957447 0.10625 0.15839243498817968
582 0.221875 0.624113475177305 0.0953125 0.15602836879432624
25 0.328125 0.6170212765957447 0.1140625 0.15602836879432624
446 0.4375 0.5886524822695035 0.09375 0.09219858156028368
455 0.54375 0.6217494089834515 0.10625 0.15602836879432624
9 0.6515625 0.6170212765957447 0.1046875 0.15839243498817968
10 0.7609375 0.6170212765957447 0.1046875 0.15839243498817968
564 0.859375 0.624113475177305 0.08125 0.15839243498817968