24 0.11875 0.1658291457286432 0.0984375 0.16331658291457288
19 0.225 0.1658291457286432 0.1 0.16331658291457288
269 0.3203125 0.1708542713567839 0.0796875 0.16331658291457288
11 0.4140625 0.1658291457286432 0.0984375 0.1658291457286432
582 0.515625 0.1708542713567839 0.090625 0.16080402010050251
25 0.61875 0.1658291457286432 0.1109375 0.16080402010050251
446 0.725 0.13819095477386933 0.090625 0.09296482412060302
455 0.828125 0.1708542713567839 0.1046875 0.16331658291457288
18 0.13125 0.6532663316582915 0.125 0.16331658291457288
9 0.2484375 0.6557788944723618 0.103125 0.16331658291457288
10 0.35625 0.6532663316582915 0.103125 0.16331658291457288
564 0.453125 0.6608040201005025 0.0796875 0.1658291457286432
24 0.54375 0.6532663316582915 0.0984375 0.16834170854271358
19 0.65 0.6507537688442211 0.0984375 0.16331658291457288
269 0.7453125 0.6582914572864321 0.0796875 0.16331658291457288
11 0.840625 0.6532663316582915 0.1015625 0.1658291457286432