25 0.1109375 0.14318706697459585 0.115625 0.15704387990762125
446 0.2234375 0.11547344110854503 0.096875 0.09006928406466513
455 0.3328125 0.14780600461893764 0.1109375 0.15473441108545036
18 0.4546875 0.14318706697459585 0.1328125 0.16166281755196305
16 0.5765625 0.14087759815242495 0.10625 0.15473441108545036
9 0.6875 0.14318706697459585 0.1078125 0.16166281755196305
10 0.803125 0.14318706697459585 0.109375 0.16166281755196305
564 0.9046875 0.15011547344110854 0.0828125 0.15935334872979215
24 0.103125 0.6166281755196305 0.1046875 0.16166281755196305
19 0.2171875 0.6166281755196305 0.10625 0.15935334872979215
269 0.31875 0.6235565819861432 0.084375 0.15935334872979215
11 0.4171875 0.6166281755196305 0.1078125 0.16166281755196305
25 0.534375 0.6166281755196305 0.1171875 0.15935334872979215
446 0.6484375 0.5889145496535797 0.096875 0.09237875288683603
455 0.75625 0.6212471131639723 0.1109375 0.15704387990762125
18 0.8796875 0.6166281755196305 0.13125 0.15935334872979215