16 0.1109375 0.18414918414918416 0.103125 0.1585081585081585
9 0.21875 0.1864801864801865 0.10625 0.1585081585081585
10 0.33125 0.1864801864801865 0.1078125 0.1585081585081585
564 0.4296875 0.19114219114219114 0.0828125 0.1561771561771562
24 0.521875 0.18414918414918416 0.103125 0.1585081585081585
19 0.6328125 0.18414918414918416 0.103125 0.16083916083916083
269 0.7328125 0.19114219114219114 0.0828125 0.1561771561771562
11 0.828125 0.18414918414918416 0.1046875 0.1585081585081585
25 0.11875 0.6526806526806527 0.115625 0.1561771561771562
446 0.228125 0.6247086247086248 0.09375 0.09090909090909091
455 0.3359375 0.6573426573426573 0.109375 0.1561771561771562
18 0.45625 0.6526806526806527 0.128125 0.1561771561771562
16 0.5734375 0.6526806526806527 0.1046875 0.1585081585081585
9 0.6828125 0.6526806526806527 0.10625 0.1585081585081585
10 0.79375 0.6526806526806527 0.1046875 0.1561771561771562
564 0.89375 0.6573426573426573 0.08125 0.1585081585081585