24 0.1078125 0.14588235294117646 0.1015625 0.15764705882352942
19 0.215625 0.14588235294117646 0.1015625 0.15764705882352942
269 0.3140625 0.15294117647058825 0.08125 0.15529411764705883
11 0.409375 0.14823529411764705 0.1015625 0.1623529411764706
25 0.5234375 0.14588235294117646 0.1125 0.15529411764705883
446 0.63125 0.11764705882352941 0.0921875 0.08705882352941176
455 0.7375 0.15294117647058825 0.10625 0.15764705882352942
18 0.8578125 0.14588235294117646 0.128125 0.16
16 0.1046875 0.6141176470588235 0.1015625 0.15529411764705883
9 0.2125 0.611764705882353 0.103125 0.16
24 0.31875 0.6141176470588235 0.1015625 0.15764705882352942
19 0.428125 0.6141176470588235 0.1015625 0.15529411764705883
269 0.528125 0.6188235294117647 0.08125 0.15764705882352942
11 0.621875 0.6141176470588235 0.1 0.15529411764705883
25 0.7359375 0.611764705882353 0.1109375 0.15764705882352942
446 0.8453125 0.5858823529411765 0.09375 0.08941176470588236