455 0.1359375 0.1773049645390071 0.1046875 0.1536643026004728
18 0.253125 0.1702127659574468 0.1234375 0.1536643026004728
16 0.3671875 0.17257683215130024 0.0984375 0.15602836879432624
308 0.459375 0.1773049645390071 0.0765625 0.1536643026004728
12 0.54375 0.17257683215130024 0.0984375 0.1536643026004728
9 0.6484375 0.17257683215130024 0.1015625 0.1536643026004728
10 0.7546875 0.17257683215130024 0.1 0.15602836879432624
19 0.8625 0.17257683215130024 0.1 0.1536643026004728
269 0.125 0.6359338061465721 0.0796875 0.15130023640661938
11 0.21875 0.6312056737588653 0.0984375 0.1536643026004728
25 0.3296875 0.6312056737588653 0.1109375 0.1536643026004728
446 0.4359375 0.5981087470449172 0.0890625 0.08747044917257683
455 0.5390625 0.6359338061465721 0.1046875 0.14893617021276595
18 0.6546875 0.6312056737588653 0.125 0.15130023640661938
16 0.7703125 0.6312056737588653 0.1 0.15602836879432624
308 0.8609375 0.6359338061465721 0.0765625 0.15130023640661938