12 0.1203125 0.1651376146788991 0.103125 0.1559633027522936
9 0.23125 0.16743119266055045 0.10625 0.16055045871559634
10 0.3421875 0.16743119266055045 0.1046875 0.1559633027522936
19 0.45625 0.1651376146788991 0.10625 0.16055045871559634
269 0.5578125 0.1743119266055046 0.0828125 0.1559633027522936
11 0.6546875 0.16743119266055045 0.10625 0.15825688073394495
25 0.771875 0.16743119266055045 0.1171875 0.1559633027522936
446 0.884375 0.13990825688073394 0.0953125 0.0871559633027523
455 0.128125 0.6399082568807339 0.109375 0.1559633027522936
18 0.2515625 0.6353211009174312 0.13125 0.15825688073394495
16 0.371875 0.6376146788990825 0.1046875 0.15825688073394495
308 0.4671875 0.6422018348623854 0.0796875 0.1559633027522936
12 0.5578125 0.6353211009174312 0.1046875 0.15825688073394495
9 0.66875 0.6376146788990825 0.1078125 0.15825688073394495
10 0.78125 0.6353211009174312 0.103125 0.1559633027522936
19 0.8921875 0.6353211009174312 0.1046875 0.15825688073394495