269 0.115625 0.1724137931034483 0.08125 0.16009852216748768
11 0.209375 0.16748768472906403 0.1 0.1625615763546798
25 0.3234375 0.16748768472906403 0.1109375 0.1625615763546798
446 0.43125 0.13793103448275862 0.09375 0.09359605911330049
455 0.5359375 0.1748768472906404 0.10625 0.1625615763546798
18 0.6546875 0.16748768472906403 0.1265625 0.1625615763546798
16 0.771875 0.16748768472906403 0.1015625 0.1625615763546798
308 0.8640625 0.1748768472906404 0.0765625 0.16009852216748768
12 0.11875 0.6527093596059114 0.1 0.16502463054187191
9 0.2265625 0.6551724137931034 0.103125 0.16502463054187191
10 0.334375 0.6527093596059114 0.1 0.16502463054187191
19 0.4421875 0.6551724137931034 0.103125 0.16502463054187191
269 0.540625 0.6600985221674877 0.08125 0.1625615763546798
11 0.6359375 0.6551724137931034 0.1015625 0.16009852216748768
25 0.7484375 0.6551724137931034 0.1125 0.16502463054187191
446 0.8578125 0.6231527093596059 0.090625 0.09359605911330049