455 0.125 0.15024630541871922 0.10625 0.1625615763546798
18 0.24375 0.14532019704433496 0.128125 0.16502463054187191
16 0.3625 0.14532019704433496 0.1015625 0.1625615763546798
308 0.45625 0.15270935960591134 0.078125 0.1625615763546798
12 0.54375 0.14532019704433496 0.1015625 0.16502463054187191
9 0.6515625 0.14532019704433496 0.103125 0.16502463054187191
24 0.7609375 0.14532019704433496 0.103125 0.16502463054187191
19 0.8703125 0.14532019704433496 0.1015625 0.16748768472906403
269 0.1125 0.6428571428571429 0.0828125 0.1625615763546798
11 0.209375 0.6354679802955665 0.103125 0.1625615763546798
446 0.3125 0.6059113300492611 0.09375 0.09359605911330049
455 0.41875 0.6428571428571429 0.1078125 0.1625615763546798
18 0.5390625 0.6379310344827587 0.1265625 0.16748768472906403
16 0.65625 0.6354679802955665 0.1046875 0.16748768472906403
308 0.7515625 0.6428571428571429 0.078125 0.1625615763546798
12 0.8390625 0.6379310344827587 0.1015625 0.1625615763546798