8 0.1484375 0.17718446601941748 0.1046875 0.16019417475728157
9 0.2578125 0.17718446601941748 0.1 0.16019417475728157
10 0.3625 0.17718446601941748 0.1015625 0.16019417475728157
19 0.4703125 0.17718446601941748 0.1 0.16019417475728157
269 0.5671875 0.1820388349514563 0.08125 0.1553398058252427
11 0.6625 0.17475728155339806 0.1 0.15776699029126215
446 0.7625 0.14805825242718446 0.090625 0.09223300970873786
455 0.8671875 0.1820388349514563 0.1046875 0.15776699029126215
18 0.159375 0.6504854368932039 0.125 0.15776699029126215
16 0.275 0.6504854368932039 0.1015625 0.16019417475728157
308 0.3671875 0.6553398058252428 0.075 0.15776699029126215
12 0.453125 0.6504854368932039 0.1 0.15776699029126215
8 0.559375 0.6504854368932039 0.103125 0.15776699029126215
9 0.66875 0.6504854368932039 0.1015625 0.15776699029126215
24 0.7734375 0.6504854368932039 0.1 0.16019417475728157
19 0.8828125 0.6480582524271845 0.1 0.16019417475728157