269 0.1203125 0.15384615384615385 0.0859375 0.1658653846153846
11 0.2203125 0.1466346153846154 0.10625 0.1658653846153846
446 0.328125 0.11778846153846154 0.0984375 0.09375
18 0.4484375 0.14903846153846154 0.1328125 0.16826923076923078
16 0.5703125 0.1466346153846154 0.10625 0.1658653846153846
308 0.6671875 0.15384615384615385 0.0828125 0.16346153846153846
12 0.759375 0.14903846153846154 0.1046875 0.1658653846153846
8 0.8734375 0.14903846153846154 0.109375 0.1658653846153846
521 0.1109375 0.6225961538461539 0.0734375 0.11057692307692307
9 0.2078125 0.6442307692307693 0.1078125 0.1658653846153846
24 0.321875 0.6442307692307693 0.10625 0.1658653846153846
269 0.4234375 0.6514423076923077 0.0859375 0.16346153846153846
11 0.525 0.6442307692307693 0.1046875 0.1658653846153846
446 0.63125 0.6153846153846154 0.096875 0.09615384615384616
18 0.753125 0.6442307692307693 0.1328125 0.16826923076923078
16 0.875 0.6442307692307693 0.10625 0.16826923076923078