308 0.1 0.17215189873417722 0.0765625 0.15949367088607594
12 0.184375 0.16455696202531644 0.0984375 0.16455696202531644
8 0.290625 0.16455696202531644 0.103125 0.16455696202531644
521 0.3796875 0.14430379746835442 0.0671875 0.10886075949367088
529 0.459375 0.16962025316455695 0.08125 0.1620253164556962
9 0.553125 0.16455696202531644 0.1015625 0.16455696202531644
24 0.65625 0.16455696202531644 0.0984375 0.16455696202531644
269 0.7515625 0.16962025316455695 0.0796875 0.15949367088607594
11 0.84375 0.16455696202531644 0.0984375 0.15949367088607594
446 0.109375 0.6227848101265823 0.0890625 0.09113924050632911
18 0.2203125 0.6506329113924051 0.1234375 0.16455696202531644
16 0.3328125 0.6506329113924051 0.1 0.16455696202531644
308 0.425 0.6556962025316456 0.0734375 0.15949367088607594
12 0.509375 0.6506329113924051 0.0984375 0.16455696202531644
8 0.6140625 0.6506329113924051 0.1015625 0.1620253164556962
521 0.703125 0.6303797468354431 0.0671875 0.10886075949367088
529 0.784375 0.6582278481012658 0.08125 0.1620253164556962