9 0.1609375 0.17518248175182483 0.1015625 0.15571776155717762
24 0.2640625 0.17518248175182483 0.0984375 0.15571776155717762
269 0.359375 0.18004866180048662 0.0796875 0.15328467153284672
11 0.4515625 0.17518248175182483 0.0984375 0.15571776155717762
446 0.55 0.14841849148418493 0.0890625 0.08759124087591241
18 0.6625 0.17518248175182483 0.1234375 0.15571776155717762
16 0.775 0.17518248175182483 0.0984375 0.15571776155717762
308 0.865625 0.18004866180048662 0.0765625 0.15328467153284672
12 0.1546875 0.6399026763990268 0.096875 0.15815085158150852
8 0.2609375 0.6399026763990268 0.1015625 0.15571776155717762
521 0.35 0.6204379562043796 0.0671875 0.10462287104622871
529 0.4296875 0.6472019464720195 0.0796875 0.15571776155717762
24 0.5203125 0.6399026763990268 0.0984375 0.15815085158150852
269 0.615625 0.6472019464720195 0.0796875 0.15571776155717762
11 0.7078125 0.6399026763990268 0.0984375 0.15571776155717762
446 0.80625 0.6131386861313869 0.090625 0.08759124087591241