18 0.1421875 0.19690265486725664 0.134375 0.1570796460176991
16 0.2640625 0.19690265486725664 0.109375 0.15486725663716813
308 0.3640625 0.20575221238938052 0.084375 0.15486725663716813
12 0.45625 0.19690265486725664 0.109375 0.1570796460176991
8 0.5734375 0.19690265486725664 0.1125 0.1570796460176991
521 0.6703125 0.17920353982300885 0.0734375 0.10176991150442478
529 0.759375 0.20353982300884957 0.0890625 0.1570796460176991
23 0.8609375 0.19690265486725664 0.1109375 0.15486725663716813
269 0.1171875 0.6703539823008849 0.0875 0.15486725663716813
11 0.21875 0.6637168141592921 0.109375 0.1592920353982301
446 0.328125 0.6371681415929203 0.0984375 0.09070796460176991
18 0.4515625 0.665929203539823 0.1359375 0.1570796460176991
16 0.5765625 0.6637168141592921 0.109375 0.1592920353982301
308 0.675 0.6703539823008849 0.0828125 0.1592920353982301
12 0.76875 0.6637168141592921 0.109375 0.16371681415929204
8 0.884375 0.6637168141592921 0.1140625 0.1570796460176991