521 0.1015625 0.1232876712328767 0.0703125 0.10273972602739725
529 0.1890625 0.1506849315068493 0.0859375 0.1552511415525114
23 0.2875 0.14383561643835616 0.109375 0.1598173515981735
420 0.3890625 0.1506849315068493 0.08125 0.1552511415525114
269 0.475 0.1506849315068493 0.084375 0.1552511415525114
11 0.5734375 0.14383561643835616 0.10625 0.1598173515981735
446 0.68125 0.11643835616438356 0.096875 0.08904109589041095
18 0.8015625 0.14383561643835616 0.13125 0.1552511415525114
16 0.115625 0.6141552511415526 0.1046875 0.15753424657534246
308 0.2140625 0.6210045662100456 0.08125 0.1552511415525114
12 0.3046875 0.6141552511415526 0.1046875 0.1598173515981735
8 0.41875 0.6141552511415526 0.109375 0.1552511415525114
521 0.5140625 0.593607305936073 0.0734375 0.1050228310502283
529 0.6 0.6187214611872146 0.0890625 0.15753424657534246
23 0.6984375 0.6141552511415526 0.10625 0.1552511415525114
420 0.7984375 0.6210045662100456 0.08125 0.15753424657534246