269 0.15 0.1411192214111922 0.084375 0.1654501216545012
11 0.2484375 0.1386861313868613 0.1046875 0.1678832116788321
18 0.371875 0.1386861313868613 0.1296875 0.1678832116788321
16 0.4921875 0.1362530413625304 0.1046875 0.1678832116788321
308 0.590625 0.1435523114355231 0.0796875 0.1654501216545012
12 0.678125 0.1386861313868613 0.103125 0.1678832116788321
8 0.7921875 0.1362530413625304 0.109375 0.1678832116788321
521 0.8875 0.11678832116788321 0.071875 0.11192214111922141
529 0.1484375 0.6399026763990268 0.0859375 0.1678832116788321
23 0.2484375 0.635036496350365 0.1078125 0.1678832116788321
420 0.346875 0.6423357664233577 0.08125 0.1630170316301703
334 0.446875 0.6374695863746959 0.1125 0.1630170316301703
269 0.5515625 0.6423357664233577 0.084375 0.1654501216545012
11 0.65 0.635036496350365 0.1046875 0.1654501216545012
18 0.775 0.635036496350365 0.13125 0.170316301703163
308 0.8828125 0.6423357664233577 0.0796875 0.1630170316301703