12 0.125 0.16393442622950818 0.1046875 0.1592505854800937
8 0.2375 0.16627634660421545 0.109375 0.16159250585480095
521 0.3328125 0.14285714285714285 0.071875 0.10772833723653395
529 0.4171875 0.17096018735362997 0.0859375 0.16159250585480095
23 0.515625 0.16393442622950818 0.1078125 0.16159250585480095
420 0.6140625 0.1686182669789227 0.0796875 0.1592505854800937
334 0.7140625 0.16627634660421545 0.1109375 0.15690866510538642
335 0.8390625 0.1686182669789227 0.1265625 0.16159250585480095
269 0.121875 0.6463700234192038 0.0828125 0.1592505854800937
11 0.2203125 0.6416861826697893 0.10625 0.16159250585480095
18 0.3421875 0.6416861826697893 0.13125 0.1592505854800937
308 0.4515625 0.6487119437939111 0.0796875 0.1592505854800937
12 0.540625 0.6416861826697893 0.10625 0.1592505854800937
8 0.653125 0.6416861826697893 0.1078125 0.16159250585480095
521 0.746875 0.6182669789227166 0.0703125 0.10772833723653395
529 0.8328125 0.6463700234192038 0.084375 0.16159250585480095