23 0.140625 0.17804878048780487 0.10625 0.16341463414634147
420 0.2390625 0.18536585365853658 0.0796875 0.16341463414634147
334 0.3375 0.18048780487804877 0.109375 0.16097560975609757
335 0.459375 0.18536585365853658 0.125 0.16829268292682928
269 0.5671875 0.18536585365853658 0.08125 0.16097560975609757
11 0.6625 0.18048780487804877 0.103125 0.16341463414634147
18 0.7859375 0.18048780487804877 0.128125 0.16829268292682928
308 0.89375 0.1878048780487805 0.0796875 0.16341463414634147
12 0.1359375 0.6707317073170732 0.1046875 0.16341463414634147
8 0.246875 0.6707317073170732 0.10625 0.16341463414634147
521 0.340625 0.651219512195122 0.0703125 0.10975609756097561
529 0.4234375 0.6731707317073171 0.084375 0.16585365853658537
23 0.5203125 0.6707317073170732 0.10625 0.16585365853658537
420 0.61875 0.675609756097561 0.078125 0.16341463414634147
334 0.7171875 0.6707317073170732 0.1125 0.16341463414634147
335 0.8390625 0.675609756097561 0.125 0.16585365853658537