269 0.1234375 0.1566579634464752 0.0765625 0.15926892950391644
18 0.2234375 0.1514360313315927 0.1171875 0.1618798955613577
308 0.321875 0.1566579634464752 0.071875 0.15926892950391644
12 0.4046875 0.1514360313315927 0.09375 0.15926892950391644
8 0.50625 0.1514360313315927 0.096875 0.1618798955613577
521 0.590625 0.13054830287206268 0.0640625 0.10443864229765012
529 0.66875 0.1566579634464752 0.078125 0.15926892950391644
23 0.7578125 0.15404699738903394 0.0984375 0.1618798955613577
420 0.846875 0.1566579634464752 0.0734375 0.1618798955613577
334 0.1359375 0.6344647519582245 0.1015625 0.15926892950391644
335 0.2484375 0.6370757180156658 0.1140625 0.16449086161879894
323 0.3484375 0.6344647519582245 0.084375 0.1566579634464752
12 0.4375 0.6344647519582245 0.0953125 0.15926892950391644
8 0.540625 0.6344647519582245 0.1 0.1618798955613577
521 0.625 0.6109660574412533 0.0640625 0.10704960835509138
529 0.703125 0.639686684073107 0.078125 0.1618798955613577
23 0.7921875 0.6344647519582245 0.096875 0.15926892950391644