420 0.1 0.18225419664268586 0.078125 0.1630695443645084
334 0.1953125 0.17985611510791366 0.1109375 0.15587529976019185
335 0.3234375 0.18225419664268586 0.125 0.16546762589928057
323 0.4328125 0.17985611510791366 0.090625 0.15587529976019185
434 0.5203125 0.17985611510791366 0.090625 0.15827338129496402
258 0.6234375 0.1774580335731415 0.1078125 0.15827338129496402
259 0.74375 0.18225419664268586 0.1203125 0.16786570743405277
12 0.8546875 0.1774580335731415 0.103125 0.1630695443645084
8 0.1140625 0.6642685851318945 0.1078125 0.1630695443645084
521 0.2078125 0.6426858513189448 0.071875 0.10551558752997602
529 0.2921875 0.6714628297362111 0.0859375 0.1630695443645084
23 0.390625 0.6642685851318945 0.1046875 0.1630695443645084
420 0.490625 0.6690647482014388 0.08125 0.16546762589928057
334 0.5875 0.6642685851318945 0.1125 0.1630695443645084
335 0.7125 0.6690647482014388 0.125 0.1630695443645084
323 0.821875 0.6666666666666666 0.0921875 0.15587529976019185