434 0.1265625 0.1614457831325301 0.0828125 0.14698795180722893
258 0.221875 0.163855421686747 0.0984375 0.14698795180722893
259 0.33125 0.163855421686747 0.1109375 0.1493975903614458
224 0.43125 0.1614457831325301 0.0953125 0.1493975903614458
8 0.534375 0.1614457831325301 0.1 0.1493975903614458
521 0.6203125 0.14216867469879518 0.065625 0.10120481927710843
529 0.696875 0.16626506024096385 0.0796875 0.14698795180722893
23 0.7875 0.15903614457831325 0.0984375 0.1493975903614458
420 0.13125 0.6144578313253012 0.0734375 0.1493975903614458
334 0.2203125 0.6096385542168675 0.103125 0.14457831325301204
335 0.334375 0.6120481927710844 0.1140625 0.15180722891566265
323 0.434375 0.6120481927710844 0.08125 0.14216867469879518
434 0.5140625 0.6096385542168675 0.08125 0.13975903614457832
258 0.609375 0.6096385542168675 0.1 0.14698795180722893
259 0.71875 0.6120481927710844 0.1109375 0.1493975903614458
12 0.8203125 0.6072289156626506 0.0953125 0.14698795180722893