8 0.1609375 0.21867881548974943 0.10625 0.15261958997722094
521 0.2546875 0.19817767653758542 0.0703125 0.10250569476082004
529 0.3375 0.22323462414578588 0.084375 0.15261958997722094
23 0.434375 0.21867881548974943 0.10625 0.1548974943052392
420 0.5328125 0.22323462414578588 0.078125 0.1548974943052392
334 0.6296875 0.21867881548974943 0.1078125 0.15034168564920272
335 0.753125 0.22323462414578588 0.1234375 0.1548974943052392
323 0.8609375 0.22095671981776766 0.0875 0.14350797266514806
434 0.1421875 0.6788154897494305 0.090625 0.1480637813211845
258 0.246875 0.6788154897494305 0.103125 0.15034168564920272
259 0.3640625 0.6810933940774487 0.11875 0.1548974943052392
12 0.475 0.6742596810933941 0.1015625 0.1548974943052392
8 0.584375 0.6765375854214123 0.10625 0.15261958997722094
521 0.678125 0.6560364464692483 0.0703125 0.10478359908883828
529 0.7609375 0.6810933940774487 0.084375 0.15261958997722094
23 0.8578125 0.6765375854214123 0.10625 0.15261958997722094