420 0.109375 0.14893617021276595 0.084375 0.16784869976359337
334 0.2125 0.14184397163120568 0.115625 0.16312056737588654
335 0.34375 0.14657210401891252 0.13125 0.17257683215130024
323 0.459375 0.14420803782505912 0.0953125 0.15839243498817968
434 0.5515625 0.14420803782505912 0.09375 0.16312056737588654
258 0.6609375 0.14420803782505912 0.1109375 0.16548463356973994
259 0.7859375 0.14420803782505912 0.1265625 0.1702127659574468
12 0.903125 0.14184397163120568 0.1078125 0.16784869976359337
8 0.1234375 0.6453900709219859 0.1125 0.16784869976359337
521 0.2234375 0.6217494089834515 0.0765625 0.11347517730496454
529 0.3125 0.6524822695035462 0.090625 0.16784869976359337
23 0.415625 0.6453900709219859 0.1125 0.16784869976359337
420 0.51875 0.6524822695035462 0.084375 0.1702127659574468
334 0.621875 0.6477541371158393 0.1171875 0.16784869976359337
335 0.7546875 0.6501182033096927 0.13125 0.1702127659574468
323 0.86875 0.6477541371158393 0.09375 0.16312056737588654