434 0.121875 0.17289719626168223 0.0921875 0.1542056074766355
258 0.2265625 0.17289719626168223 0.1078125 0.15654205607476634
259 0.346875 0.17523364485981308 0.121875 0.16121495327102803
12 0.4578125 0.1705607476635514 0.1046875 0.1588785046728972
8 0.5703125 0.17289719626168223 0.109375 0.16121495327102803
521 0.665625 0.14953271028037382 0.0703125 0.10747663551401869
529 0.75 0.17757009345794392 0.0859375 0.16121495327102803
23 0.8484375 0.17289719626168223 0.10625 0.16121495327102803
420 0.125 0.6542056074766355 0.08125 0.1588785046728972
334 0.225 0.6518691588785047 0.1109375 0.15654205607476634
335 0.35 0.6542056074766355 0.128125 0.16121495327102803
323 0.459375 0.6542056074766355 0.09375 0.15186915887850466
434 0.5484375 0.6518691588785047 0.090625 0.1542056074766355
258 0.6546875 0.6518691588785047 0.1078125 0.1588785046728972
259 0.775 0.6542056074766355 0.1203125 0.16121495327102803
12 0.8859375 0.6495327102803738 0.103125 0.16121495327102803