8 0.1453125 0.14746543778801843 0.1078125 0.15668202764976957
521 0.240625 0.12672811059907835 0.0703125 0.10368663594470046
529 0.325 0.15207373271889402 0.084375 0.1543778801843318
23 0.4234375 0.14516129032258066 0.1046875 0.15668202764976957
420 0.5234375 0.15207373271889402 0.0796875 0.15898617511520738
334 0.6203125 0.1497695852534562 0.1109375 0.15207373271889402
335 0.746875 0.1497695852534562 0.1234375 0.15898617511520738
323 0.8546875 0.1497695852534562 0.0921875 0.15207373271889402
434 0.128125 0.6175115207373272 0.0890625 0.1497695852534562
258 0.2328125 0.6175115207373272 0.1078125 0.15668202764976957
259 0.3515625 0.619815668202765 0.1203125 0.15898617511520738
12 0.4625 0.6152073732718893 0.1046875 0.15668202764976957
8 0.5734375 0.6175115207373272 0.1078125 0.1543778801843318
521 0.66875 0.5967741935483871 0.071875 0.10368663594470046
529 0.7546875 0.619815668202765 0.0859375 0.15668202764976957
23 0.8515625 0.6152073732718893 0.10625 0.15898617511520738