420 0.1109375 0.20140515222482436 0.084375 0.16393442622950818
334 0.2125 0.19672131147540983 0.1140625 0.16159250585480095
335 0.3421875 0.1990632318501171 0.1296875 0.16627634660421545
323 0.4546875 0.19672131147540983 0.09375 0.15690866510538642
434 0.54375 0.19672131147540983 0.0953125 0.1592505854800937
258 0.6546875 0.19437939110070257 0.1109375 0.15690866510538642
259 0.775 0.1990632318501171 0.125 0.16627634660421545
12 0.890625 0.19437939110070257 0.10625 0.16393442622950818
8 0.1265625 0.6838407494145199 0.1109375 0.16393442622950818
521 0.221875 0.6651053864168618 0.0734375 0.11007025761124122
529 0.3109375 0.6932084309133489 0.0890625 0.16393442622950818
23 0.4109375 0.6861826697892272 0.1109375 0.16393442622950818
420 0.5140625 0.6908665105386417 0.0828125 0.16393442622950818
334 0.615625 0.6885245901639344 0.1140625 0.16159250585480095
335 0.74375 0.6908665105386417 0.1296875 0.16627634660421545
323 0.85625 0.6885245901639344 0.0921875 0.1592505854800937