434 0.075 0.15920398009950248 0.090625 0.16417910447761194
258 0.1796875 0.15920398009950248 0.1078125 0.16666666666666666
259 0.3 0.15920398009950248 0.121875 0.17164179104477612
521 0.3984375 0.13432835820895522 0.06875 0.11442786069651742
529 0.484375 0.16169154228855723 0.0859375 0.1691542288557214
23 0.5828125 0.15671641791044777 0.10625 0.17164179104477612
420 0.6828125 0.16417910447761194 0.08125 0.1691542288557214
334 0.7828125 0.15671641791044777 0.1140625 0.16417910447761194
335 0.1 0.6691542288557214 0.125 0.17164179104477612
323 0.2125 0.6691542288557214 0.0921875 0.16169154228855723
434 0.3015625 0.6666666666666666 0.0890625 0.16169154228855723
258 0.40625 0.6666666666666666 0.1078125 0.16666666666666666
259 0.525 0.6691542288557214 0.1203125 0.1691542288557214
247 0.6296875 0.6691542288557214 0.0890625 0.16417910447761194
500 0.7140625 0.6666666666666666 0.10625 0.16666666666666666
521 0.809375 0.6417910447761194 0.0703125 0.11194029850746269
529 0.89375 0.6691542288557214 0.0859375 0.1691542288557214