23 0.1421875 0.2014388489208633 0.103125 0.1606714628297362
420 0.2390625 0.20863309352517986 0.0765625 0.15827338129496402
334 0.3375 0.2038369304556355 0.1109375 0.15587529976019185
335 0.459375 0.20623501199040767 0.1234375 0.1606714628297362
323 0.565625 0.20623501199040767 0.0875 0.1510791366906475
434 0.6515625 0.20623501199040767 0.0875 0.15347721822541965
258 0.7546875 0.2038369304556355 0.1046875 0.15587529976019185
259 0.871875 0.20623501199040767 0.1203125 0.1606714628297362
247 0.1296875 0.6834532374100719 0.0890625 0.15347721822541965
500 0.2125 0.6834532374100719 0.1015625 0.15347721822541965
521 0.3109375 0.6858513189448441 0.084375 0.15587529976019185
23 0.40625 0.6786570743405276 0.103125 0.15587529976019185
420 0.503125 0.6834532374100719 0.078125 0.15587529976019185
334 0.6015625 0.6810551558752997 0.109375 0.15587529976019185
335 0.7234375 0.6834532374100719 0.1234375 0.1630695443645084
323 0.8296875 0.6834532374100719 0.0890625 0.1510791366906475
434 0.9171875 0.6810551558752997 0.0875 0.1510791366906475