258 0.1171875 0.14823529411764705 0.1109375 0.16
259 0.240625 0.15294117647058825 0.1234375 0.16470588235294117
247 0.34375 0.15294117647058825 0.09375 0.15764705882352942
500 0.43125 0.14823529411764705 0.1078125 0.15764705882352942
501 0.5328125 0.15058823529411763 0.1234375 0.16705882352941176
529 0.640625 0.15529411764705883 0.0875 0.1623529411764706
23 0.740625 0.14588235294117646 0.109375 0.1623529411764706
420 0.8421875 0.15529411764705883 0.0828125 0.16470588235294117
334 0.1203125 0.64 0.1140625 0.1623529411764706
335 0.2484375 0.6447058823529411 0.128125 0.16705882352941176
323 0.3609375 0.6423529411764706 0.09375 0.15764705882352942
434 0.45 0.6423529411764706 0.09375 0.15529411764705883
258 0.5578125 0.64 0.1109375 0.15764705882352942
259 0.6796875 0.6423529411764706 0.1234375 0.16705882352941176
247 0.784375 0.6423529411764706 0.09375 0.15529411764705883
500 0.8734375 0.64 0.1078125 0.16470588235294117