501 0.1453125 0.18181818181818182 0.1203125 0.16507177033492823
529 0.253125 0.18421052631578946 0.0859375 0.16267942583732056
23 0.3515625 0.17703349282296652 0.10625 0.16507177033492823
420 0.453125 0.18421052631578946 0.0796875 0.16507177033492823
334 0.5546875 0.18181818181818182 0.1140625 0.16267942583732056
335 0.68125 0.18181818181818182 0.1265625 0.1674641148325359
323 0.7921875 0.18181818181818182 0.0921875 0.15789473684210525
434 0.88125 0.18181818181818182 0.09375 0.16028708133971292
258 0.159375 0.6770334928229665 0.1109375 0.16267942583732056
259 0.28125 0.6770334928229665 0.1234375 0.1674641148325359
247 0.384375 0.6746411483253588 0.09375 0.15789473684210525
500 0.471875 0.6770334928229665 0.10625 0.16028708133971292
501 0.571875 0.6794258373205742 0.1234375 0.1674641148325359
529 0.6796875 0.6794258373205742 0.0859375 0.1674641148325359
23 0.778125 0.6722488038277512 0.1078125 0.1674641148325359
420 0.8796875 0.6794258373205742 0.08125 0.16507177033492823