334 0.1125 0.15419501133786848 0.115625 0.1564625850340136
335 0.2421875 0.1564625850340136 0.1328125 0.16326530612244897
323 0.35625 0.15419501133786848 0.0953125 0.15192743764172337
434 0.4484375 0.15419501133786848 0.09375 0.1564625850340136
258 0.5578125 0.15192743764172337 0.1125 0.1564625850340136
259 0.6828125 0.1564625850340136 0.1265625 0.16326530612244897
247 0.7890625 0.15419501133786848 0.096875 0.15419501133786848
500 0.8796875 0.15192743764172337 0.1109375 0.1564625850340136
501 0.0953125 0.6621315192743764 0.125 0.16326530612244897
529 0.203125 0.6643990929705216 0.0890625 0.16099773242630386
23 0.30625 0.6598639455782312 0.1109375 0.16326530612244897
420 0.409375 0.6643990929705216 0.084375 0.15873015873015872
334 0.5140625 0.6621315192743764 0.1171875 0.16099773242630386
335 0.64375 0.6643990929705216 0.13125 0.16326530612244897
323 0.7578125 0.6621315192743764 0.09375 0.15419501133786848
434 0.85 0.6621315192743764 0.0953125 0.1564625850340136