258 0.1328125 0.18433179723502305 0.1109375 0.15668202764976957
259 0.2546875 0.18663594470046083 0.1234375 0.16129032258064516
247 0.359375 0.18663594470046083 0.0921875 0.15207373271889402
500 0.4453125 0.18433179723502305 0.1078125 0.15668202764976957
501 0.546875 0.18663594470046083 0.1203125 0.16129032258064516
529 0.653125 0.18663594470046083 0.0859375 0.15898617511520738
521 0.753125 0.18202764976958524 0.109375 0.15898617511520738
420 0.853125 0.1889400921658986 0.08125 0.15898617511520738
334 0.1359375 0.6612903225806451 0.1125 0.15668202764976957
335 0.2625 0.6658986175115207 0.128125 0.16129032258064516
323 0.375 0.663594470046083 0.0921875 0.15207373271889402
434 0.4640625 0.6612903225806451 0.0921875 0.1543778801843318
258 0.571875 0.6612903225806451 0.109375 0.1543778801843318
259 0.69375 0.663594470046083 0.1234375 0.15898617511520738
247 0.796875 0.663594470046083 0.09375 0.1543778801843318
500 0.884375 0.6612903225806451 0.1078125 0.15668202764976957