501 0.1015625 0.1550561797752809 0.1296875 0.16404494382022472
23 0.225 0.15056179775280898 0.1125 0.16404494382022472
420 0.3296875 0.15730337078651685 0.0859375 0.16404494382022472
334 0.434375 0.15280898876404495 0.11875 0.15955056179775282
335 0.56875 0.1550561797752809 0.1359375 0.16404494382022472
323 0.6859375 0.1550561797752809 0.096875 0.1550561797752809
434 0.778125 0.15280898876404495 0.096875 0.15730337078651685
258 0.890625 0.15280898876404495 0.1171875 0.15730337078651685
259 0.1234375 0.6449438202247191 0.1296875 0.16404494382022472
247 0.2328125 0.6426966292134831 0.096875 0.1550561797752809
500 0.3234375 0.6426966292134831 0.1109375 0.15730337078651685
501 0.428125 0.6449438202247191 0.125 0.16404494382022472
489 0.515625 0.6449438202247191 0.096875 0.15280898876404495
23 0.6265625 0.6404494382022472 0.115625 0.16404494382022472
334 0.75 0.6426966292134831 0.1203125 0.15955056179775282
335 0.8828125 0.6449438202247191 0.1359375 0.1662921348314607