323 0.1078125 0.15632183908045977 0.096875 0.16091954022988506
434 0.2015625 0.15632183908045977 0.096875 0.16091954022988506
258 0.3140625 0.15402298850574714 0.115625 0.16091954022988506
259 0.4421875 0.15862068965517243 0.1296875 0.167816091954023
247 0.553125 0.15632183908045977 0.0953125 0.15632183908045977
500 0.64375 0.15402298850574714 0.1125 0.1632183908045977
501 0.75 0.15862068965517243 0.128125 0.1724137931034483
489 0.8375 0.15632183908045977 0.096875 0.16091954022988506
372 0.1234375 0.6574712643678161 0.128125 0.16091954022988506
23 0.2515625 0.6551724137931034 0.1140625 0.16551724137931034
334 0.375 0.6574712643678161 0.1203125 0.16551724137931034
335 0.509375 0.6597701149425287 0.1359375 0.1724137931034483
323 0.625 0.6597701149425287 0.0984375 0.16091954022988506
434 0.7203125 0.6574712643678161 0.096875 0.16091954022988506
258 0.8328125 0.6574712643678161 0.115625 0.1632183908045977