259 0.1375 0.16083916083916083 0.125 0.1655011655011655
247 0.2421875 0.1585081585081585 0.09375 0.1561771561771562
500 0.33125 0.1585081585081585 0.109375 0.1585081585081585
501 0.43125 0.1585081585081585 0.1234375 0.1655011655011655
489 0.515625 0.1585081585081585 0.09375 0.1561771561771562
372 0.63125 0.1561771561771562 0.121875 0.1585081585081585
23 0.7515625 0.15384615384615385 0.109375 0.16317016317016317
334 0.8703125 0.1561771561771562 0.115625 0.1585081585081585
335 0.140625 0.6456876456876457 0.1296875 0.1655011655011655
323 0.253125 0.6456876456876457 0.0921875 0.15384615384615385
434 0.34375 0.6433566433566433 0.09375 0.1561771561771562
258 0.4515625 0.6433566433566433 0.1109375 0.16083916083916083
259 0.5734375 0.6456876456876457 0.1234375 0.16317016317016317
361 0.6796875 0.6456876456876457 0.09375 0.1561771561771562
500 0.7671875 0.6456876456876457 0.10625 0.1585081585081585
501 0.86875 0.6456876456876457 0.1234375 0.16317016317016317