489 0.096875 0.1553398058252427 0.09375 0.16262135922330098
372 0.2140625 0.1529126213592233 0.125 0.16747572815533981
334 0.340625 0.1529126213592233 0.115625 0.1650485436893204
335 0.4703125 0.15776699029126215 0.13125 0.17233009708737865
323 0.584375 0.1553398058252427 0.096875 0.16262135922330098
434 0.675 0.1553398058252427 0.096875 0.1650485436893204
258 0.784375 0.1529126213592233 0.1109375 0.16990291262135923
259 0.9078125 0.1553398058252427 0.1265625 0.17475728155339806
247 0.11875 0.6674757281553398 0.0921875 0.1650485436893204
500 0.2078125 0.6650485436893204 0.1109375 0.16747572815533981
501 0.3109375 0.6674757281553398 0.1234375 0.17475728155339806
489 0.3953125 0.6674757281553398 0.0953125 0.1650485436893204
372 0.5109375 0.6650485436893204 0.1234375 0.16990291262135923
373 0.6484375 0.6699029126213593 0.1375 0.17233009708737865
334 0.778125 0.6650485436893204 0.115625 0.16747572815533981
335 0.9078125 0.6699029126213593 0.13125 0.17475728155339806