323 0.1234375 0.14691943127962084 0.0921875 0.15402843601895735
434 0.2125 0.14691943127962084 0.0953125 0.15876777251184834
258 0.321875 0.14454976303317535 0.1109375 0.16350710900473933
259 0.4421875 0.14691943127962084 0.1234375 0.16587677725118483
247 0.546875 0.14691943127962084 0.0921875 0.15639810426540285
500 0.634375 0.14691943127962084 0.1078125 0.16113744075829384
501 0.7359375 0.14928909952606634 0.1203125 0.16350710900473933
489 0.8171875 0.14691943127962084 0.0921875 0.15876777251184834
372 0.1390625 0.6350710900473934 0.1203125 0.16113744075829384
373 0.275 0.6398104265402843 0.134375 0.16824644549763032
334 0.409375 0.6398104265402843 0.1265625 0.16587677725118483
323 0.5203125 0.6374407582938388 0.09375 0.15876777251184834
434 0.6109375 0.6374407582938388 0.09375 0.15876777251184834
258 0.71875 0.6374407582938388 0.109375 0.16113744075829384
259 0.8390625 0.6398104265402843 0.1234375 0.16587677725118483