247 0.1265625 0.16859122401847576 0.096875 0.15704387990762125
500 0.215625 0.16628175519630484 0.1125 0.16397228637413394
501 0.321875 0.16859122401847576 0.128125 0.16859122401847576
489 0.40625 0.16628175519630484 0.09375 0.15935334872979215
372 0.5234375 0.16859122401847576 0.128125 0.16859122401847576
373 0.6640625 0.16859122401847576 0.1390625 0.16859122401847576
361 0.7890625 0.16859122401847576 0.1015625 0.15704387990762125
323 0.89375 0.16859122401847576 0.0953125 0.15935334872979215
434 0.1234375 0.6628175519630485 0.0953125 0.16166281755196305
258 0.234375 0.6628175519630485 0.1140625 0.16397228637413394
259 0.3609375 0.6651270207852193 0.1265625 0.16628175519630484
247 0.4671875 0.6651270207852193 0.0953125 0.15704387990762125
500 0.5578125 0.6628175519630485 0.1125 0.16397228637413394
501 0.6625 0.6651270207852193 0.1265625 0.16859122401847576
489 0.7484375 0.6628175519630485 0.096875 0.15704387990762125
372 0.8671875 0.6628175519630485 0.125 0.16166281755196305