373 0.1296875 0.17370892018779344 0.1359375 0.16666666666666666
361 0.2515625 0.17370892018779344 0.1 0.1572769953051643
294 0.3640625 0.17136150234741784 0.1125 0.1596244131455399
323 0.471875 0.17136150234741784 0.0953125 0.1596244131455399
434 0.5640625 0.17136150234741784 0.09375 0.1572769953051643
258 0.671875 0.17136150234741784 0.1125 0.1619718309859155
259 0.79375 0.17370892018779344 0.125 0.1643192488262911
247 0.9015625 0.17370892018779344 0.09375 0.1596244131455399
500 0.0953125 0.6408450704225352 0.1078125 0.1596244131455399
501 0.1984375 0.6431924882629108 0.121875 0.1643192488262911
489 0.28125 0.6408450704225352 0.09375 0.1572769953051643
372 0.396875 0.6408450704225352 0.1234375 0.1619718309859155
361 0.5140625 0.6408450704225352 0.1 0.1596244131455399
294 0.628125 0.6384976525821596 0.1125 0.1596244131455399
295 0.753125 0.6431924882629108 0.1265625 0.16666666666666666
323 0.8640625 0.6408450704225352 0.0921875 0.1596244131455399