434 0.0984375 0.16289592760180996 0.09375 0.15610859728506787
258 0.209375 0.16289592760180996 0.1125 0.15610859728506787
259 0.3328125 0.16515837104072398 0.125 0.16063348416289594
247 0.4390625 0.16289592760180996 0.09375 0.1515837104072398
500 0.5265625 0.16289592760180996 0.1109375 0.15610859728506787
501 0.6296875 0.16515837104072398 0.1234375 0.1583710407239819
489 0.715625 0.16289592760180996 0.0921875 0.1515837104072398
372 0.8328125 0.16289592760180996 0.1265625 0.15610859728506787
361 0.1125 0.6425339366515838 0.103125 0.1515837104072398
294 0.2265625 0.6402714932126696 0.1125 0.15610859728506787
295 0.3515625 0.6447963800904978 0.1265625 0.16289592760180996
283 0.45625 0.6425339366515838 0.0953125 0.15610859728506787
258 0.565625 0.6425339366515838 0.1125 0.1583710407239819
259 0.690625 0.6425339366515838 0.1234375 0.16063348416289594
247 0.7953125 0.6425339366515838 0.096875 0.1493212669683258
500 0.8859375 0.6402714932126696 0.109375 0.15610859728506787