501 0.11875 0.11055276381909548 0.1125 0.16331658291457288
489 0.196875 0.11055276381909548 0.084375 0.15326633165829145
372 0.3015625 0.10804020100502512 0.1140625 0.15829145728643215
294 0.4140625 0.11055276381909548 0.1015625 0.16080402010050251
295 0.5296875 0.11055276381909548 0.115625 0.16331658291457288
283 0.6265625 0.11055276381909548 0.0859375 0.15326633165829145
554 0.7328125 0.10804020100502512 0.1078125 0.15829145728643215
500 0.8234375 0.10804020100502512 0.1 0.15577889447236182
501 0.1203125 0.592964824120603 0.1125 0.16331658291457288
489 0.1953125 0.592964824120603 0.084375 0.15326633165829145
554 0.3015625 0.5904522613065326 0.1125 0.15829145728643215
295 0.4203125 0.592964824120603 0.115625 0.16080402010050251
283 0.51875 0.5904522613065326 0.0859375 0.15326633165829145
554 0.6234375 0.5904522613065326 0.1078125 0.15577889447236182
555 0.74375 0.592964824120603 0.1203125 0.16331658291457288
518 0.8546875 0.5904522613065326 0.103125 0.15829145728643215