519 0.153125 0.18266978922716628 0.1171875 0.15690866510538642
507 0.253125 0.18032786885245902 0.0875 0.14754098360655737
572 0.353125 0.18032786885245902 0.1046875 0.1522248243559719
500 0.44375 0.18032786885245902 0.103125 0.1522248243559719
501 0.5390625 0.18266978922716628 0.115625 0.1592505854800937
489 0.6203125 0.17798594847775176 0.0859375 0.1451990632318501
372 0.728125 0.18032786885245902 0.115625 0.14988290398126464
295 0.8515625 0.18266978922716628 0.1203125 0.15690866510538642
283 0.1359375 0.6463700234192038 0.0890625 0.14988290398126464
554 0.24375 0.6440281030444965 0.1125 0.1522248243559719
555 0.36875 0.6463700234192038 0.125 0.1592505854800937
518 0.484375 0.6440281030444965 0.103125 0.14988290398126464
519 0.5984375 0.6463700234192038 0.1171875 0.15690866510538642
507 0.6984375 0.6463700234192038 0.0875 0.14988290398126464
572 0.7984375 0.6440281030444965 0.1046875 0.1522248243559719