500 0.10625 0.1859903381642512 0.1046875 0.1570048309178744
501 0.203125 0.18840579710144928 0.1171875 0.16183574879227053
489 0.284375 0.18840579710144928 0.0875 0.15217391304347827
372 0.3953125 0.1859903381642512 0.11875 0.15942028985507245
283 0.5109375 0.18357487922705315 0.1046875 0.16183574879227053
554 0.6265625 0.1859903381642512 0.1125 0.1570048309178744
555 0.753125 0.18840579710144928 0.125 0.16183574879227053
518 0.86875 0.1859903381642512 0.103125 0.15942028985507245
519 0.13125 0.6739130434782609 0.11875 0.1642512077294686
507 0.23125 0.6714975845410628 0.0859375 0.1570048309178744
572 0.3328125 0.6690821256038647 0.1046875 0.15942028985507245
573 0.4484375 0.6714975845410628 0.1171875 0.1642512077294686
500 0.5484375 0.6739130434782609 0.115625 0.16183574879227053
489 0.628125 0.6714975845410628 0.0875 0.15458937198067632
372 0.7390625 0.6690821256038647 0.1171875 0.15942028985507245
554 0.859375 0.6714975845410628 0.1125 0.15942028985507245