373 0.1171875 0.14182692307692307 0.1265625 0.16105769230769232
519 0.240625 0.14182692307692307 0.1171875 0.16105769230769232
507 0.3390625 0.14182692307692307 0.0890625 0.15144230769230768
572 0.440625 0.13942307692307693 0.103125 0.15625
573 0.5546875 0.14182692307692307 0.1171875 0.16105769230769232
561 0.6515625 0.13942307692307693 0.0890625 0.15144230769230768
390 0.7546875 0.13942307692307693 0.10625 0.15625
391 0.1140625 0.6225961538461539 0.1203125 0.16105769230769232
501 0.215625 0.6225961538461539 0.115625 0.16105769230769232
489 0.2953125 0.6177884615384616 0.0890625 0.14903846153846154
372 0.4046875 0.6177884615384616 0.1171875 0.15625
555 0.53125 0.6201923076923077 0.125 0.16105769230769232
507 0.6328125 0.6177884615384616 0.0890625 0.15384615384615385
572 0.734375 0.6177884615384616 0.103125 0.15625
573 0.8484375 0.6201923076923077 0.1171875 0.16105769230769232