561 0.0984375 0.17761557177615572 0.090625 0.15815085158150852
390 0.2046875 0.17518248175182483 0.1078125 0.15815085158150852
391 0.325 0.17761557177615572 0.1203125 0.1678832116788321
379 0.428125 0.17761557177615572 0.0921875 0.15571776155717762
482 0.5328125 0.17518248175182483 0.103125 0.16058394160583941
501 0.63125 0.17761557177615572 0.11875 0.1654501216545012
489 0.7125 0.17761557177615572 0.0921875 0.15815085158150852
372 0.8234375 0.17761557177615572 0.1171875 0.16058394160583941
573 0.1203125 0.6690997566909975 0.11875 0.1678832116788321
561 0.21875 0.6715328467153284 0.0890625 0.15815085158150852
390 0.3234375 0.6690997566909975 0.1078125 0.16058394160583941
391 0.44375 0.6715328467153284 0.121875 0.1678832116788321
379 0.5484375 0.6715328467153284 0.0890625 0.15815085158150852
482 0.653125 0.6690997566909975 0.1046875 0.16058394160583941
483 0.771875 0.6715328467153284 0.11875 0.1654501216545012
277 0.8890625 0.6690997566909975 0.1078125 0.1630170316301703