278 0.1046875 0.16279069767441862 0.1265625 0.17209302325581396
501 0.215625 0.16279069767441862 0.1265625 0.1697674418604651
489 0.3015625 0.16279069767441862 0.0953125 0.16279069767441862
372 0.421875 0.16046511627906976 0.128125 0.16744186046511628
573 0.553125 0.16279069767441862 0.128125 0.17209302325581396
561 0.659375 0.16279069767441862 0.096875 0.16279069767441862
390 0.7734375 0.16046511627906976 0.115625 0.16511627906976745
391 0.9015625 0.16279069767441862 0.13125 0.17209302325581396
379 0.0828125 0.6697674418604651 0.0984375 0.16511627906976745
482 0.196875 0.6674418604651163 0.1125 0.16511627906976745
483 0.325 0.6697674418604651 0.128125 0.1744186046511628
277 0.45 0.6674418604651163 0.1140625 0.16744186046511628
278 0.578125 0.6697674418604651 0.128125 0.1697674418604651
501 0.6875 0.6697674418604651 0.1265625 0.1697674418604651
489 0.775 0.6674418604651163 0.0953125 0.16279069767441862
372 0.89375 0.6674418604651163 0.128125 0.16744186046511628