561 0.090625 0.14418604651162792 0.0953125 0.16046511627906976
391 0.2078125 0.14651162790697675 0.1265625 0.16511627906976745
379 0.315625 0.14418604651162792 0.09375 0.1558139534883721
482 0.4265625 0.14186046511627906 0.1109375 0.16046511627906976
483 0.55 0.14651162790697675 0.1265625 0.16744186046511628
277 0.6703125 0.14418604651162792 0.109375 0.16279069767441862
278 0.79375 0.14418604651162792 0.1234375 0.16511627906976745
266 0.9 0.14418604651162792 0.0921875 0.1558139534883721
353 0.1078125 0.6325581395348837 0.1125 0.16046511627906976
501 0.2140625 0.6372093023255814 0.1234375 0.16744186046511628
489 0.2984375 0.6348837209302326 0.09375 0.1558139534883721
379 0.3953125 0.6348837209302326 0.0953125 0.15348837209302327
482 0.5046875 0.6325581395348837 0.109375 0.15813953488372093
483 0.628125 0.6348837209302326 0.125 0.16744186046511628
277 0.7484375 0.6325581395348837 0.109375 0.15813953488372093
278 0.8734375 0.6372093023255814 0.125 0.16511627906976745