266 0.109375 0.1466346153846154 0.09375 0.16105769230769232
353 0.2203125 0.1466346153846154 0.1125 0.1658653846153846
354 0.346875 0.14903846153846154 0.128125 0.17067307692307693
342 0.45625 0.1466346153846154 0.09375 0.16105769230769232
590 0.571875 0.1466346153846154 0.1203125 0.1658653846153846
501 0.6796875 0.14903846153846154 0.121875 0.16826923076923078
489 0.7640625 0.1466346153846154 0.0953125 0.16105769230769232
483 0.8796875 0.14903846153846154 0.1234375 0.17307692307692307
277 0.1234375 0.6538461538461539 0.1078125 0.1658653846153846
278 0.2484375 0.65625 0.1234375 0.17067307692307693
266 0.3515625 0.6538461538461539 0.09375 0.16105769230769232
353 0.4640625 0.6514423076923077 0.1125 0.1658653846153846
354 0.590625 0.6538461538461539 0.128125 0.17067307692307693
342 0.7015625 0.6538461538461539 0.09375 0.16105769230769232
590 0.815625 0.6514423076923077 0.121875 0.1658653846153846