591 0.1359375 0.15365853658536585 0.128125 0.16585365853658537
579 0.2515625 0.15121951219512195 0.0921875 0.15609756097560976
501 0.34375 0.15365853658536585 0.11875 0.16585365853658537
489 0.425 0.15121951219512195 0.0875 0.15609756097560976
266 0.5140625 0.15121951219512195 0.090625 0.15609756097560976
353 0.6203125 0.15121951219512195 0.109375 0.16097560975609757
354 0.740625 0.15365853658536585 0.1203125 0.16585365853658537
342 0.846875 0.15121951219512195 0.0890625 0.15609756097560976
590 0.1296875 0.6414634146341464 0.115625 0.16097560975609757
591 0.2578125 0.6463414634146342 0.128125 0.16585365853658537
579 0.3734375 0.6439024390243903 0.09375 0.15853658536585366
463 0.490625 0.6439024390243903 0.13125 0.16097560975609757
464 0.634375 0.6439024390243903 0.14375 0.16341463414634147
451 0.7609375 0.6439024390243903 0.1078125 0.15609756097560976
501 0.8609375 0.6439024390243903 0.1171875 0.16585365853658537