489 0.0828125 0.15789473684210525 0.0921875 0.15550239234449761
266 0.175 0.16028708133971292 0.0921875 0.15789473684210525
353 0.2828125 0.15550239234449761 0.1125 0.16267942583732056
354 0.4078125 0.16028708133971292 0.125 0.16985645933014354
342 0.515625 0.16028708133971292 0.09375 0.15789473684210525
590 0.6296875 0.15789473684210525 0.11875 0.16028708133971292
591 0.7609375 0.16028708133971292 0.1328125 0.16507177033492823
579 0.878125 0.15789473684210525 0.096875 0.15550239234449761
463 0.1296875 0.65311004784689 0.1328125 0.16267942583732056
464 0.2765625 0.6555023923444976 0.146875 0.16507177033492823
451 0.4078125 0.6555023923444976 0.109375 0.16028708133971292
489 0.4890625 0.65311004784689 0.0921875 0.15789473684210525
354 0.6046875 0.6555023923444976 0.1234375 0.16985645933014354
342 0.7125 0.65311004784689 0.0921875 0.16028708133971292
590 0.825 0.6507177033492823 0.11875 0.16028708133971292