591 0.159375 0.1774580335731415 0.1296875 0.16546762589928057
579 0.275 0.1750599520383693 0.0953125 0.15587529976019185
463 0.39375 0.1750599520383693 0.13125 0.1606714628297362
464 0.5375 0.1774580335731415 0.1421875 0.16546762589928057
451 0.6671875 0.1774580335731415 0.1078125 0.15587529976019185
408 0.775 0.1750599520383693 0.1078125 0.15827338129496402
409 0.890625 0.1774580335731415 0.1203125 0.16546762589928057
397 0.128125 0.6642685851318945 0.0890625 0.15347721822541965
489 0.1984375 0.6642685851318945 0.0890625 0.15347721822541965
591 0.315625 0.6642685851318945 0.1296875 0.16546762589928057
579 0.43125 0.6642685851318945 0.09375 0.15587529976019185
463 0.55 0.6618705035971223 0.1328125 0.15827338129496402
464 0.69375 0.6642685851318945 0.14375 0.16546762589928057
451 0.8234375 0.6642685851318945 0.1078125 0.15587529976019185