408 0.1234375 0.13350125944584382 0.1046875 0.163727959697733
409 0.2359375 0.13602015113350127 0.1171875 0.16876574307304787
397 0.33125 0.13602015113350127 0.0875 0.16120906801007556
316 0.4265625 0.13350125944584382 0.103125 0.16120906801007556
317 0.5375 0.13602015113350127 0.115625 0.16876574307304787
305 0.63125 0.13602015113350127 0.0859375 0.15869017632241814
489 0.7 0.13602015113350127 0.0859375 0.1561712846347607
463 0.8125 0.13350125944584382 0.128125 0.163727959697733
464 0.146875 0.6372795969773299 0.1421875 0.16876574307304787
408 0.26875 0.6347607052896725 0.103125 0.163727959697733
409 0.3796875 0.6372795969773299 0.1171875 0.16876574307304787
397 0.475 0.6347607052896725 0.0890625 0.15869017632241814
316 0.571875 0.6347607052896725 0.1046875 0.163727959697733
317 0.68125 0.6372795969773299 0.1140625 0.16876574307304787
305 0.775 0.6347607052896725 0.0890625 0.15869017632241814
240 0.878125 0.6322418136020151 0.1078125 0.163727959697733