241 0.1234375 0.14354066985645933 0.13125 0.16985645933014354
229 0.2359375 0.14354066985645933 0.09375 0.16267942583732056
489 0.3109375 0.14114832535885166 0.0953125 0.1674641148325359
408 0.4171875 0.13875598086124402 0.1125 0.16985645933014354
409 0.540625 0.14354066985645933 0.1265625 0.1722488038277512
316 0.6546875 0.14114832535885166 0.1125 0.1674641148325359
317 0.7734375 0.14114832535885166 0.125 0.17464114832535885
305 0.875 0.14354066985645933 0.0953125 0.16507177033492823
240 0.1171875 0.65311004784689 0.115625 0.16985645933014354
241 0.246875 0.6578947368421053 0.128125 0.17464114832535885
229 0.3578125 0.6578947368421053 0.0953125 0.16507177033492823
537 0.4703125 0.6555023923444976 0.1140625 0.1674641148325359
538 0.5953125 0.6578947368421053 0.1296875 0.1722488038277512
526 0.70625 0.6555023923444976 0.09375 0.16267942583732056
489 0.7796875 0.6555023923444976 0.0953125 0.16507177033492823
408 0.8859375 0.6555023923444976 0.1125 0.1674641148325359