409 0.128125 0.12755102040816327 0.11875 0.17346938775510204
316 0.2359375 0.125 0.1046875 0.1683673469387755
317 0.346875 0.13010204081632654 0.1171875 0.17346938775510204
305 0.440625 0.12755102040816327 0.0890625 0.16326530612244897
240 0.5453125 0.12755102040816327 0.1078125 0.1683673469387755
241 0.6671875 0.12755102040816327 0.121875 0.17346938775510204
229 0.771875 0.12755102040816327 0.090625 0.16326530612244897
537 0.8765625 0.12755102040816327 0.1078125 0.1683673469387755
538 0.13125 0.6428571428571429 0.1203125 0.17091836734693877
526 0.2328125 0.6403061224489796 0.0875 0.16326530612244897
489 0.303125 0.6428571428571429 0.0890625 0.16581632653061223
316 0.4 0.6352040816326531 0.103125 0.16326530612244897
317 0.5109375 0.6403061224489796 0.11875 0.17346938775510204
305 0.60625 0.6403061224489796 0.0875 0.16071428571428573
240 0.7125 0.6377551020408163 0.109375 0.16581632653061223
241 0.83125 0.6403061224489796 0.121875 0.17346938775510204