229 0.0921875 0.16923076923076924 0.0875 0.16153846153846155
537 0.1921875 0.16666666666666666 0.1046875 0.1641025641025641
538 0.3046875 0.16923076923076924 0.1140625 0.16666666666666666
526 0.4015625 0.16666666666666666 0.0859375 0.15897435897435896
429 0.5015625 0.16923076923076924 0.1125 0.16923076923076924
417 0.59375 0.16923076923076924 0.0875 0.15897435897435896
240 0.69375 0.16923076923076924 0.1046875 0.1641025641025641
241 0.809375 0.16923076923076924 0.11875 0.1641025641025641
229 0.0921875 0.6564102564102564 0.0875 0.1641025641025641
537 0.1921875 0.658974358974359 0.103125 0.15897435897435896
538 0.3046875 0.6615384615384615 0.115625 0.16923076923076924
526 0.4 0.6564102564102564 0.0859375 0.15897435897435896
429 0.503125 0.6615384615384615 0.1125 0.16666666666666666
417 0.5953125 0.658974358974359 0.0859375 0.1564102564102564
324 0.6859375 0.6666666666666666 0.084375 0.17435897435897435
325 0.7796875 0.6743589743589744 0.1015625 0.18717948717948718