319 0.1296875 0.1377551020408163 0.0828125 0.1683673469387755
434 0.2125 0.14285714285714285 0.0828125 0.1836734693877551
537 0.309375 0.1326530612244898 0.1046875 0.1683673469387755
538 0.428125 0.1377551020408163 0.1203125 0.17346938775510204
526 0.53125 0.13520408163265307 0.0875 0.16326530612244897
429 0.6390625 0.13520408163265307 0.1171875 0.17346938775510204
417 0.7359375 0.1326530612244898 0.090625 0.16581632653061223
324 0.8328125 0.14285714285714285 0.090625 0.18112244897959184
325 0.1390625 0.6658163265306123 0.1078125 0.19387755102040816
319 0.2359375 0.6530612244897959 0.0796875 0.17091836734693877
435 0.31875 0.6581632653061225 0.08125 0.1836734693877551
436 0.4078125 0.6632653061224489 0.103125 0.19387755102040816
430 0.5 0.6505102040816326 0.075 0.17346938775510204
248 0.5828125 0.6607142857142857 0.084375 0.18112244897959184
429 0.6828125 0.6505102040816326 0.1203125 0.17346938775510204
417 0.7796875 0.6479591836734694 0.090625 0.16326530612244897
324 0.8765625 0.6581632653061225 0.0890625 0.1836734693877551