325 0.1109375 0.15538847117794485 0.1109375 0.20050125313283207
319 0.209375 0.14285714285714285 0.0859375 0.17042606516290726
435 0.29375 0.14786967418546365 0.0859375 0.18546365914786966
436 0.3859375 0.15538847117794485 0.109375 0.19799498746867167
430 0.4796875 0.14285714285714285 0.0765625 0.17042606516290726
248 0.5640625 0.15037593984962405 0.0875 0.18295739348370926
249 0.659375 0.15538847117794485 0.1109375 0.19548872180451127
243 0.7546875 0.14536340852130325 0.078125 0.17042606516290726
490 0.81875 0.15037593984962405 0.0859375 0.18546365914786966
429 0.115625 0.6591478696741855 0.121875 0.17543859649122806
417 0.215625 0.656641604010025 0.0921875 0.16541353383458646
324 0.3140625 0.6666666666666666 0.0921875 0.18295739348370926
325 0.4140625 0.6741854636591479 0.1125 0.19548872180451127
319 0.5125 0.6616541353383458 0.0859375 0.17293233082706766
435 0.596875 0.6666666666666666 0.084375 0.18295739348370926
436 0.6890625 0.6741854636591479 0.10625 0.19548872180451127
430 0.7828125 0.6591478696741855 0.0765625 0.17293233082706766
248 0.865625 0.6666666666666666 0.0875 0.18295739348370926