249 0.0875 0.14617169373549885 0.109375 0.18329466357308585
243 0.184375 0.13225058004640372 0.08125 0.16009280742459397
490 0.25 0.13921113689095127 0.084375 0.16937354988399073
324 0.34375 0.13921113689095127 0.090625 0.1716937354988399
325 0.446875 0.14617169373549885 0.1109375 0.18097447795823665
319 0.5453125 0.1345707656612529 0.0859375 0.16009280742459397
435 0.6296875 0.1368909512761021 0.084375 0.16937354988399073
436 0.7234375 0.14617169373549885 0.109375 0.18329466357308585
248 0.821875 0.13921113689095127 0.0875 0.16937354988399073
249 0.0875 0.62877030162413 0.1109375 0.18097447795823665
243 0.184375 0.617169373549884 0.0796875 0.16009280742459397
490 0.25 0.6218097447795824 0.0859375 0.16937354988399073
491 0.3234375 0.62877030162413 0.1109375 0.18561484918793503
485 0.4078125 0.617169373549884 0.059375 0.16009280742459397
436 0.4875 0.62877030162413 0.109375 0.18561484918793503
248 0.5859375 0.6241299303944315 0.0859375 0.1716937354988399
249 0.6828125 0.62877030162413 0.1109375 0.18097447795823665
243 0.778125 0.617169373549884 0.08125 0.16009280742459397
490 0.84375 0.6218097447795824 0.0859375 0.16937354988399073