491 0.0859375 0.18717948717948718 0.10625 0.19487179487179487
485 0.1703125 0.17692307692307693 0.059375 0.16923076923076924
362 0.25 0.18205128205128204 0.096875 0.18461538461538463
363 0.35625 0.18974358974358974 0.1109375 0.19743589743589743
356 0.459375 0.17692307692307693 0.090625 0.16923076923076924
284 0.55 0.18205128205128204 0.084375 0.18205128205128204
285 0.64375 0.18974358974358974 0.10625 0.19230769230769232
249 0.746875 0.18974358974358974 0.10625 0.19743589743589743
243 0.8390625 0.17435897435897435 0.0765625 0.1717948717948718
490 0.08125 0.6974358974358974 0.0828125 0.18205128205128204
491 0.1546875 0.7025641025641025 0.10625 0.19487179487179487
485 0.2375 0.6923076923076923 0.059375 0.1717948717948718
362 0.315625 0.6974358974358974 0.096875 0.18205128205128204
363 0.425 0.7051282051282052 0.1125 0.19487179487179487
356 0.5265625 0.6897435897435897 0.090625 0.16923076923076924
284 0.6171875 0.6974358974358974 0.084375 0.18205128205128204
285 0.7109375 0.7051282051282052 0.10625 0.19487179487179487
279 0.8078125 0.6897435897435897 0.078125 0.16923076923076924
544 0.89375 0.6974358974358974 0.090625 0.18461538461538463