491 0.1015625 0.16879795396419436 0.10625 0.1918158567774936
485 0.1828125 0.15601023017902813 0.0578125 0.16624040920716113
362 0.2625 0.1636828644501279 0.0953125 0.17902813299232737
363 0.36875 0.16879795396419436 0.1109375 0.1918158567774936
356 0.46875 0.15601023017902813 0.0875 0.16624040920716113
284 0.5578125 0.1636828644501279 0.08125 0.17902813299232737
285 0.65 0.17135549872122763 0.1046875 0.19437340153452684
279 0.74375 0.15601023017902813 0.078125 0.16879795396419436
544 0.8296875 0.1636828644501279 0.0890625 0.17647058823529413
545 0.1296875 0.6751918158567775 0.1046875 0.18925831202046037
508 0.2234375 0.6675191815856778 0.0796875 0.17902813299232737
509 0.3125 0.6751918158567775 0.103125 0.18925831202046037
491 0.39375 0.6751918158567775 0.1015625 0.18925831202046037
485 0.4734375 0.6649616368286445 0.0578125 0.16879795396419436
362 0.5515625 0.670076726342711 0.0953125 0.1815856777493606
363 0.6578125 0.6751918158567775 0.109375 0.1918158567774936
284 0.75625 0.670076726342711 0.0828125 0.17647058823529413
285 0.8484375 0.6751918158567775 0.1046875 0.1918158567774936