279 0.1109375 0.14754098360655737 0.0828125 0.16159250585480095
544 0.203125 0.15456674473067916 0.0953125 0.1756440281030445
545 0.3109375 0.1592505854800937 0.109375 0.1873536299765808
509 0.4171875 0.15690866510538642 0.1109375 0.1873536299765808
503 0.5125 0.14754098360655737 0.0796875 0.16627634660421545
562 0.596875 0.1522248243559719 0.0890625 0.17798594847775176
362 0.696875 0.14988290398126464 0.1015625 0.17330210772833723
284 0.7953125 0.1522248243559719 0.0890625 0.17330210772833723
285 0.8953125 0.1592505854800937 0.1125 0.1873536299765808
279 0.109375 0.6416861826697893 0.084375 0.16393442622950818
544 0.203125 0.6463700234192038 0.096875 0.17330210772833723
545 0.3109375 0.6533957845433255 0.1109375 0.18501170960187355
509 0.41875 0.6510538641686182 0.109375 0.18501170960187355
503 0.5140625 0.6416861826697893 0.08125 0.16393442622950818
562 0.5984375 0.6463700234192038 0.0859375 0.1756440281030445
563 0.6921875 0.6533957845433255 0.1109375 0.1873536299765808
557 0.7890625 0.6416861826697893 0.078125 0.16393442622950818
380 0.875 0.6463700234192038 0.090625 0.1756440281030445