279 0.0828125 0.13921113689095127 0.0859375 0.1716937354988399
545 0.184375 0.15081206496519722 0.115625 0.1902552204176334
509 0.2953125 0.15081206496519722 0.1125 0.1902552204176334
503 0.3921875 0.13921113689095127 0.084375 0.16705336426914152
562 0.4796875 0.14385150812064965 0.0875 0.17633410672853828
563 0.5765625 0.15081206496519722 0.1140625 0.1902552204176334
557 0.675 0.1368909512761021 0.0796875 0.16473317865429235
380 0.7625 0.14617169373549885 0.0921875 0.17865429234338748
381 0.865625 0.15081206496519722 0.1125 0.1902552204176334
375 0.08125 0.6403712296983759 0.0859375 0.16473317865429235
472 0.1734375 0.6450116009280742 0.0890625 0.17865429234338748
473 0.271875 0.6519721577726219 0.1125 0.1925754060324826
509 0.38125 0.654292343387471 0.1109375 0.1925754060324826
503 0.4796875 0.6403712296983759 0.08125 0.16705336426914152
562 0.565625 0.6450116009280742 0.090625 0.18097447795823665
563 0.6625 0.654292343387471 0.1125 0.1925754060324826
557 0.7609375 0.6403712296983759 0.0828125 0.16705336426914152
380 0.85 0.6473317865429234 0.0921875 0.17865429234338748