374 0.1171875 0.16216216216216217 0.06875 0.09090909090909091
562 0.2015625 0.20147420147420148 0.08125 0.16953316953316952
563 0.290625 0.20884520884520885 0.103125 0.18673218673218672
557 0.38125 0.19656019656019655 0.075 0.1597051597051597
380 0.4625 0.20393120393120392 0.0828125 0.171990171990172
381 0.5546875 0.20884520884520885 0.103125 0.18181818181818182
375 0.646875 0.19656019656019655 0.0796875 0.1597051597051597
472 0.73125 0.20393120393120392 0.0796875 0.171990171990172
473 0.821875 0.20884520884520885 0.10625 0.18181818181818182
467 0.9140625 0.19656019656019655 0.075 0.1597051597051597
267 0.1296875 0.6904176904176904 0.0796875 0.16953316953316952
268 0.2203125 0.6977886977886978 0.1046875 0.18427518427518427
262 0.3125 0.683046683046683 0.0703125 0.15724815724815724
563 0.396875 0.6953316953316954 0.10625 0.18181818181818182
557 0.4875 0.683046683046683 0.0734375 0.1597051597051597
380 0.56875 0.6904176904176904 0.0828125 0.16953316953316952
381 0.6609375 0.6953316953316954 0.1046875 0.18181818181818182
375 0.753125 0.683046683046683 0.0765625 0.1597051597051597
472 0.8359375 0.687960687960688 0.08125 0.17444717444717445