473 0.096875 0.15639810426540285 0.1109375 0.1872037914691943
467 0.19375 0.14218009478672985 0.0765625 0.15639810426540285
267 0.2765625 0.14691943127962084 0.084375 0.17298578199052134
268 0.371875 0.15639810426540285 0.1078125 0.1848341232227488
262 0.46875 0.14218009478672985 0.078125 0.16113744075829384
343 0.553125 0.14691943127962084 0.0875 0.17061611374407584
381 0.65 0.15402843601895735 0.1109375 0.18246445497630331
472 0.75 0.14691943127962084 0.0828125 0.17061611374407584
473 0.8453125 0.15402843601895735 0.1078125 0.18246445497630331
467 0.0890625 0.6303317535545023 0.075 0.15876777251184834
267 0.1734375 0.6350710900473934 0.0859375 0.17298578199052134
268 0.2671875 0.6421800947867299 0.109375 0.1848341232227488
262 0.3640625 0.6303317535545023 0.0796875 0.16350710900473933
343 0.45 0.6350710900473934 0.0890625 0.17298578199052134
344 0.5484375 0.6421800947867299 0.109375 0.1872037914691943
338 0.6453125 0.6303317535545023 0.08125 0.15876777251184834
580 0.7375 0.6350710900473934 0.09375 0.17298578199052134
581 0.8453125 0.6421800947867299 0.1140625 0.1872037914691943