467 0.1 0.15233415233415235 0.0765625 0.1597051597051597
267 0.1828125 0.1597051597051597 0.08125 0.16953316953316952
268 0.271875 0.16461916461916462 0.103125 0.18673218673218672
262 0.365625 0.15233415233415235 0.075 0.16216216216216217
343 0.4484375 0.1597051597051597 0.084375 0.171990171990172
344 0.5453125 0.16461916461916462 0.103125 0.18673218673218672
338 0.6375 0.1547911547911548 0.078125 0.16461916461916462
580 0.725 0.1597051597051597 0.0921875 0.171990171990172
581 0.83125 0.16707616707616707 0.109375 0.18427518427518427
575 0.1046875 0.6437346437346437 0.0859375 0.16216216216216217
452 0.2046875 0.6486486486486487 0.10625 0.17444717444717445
453 0.321875 0.6560196560196561 0.121875 0.18673218673218672
268 0.43125 0.6535626535626535 0.1046875 0.18427518427518427
262 0.5234375 0.6437346437346437 0.0765625 0.16216216216216217
343 0.6046875 0.6461916461916462 0.084375 0.17444717444717445
344 0.7015625 0.6535626535626535 0.10625 0.18673218673218672
338 0.79375 0.6412776412776413 0.078125 0.16216216216216217
580 0.884375 0.6486486486486487 0.0921875 0.17444717444717445