581 0.1171875 0.18681318681318682 0.1171875 0.17802197802197803
575 0.225 0.17362637362637362 0.09375 0.15604395604395604
452 0.3328125 0.18021978021978022 0.115625 0.16923076923076924
453 0.4625 0.18681318681318682 0.134375 0.1824175824175824
447 0.584375 0.17582417582417584 0.109375 0.15604395604395604
398 0.68125 0.18021978021978022 0.0890625 0.16483516483516483
343 0.7765625 0.18021978021978022 0.090625 0.16703296703296702
344 0.878125 0.18681318681318682 0.1140625 0.18021978021978022
338 0.1015625 0.6505494505494506 0.0859375 0.15604395604395604
580 0.196875 0.6571428571428571 0.1015625 0.16703296703296702
581 0.3125 0.6615384615384615 0.1171875 0.18021978021978022
575 0.41875 0.6505494505494506 0.0921875 0.15604395604395604
452 0.5265625 0.654945054945055 0.1140625 0.16923076923076924
453 0.65625 0.6615384615384615 0.1328125 0.1824175824175824
447 0.778125 0.6505494505494506 0.1078125 0.15824175824175823
398 0.875 0.6571428571428571 0.0890625 0.16703296703296702