399 0.10625 0.1697674418604651 0.1171875 0.19534883720930232
393 0.20625 0.15813953488372093 0.078125 0.17209302325581396
344 0.303125 0.1697674418604651 0.1171875 0.19069767441860466
338 0.40625 0.1558139534883721 0.0890625 0.1697674418604651
580 0.503125 0.16279069767441862 0.1015625 0.17906976744186046
581 0.61875 0.1697674418604651 0.1203125 0.1930232558139535
575 0.728125 0.15813953488372093 0.09375 0.16744186046511628
452 0.8390625 0.16046511627906976 0.1171875 0.1813953488372093
453 0.1296875 0.6790697674418604 0.1375 0.19534883720930232
447 0.253125 0.6674418604651163 0.1109375 0.16744186046511628
398 0.3515625 0.672093023255814 0.0890625 0.1813953488372093
399 0.4484375 0.6790697674418604 0.1140625 0.1930232558139535
306 0.5453125 0.672093023255814 0.0890625 0.17674418604651163
307 0.6390625 0.6790697674418604 0.1140625 0.1930232558139535
575 0.746875 0.6674418604651163 0.0953125 0.16744186046511628
452 0.8546875 0.6744186046511628 0.1171875 0.1813953488372093