453 0.1390625 0.16136919315403422 0.1265625 0.1882640586797066
447 0.2546875 0.15158924205378974 0.103125 0.16381418092909536
398 0.3453125 0.15647921760391198 0.084375 0.17603911980440098
399 0.4359375 0.16136919315403422 0.10625 0.19070904645476772
306 0.5265625 0.15647921760391198 0.0859375 0.17603911980440098
307 0.6140625 0.16136919315403422 0.10625 0.18581907090464547
301 0.70625 0.15158924205378974 0.0734375 0.16381418092909536
230 0.7890625 0.15647921760391198 0.0875 0.17359413202933985
231 0.8859375 0.16136919315403422 0.109375 0.19070904645476772
225 0.115625 0.6503667481662592 0.08125 0.16625916870415647
447 0.2109375 0.6503667481662592 0.103125 0.16381418092909536
398 0.303125 0.6577017114914425 0.08125 0.1784841075794621
399 0.39375 0.6650366748166259 0.10625 0.19070904645476772
306 0.484375 0.6577017114914425 0.084375 0.17603911980440098
307 0.5703125 0.6625916870415648 0.1078125 0.1882640586797066
230 0.6703125 0.6552567237163814 0.0859375 0.17603911980440098
231 0.76875 0.6650366748166259 0.109375 0.19315403422982885
225 0.8640625 0.6528117359413202 0.08125 0.16625916870415647