527 0.1 0.15714285714285714 0.0875 0.17857142857142858
528 0.1984375 0.16428571428571428 0.1125 0.19523809523809524
522 0.2953125 0.15 0.0828125 0.16428571428571428
418 0.378125 0.15714285714285714 0.0859375 0.17857142857142858
399 0.471875 0.16428571428571428 0.109375 0.19047619047619047
306 0.5671875 0.15714285714285714 0.0875 0.1761904761904762
307 0.65625 0.16428571428571428 0.1125 0.19047619047619047
230 0.7609375 0.15714285714285714 0.090625 0.17857142857142858
231 0.8609375 0.16428571428571428 0.1140625 0.19285714285714287
225 0.0984375 0.6571428571428571 0.0859375 0.16666666666666666
527 0.1859375 0.6619047619047619 0.0890625 0.1761904761904762
528 0.284375 0.669047619047619 0.1140625 0.19285714285714287
526 0.3828125 0.6571428571428571 0.08125 0.16666666666666666
418 0.465625 0.6642857142857143 0.0859375 0.18095238095238095
419 0.559375 0.669047619047619 0.1109375 0.19285714285714287
320 0.66875 0.6642857142857143 0.103125 0.18095238095238095
306 0.75625 0.6619047619047619 0.0859375 0.18095238095238095
307 0.8453125 0.669047619047619 0.1140625 0.19285714285714287