230 0.1 0.15421686746987953 0.0875 0.17349397590361446
231 0.196875 0.163855421686747 0.1109375 0.19036144578313252
225 0.2953125 0.1493975903614458 0.0828125 0.1614457831325301
527 0.38125 0.1566265060240964 0.0859375 0.17349397590361446
528 0.4765625 0.163855421686747 0.109375 0.19036144578313252
522 0.571875 0.1493975903614458 0.0796875 0.163855421686747
418 0.6515625 0.1566265060240964 0.084375 0.17590361445783131
419 0.74375 0.1614457831325301 0.1078125 0.18795180722891566
320 0.8484375 0.1566265060240964 0.1 0.17590361445783131
327 0.0953125 0.655421686746988 0.0765625 0.18313253012048192
230 0.1875 0.653012048192771 0.0875 0.1783132530120482
231 0.284375 0.6602409638554216 0.1109375 0.18795180722891566
527 0.384375 0.6506024096385542 0.084375 0.17349397590361446
528 0.478125 0.6578313253012048 0.109375 0.1855421686746988
522 0.575 0.6457831325301204 0.0796875 0.163855421686747
418 0.6546875 0.6506024096385542 0.0828125 0.17349397590361446
419 0.7453125 0.6578313253012048 0.1078125 0.18795180722891566
320 0.8515625 0.653012048192771 0.1015625 0.1783132530120482