327 0.096875 0.14713216957605985 0.0734375 0.18204488778054864
331 0.1859375 0.1596009975062344 0.0859375 0.2119700748129676
431 0.2765625 0.14463840399002495 0.0890625 0.1770573566084788
527 0.359375 0.14463840399002495 0.0828125 0.1745635910224439
528 0.4515625 0.14962593516209477 0.10625 0.18952618453865336
522 0.54375 0.1371571072319202 0.078125 0.16458852867830423
418 0.6203125 0.14463840399002495 0.0796875 0.17206982543640897
419 0.709375 0.14962593516209477 0.1015625 0.18703241895261846
320 0.8109375 0.14463840399002495 0.096875 0.1770573566084788
327 0.096875 0.6408977556109726 0.0734375 0.17955112219451372
331 0.1875 0.6583541147132169 0.0859375 0.2119700748129676
431 0.2765625 0.6408977556109726 0.090625 0.17955112219451372
438 0.3515625 0.6433915211970075 0.0671875 0.18204488778054864
442 0.434375 0.655860349127182 0.078125 0.2144638403990025
244 0.521875 0.6384039900249376 0.09375 0.1745635910224439
419 0.60625 0.6433915211970075 0.1046875 0.18453865336658354
320 0.7109375 0.6384039900249376 0.096875 0.1745635910224439
327 0.7921875 0.6408977556109726 0.0734375 0.1770573566084788
331 0.8828125 0.655860349127182 0.0859375 0.2119700748129676