438 0.0875 0.15035799522673032 0.06875 0.18377088305489261
442 0.1734375 0.16706443914081145 0.08125 0.21957040572792363
244 0.2671875 0.15035799522673032 0.0984375 0.17899761336515513
251 0.3484375 0.15035799522673032 0.071875 0.18377088305489261
255 0.4390625 0.16945107398568018 0.0890625 0.21957040572792363
486 0.5203125 0.14797136038186157 0.0765625 0.1766109785202864
493 0.58125 0.15035799522673032 0.0578125 0.18138424821002386
497 0.6484375 0.16706443914081145 0.071875 0.21241050119331742
327 0.7265625 0.15274463007159905 0.0765625 0.18138424821002386
331 0.821875 0.16706443914081145 0.090625 0.21479713603818615
438 0.90625 0.15274463007159905 0.071875 0.18377088305489261
442 0.0953125 0.6587112171837709 0.0828125 0.21479713603818615
244 0.1859375 0.6443914081145584 0.1 0.18377088305489261
251 0.26875 0.6420047732696897 0.0734375 0.18138424821002386
255 0.359375 0.6587112171837709 0.0875 0.2171837708830549
486 0.440625 0.6420047732696897 0.0765625 0.1766109785202864
493 0.5 0.6443914081145584 0.0578125 0.18138424821002386
497 0.5703125 0.6610978520286396 0.071875 0.21479713603818615
357 0.6640625 0.6420047732696897 0.109375 0.17899761336515513
365 0.759375 0.6443914081145584 0.0859375 0.18138424821002386
369 0.8578125 0.6587112171837709 0.090625 0.21479713603818615