280 0.1109375 0.18581907090464547 0.0984375 0.17603911980440098
442 0.196875 0.20293398533007334 0.0796875 0.21271393643031786
244 0.2859375 0.18581907090464547 0.0953125 0.1784841075794621
251 0.365625 0.18581907090464547 0.0703125 0.18092909535452323
255 0.453125 0.20293398533007334 0.084375 0.21271393643031786
486 0.53125 0.18581907090464547 0.075 0.1784841075794621
493 0.590625 0.18581907090464547 0.05625 0.18092909535452323
497 0.65625 0.20293398533007334 0.06875 0.21026894865525672
357 0.7484375 0.18581907090464547 0.1078125 0.1784841075794621
365 0.8390625 0.18581907090464547 0.0828125 0.18092909535452323
357 0.1109375 0.6992665036674817 0.09375 0.21026894865525672
280 0.209375 0.6797066014669927 0.0953125 0.1784841075794621
287 0.290625 0.6821515892420538 0.0734375 0.18092909535452323
251 0.371875 0.684596577017115 0.0703125 0.18337408312958436
255 0.459375 0.6992665036674817 0.084375 0.21515892420537897
486 0.5390625 0.6797066014669927 0.075 0.17603911980440098
493 0.5953125 0.6821515892420538 0.05625 0.18092909535452323
497 0.6625 0.6992665036674817 0.06875 0.21271393643031786
357 0.753125 0.6821515892420538 0.1046875 0.17603911980440098
365 0.846875 0.6821515892420538 0.08125 0.18092909535452323