369 0.1140625 0.17123287671232876 0.0984375 0.2100456621004566
280 0.21875 0.15296803652968036 0.103125 0.17579908675799086
287 0.3046875 0.15753424657534246 0.078125 0.1780821917808219
291 0.3984375 0.17123287671232876 0.0890625 0.20776255707762556
540 0.5 0.15296803652968036 0.1078125 0.17579908675799086
357 0.6078125 0.1506849315068493 0.1109375 0.1735159817351598
365 0.7046875 0.1552511415525114 0.0859375 0.17579908675799086
369 0.8109375 0.17123287671232876 0.1 0.2100456621004566
280 0.9140625 0.1552511415525114 0.1015625 0.17579908675799086
287 0.1015625 0.6438356164383562 0.075 0.17579908675799086
291 0.1953125 0.6575342465753424 0.0890625 0.20776255707762556
540 0.296875 0.6415525114155252 0.10625 0.1735159817351598
547 0.390625 0.6438356164383562 0.0828125 0.1780821917808219
551 0.4890625 0.6598173515981736 0.09375 0.2100456621004566
504 0.5890625 0.6415525114155252 0.1 0.1735159817351598
515 0.6765625 0.6598173515981736 0.0859375 0.20776255707762556
558 0.771875 0.6415525114155252 0.096875 0.17123287671232876
369 0.86875 0.6575342465753424 0.0984375 0.2100456621004566