280 0.0796875 0.13138686131386862 0.1 0.18248175182481752
287 0.1640625 0.13138686131386862 0.075 0.1873479318734793
291 0.2578125 0.14841849148418493 0.0875 0.22384428223844283
540 0.35625 0.13138686131386862 0.1046875 0.18491484184914841
547 0.4484375 0.13138686131386862 0.08125 0.18491484184914841
551 0.5453125 0.14841849148418493 0.09375 0.22141119221411193
504 0.64375 0.12895377128953772 0.096875 0.18004866180048662
515 0.7328125 0.14841849148418493 0.0859375 0.21897810218978103
558 0.8265625 0.13138686131386862 0.0953125 0.18248175182481752
565 0.065625 0.6447688564476886 0.0703125 0.1873479318734793
569 0.153125 0.6593673965936739 0.084375 0.21897810218978103
287 0.2359375 0.6447688564476886 0.0765625 0.1873479318734793
291 0.3265625 0.6618004866180048 0.0875 0.22384428223844283
540 0.4265625 0.6423357664233577 0.10625 0.18248175182481752
547 0.51875 0.6447688564476886 0.084375 0.1873479318734793
551 0.615625 0.6618004866180048 0.09375 0.22141119221411193
504 0.7140625 0.6423357664233577 0.0984375 0.18248175182481752
515 0.8015625 0.6593673965936739 0.0859375 0.21897810218978103
558 0.896875 0.6423357664233577 0.0953125 0.18491484184914841