565 0.09375 0.17136150234741784 0.0671875 0.17136150234741784
569 0.1765625 0.18544600938967137 0.0796875 0.20422535211267606
376 0.265625 0.16901408450704225 0.0953125 0.16901408450704225
383 0.346875 0.17136150234741784 0.071875 0.17370892018779344
291 0.4328125 0.18544600938967137 0.084375 0.20187793427230047
540 0.528125 0.16901408450704225 0.1015625 0.16901408450704225
551 0.6203125 0.18544600938967137 0.0890625 0.19953051643192488
504 0.7125 0.16901408450704225 0.090625 0.16901408450704225
515 0.796875 0.18544600938967137 0.08125 0.19953051643192488
558 0.8859375 0.16901408450704225 0.090625 0.16666666666666666
565 0.09375 0.6643192488262911 0.0671875 0.16901408450704225
569 0.178125 0.6784037558685446 0.0796875 0.19953051643192488
376 0.265625 0.6619718309859155 0.096875 0.16901408450704225
383 0.346875 0.6643192488262911 0.071875 0.17370892018779344
387 0.4328125 0.6784037558685446 0.084375 0.20187793427230047
468 0.525 0.6619718309859155 0.090625 0.16666666666666666
551 0.6125 0.6807511737089202 0.0890625 0.20422535211267606
515 0.7 0.6807511737089202 0.08125 0.20187793427230047
558 0.7875 0.6643192488262911 0.090625 0.16901408450704225
565 0.8625 0.6643192488262911 0.065625 0.16901408450704225