479 0.084375 0.1865671641791045 0.084375 0.22139303482587064
263 0.178125 0.1691542288557214 0.096875 0.1865671641791045
565 0.2578125 0.17164179104477612 0.0703125 0.19154228855721392
569 0.34375 0.18407960199004975 0.084375 0.22139303482587064
376 0.4375 0.1691542288557214 0.0984375 0.1865671641791045
383 0.521875 0.17164179104477612 0.0765625 0.19154228855721392
387 0.6109375 0.1865671641791045 0.0875 0.22388059701492538
468 0.7078125 0.1691542288557214 0.0953125 0.18407960199004975
475 0.7921875 0.17164179104477612 0.0734375 0.1890547263681592
479 0.88125 0.1865671641791045 0.0828125 0.22388059701492538
263 0.0890625 0.681592039800995 0.0984375 0.1890547263681592
270 0.1703125 0.681592039800995 0.071875 0.1865671641791045
274 0.259375 0.6990049751243781 0.084375 0.22139303482587064
339 0.3546875 0.6791044776119403 0.1 0.1865671641791045
376 0.4515625 0.681592039800995 0.1 0.18407960199004975
383 0.5359375 0.6840796019900498 0.0765625 0.19154228855721392
387 0.625 0.6990049751243781 0.0875 0.22139303482587064
468 0.721875 0.6791044776119403 0.0953125 0.1890547263681592
475 0.8046875 0.681592039800995 0.06875 0.1890547263681592
479 0.89375 0.6990049751243781 0.084375 0.22139303482587064