263 0.1109375 0.15853658536585366 0.090625 0.17317073170731706
270 0.1890625 0.16097560975609757 0.065625 0.17804878048780487
274 0.2734375 0.17560975609756097 0.0796875 0.2097560975609756
339 0.3640625 0.15853658536585366 0.09375 0.17317073170731706
346 0.4453125 0.16097560975609757 0.0703125 0.17804878048780487
350 0.5328125 0.17560975609756097 0.084375 0.2073170731707317
387 0.61875 0.17560975609756097 0.08125 0.2073170731707317
468 0.7109375 0.15853658536585366 0.0890625 0.17560975609756097
475 0.7890625 0.16097560975609757 0.0671875 0.17560975609756097
479 0.8734375 0.17804878048780487 0.0796875 0.2097560975609756
263 0.1109375 0.6365853658536585 0.0921875 0.17317073170731706
270 0.1890625 0.6390243902439025 0.06875 0.17804878048780487
274 0.2734375 0.6536585365853659 0.0796875 0.2097560975609756
339 0.3640625 0.6365853658536585 0.09375 0.17317073170731706
346 0.4453125 0.6390243902439025 0.0703125 0.17317073170731706
350 0.5328125 0.6536585365853659 0.084375 0.2073170731707317
576 0.6296875 0.6365853658536585 0.103125 0.17317073170731706
583 0.7171875 0.6390243902439025 0.0796875 0.17804878048780487
475 0.8015625 0.6390243902439025 0.065625 0.18048780487804877
479 0.8875 0.6536585365853659 0.078125 0.2073170731707317