392 0.1125 0.15250544662309368 0.0703125 0.0915032679738562
296 0.115625 0.06971677559912855 0.059375 0.06100217864923747
410 0.2 0.1503267973856209 0.0734375 0.08932461873638345
296 0.203125 0.06971677559912855 0.059375 0.06100217864923747
412 0.2859375 0.1503267973856209 0.0734375 0.0915032679738562
180 0.346875 0.19172113289760348 0.0390625 0.1721132897603486
360 0.390625 0.1568627450980392 0.025 0.0718954248366013
337 0.45625 0.15250544662309368 0.0796875 0.0915032679738562
355 0.55 0.15250544662309368 0.090625 0.08932461873638345
260 0.6453125 0.15250544662309368 0.0796875 0.09368191721132897
336 0.6640625 0.07407407407407407 0.0265625 0.030501089324618737
318 0.7375 0.15250544662309368 0.0828125 0.09368191721132897
337 0.828125 0.15250544662309368 0.08125 0.0915032679738562
484 0.9046875 0.15250544662309368 0.0546875 0.08932461873638345
336 0.9109375 0.07407407407407407 0.025 0.032679738562091505
412 0.1140625 0.6427015250544662 0.071875 0.08932461873638345
411 0.153125 0.5664488017429193 0.028125 0.02178649237472767
297 0.1859375 0.6797385620915033 0.0453125 0.16339869281045752
300 0.2484375 0.644880174291939 0.0703125 0.09368191721132897
465 0.3109375 0.6427015250544662 0.04375 0.08932461873638345
30 0.396875 0.6383442265795207 0.103125 0.09586056644880174
355 0.496875 0.644880174291939 0.09375 0.0915032679738562
208 0.590625 0.6427015250544662 0.090625 0.08932461873638345
484 0.6640625 0.6427015250544662 0.0578125 0.08714596949891068
400 0.74375 0.6775599128540305 0.0875 0.16122004357298475
484 0.81875 0.6427015250544662 0.05625 0.08932461873638345
169 0.8171875 0.7211328976034859 0.0546875 0.054466230936819175