263 0.1 0.16176470588235295 0.0953125 0.18137254901960784
270 0.18125 0.16666666666666666 0.071875 0.18382352941176472
274 0.271875 0.18137254901960784 0.0828125 0.2181372549019608
339 0.365625 0.16176470588235295 0.1015625 0.18382352941176472
346 0.4515625 0.1642156862745098 0.0734375 0.18872549019607843
350 0.54375 0.18137254901960784 0.0875 0.2181372549019608
576 0.64375 0.1642156862745098 0.1078125 0.18137254901960784
587 0.74375 0.18137254901960784 0.096875 0.2181372549019608
448 0.8546875 0.1642156862745098 0.121875 0.18382352941176472
270 0.0875 0.6764705882352942 0.071875 0.18872549019607843
274 0.178125 0.6936274509803921 0.0828125 0.2181372549019608
339 0.271875 0.6740196078431373 0.0984375 0.18627450980392157
346 0.3578125 0.6764705882352942 0.075 0.18382352941176472
350 0.45 0.6911764705882353 0.0875 0.22058823529411764
576 0.55 0.6764705882352942 0.10625 0.18137254901960784
583 0.6421875 0.6764705882352942 0.084375 0.18627450980392157
587 0.7421875 0.6936274509803921 0.0953125 0.22058823529411764
448 0.853125 0.6764705882352942 0.121875 0.18382352941176472