456 0.09375 0.1483375959079284 0.0953125 0.19437340153452684
460 0.2046875 0.1636828644501279 0.10625 0.22506393861892582
394 0.30625 0.14578005115089515 0.0890625 0.18414322250639387
401 0.3828125 0.1483375959079284 0.065625 0.18925831202046037
346 0.4625 0.1483375959079284 0.0734375 0.1918158567774936
350 0.5515625 0.1636828644501279 0.0859375 0.22250639386189258
576 0.6515625 0.14578005115089515 0.1046875 0.1867007672634271
583 0.7421875 0.1483375959079284 0.0796875 0.1918158567774936
587 0.8390625 0.1636828644501279 0.0921875 0.22250639386189258
448 0.10625 0.6649616368286445 0.11875 0.18925831202046037
456 0.2109375 0.6675191815856778 0.09375 0.1918158567774936
460 0.321875 0.6828644501278772 0.1078125 0.22506393861892582
394 0.4234375 0.6649616368286445 0.090625 0.18925831202046037
401 0.4984375 0.6675191815856778 0.065625 0.1918158567774936
405 0.58125 0.6854219948849105 0.0796875 0.22506393861892582
302 0.665625 0.6675191815856778 0.090625 0.1867007672634271
309 0.740625 0.6675191815856778 0.065625 0.18925831202046037
576 0.8359375 0.6675191815856778 0.1046875 0.18414322250639387