583 0.115625 0.14921465968586387 0.0765625 0.18586387434554974
587 0.2078125 0.1649214659685864 0.090625 0.21727748691099477
448 0.3125 0.14659685863874344 0.1140625 0.1806282722513089
456 0.4125 0.14921465968586387 0.090625 0.18324607329842932
460 0.5171875 0.16753926701570682 0.103125 0.2198952879581152
394 0.615625 0.14659685863874344 0.084375 0.1806282722513089
401 0.6859375 0.14921465968586387 0.0640625 0.18586387434554974
405 0.765625 0.16753926701570682 0.075 0.2198952879581152
405 0.846875 0.14921465968586387 0.0859375 0.1806282722513089
309 0.10625 0.6492146596858639 0.0609375 0.18324607329842932
313 0.1828125 0.6649214659685864 0.0734375 0.21465968586387435
226 0.2703125 0.6465968586387435 0.0921875 0.1806282722513089
587 0.359375 0.6675392670157068 0.090625 0.21727748691099477
448 0.4625 0.6465968586387435 0.1125 0.1806282722513089
456 0.5625 0.6492146596858639 0.090625 0.18586387434554974
460 0.6671875 0.6649214659685864 0.1015625 0.2198952879581152
394 0.7640625 0.6492146596858639 0.0859375 0.1806282722513089
401 0.8359375 0.6518324607329843 0.0625 0.18586387434554974