405 0.06875 0.1687344913151365 0.08125 0.22332506203473945
302 0.1546875 0.1513647642679901 0.0953125 0.18610421836228289
309 0.23125 0.1513647642679901 0.0671875 0.19106699751861042
313 0.3140625 0.1687344913151365 0.08125 0.22332506203473945
226 0.4078125 0.1488833746898263 0.1 0.18858560794044665
233 0.49375 0.15384615384615385 0.075 0.18858560794044665
237 0.5859375 0.1662531017369727 0.0890625 0.22332506203473945
456 0.6828125 0.1513647642679901 0.096875 0.19106699751861042
460 0.796875 0.1687344913151365 0.109375 0.22332506203473945
394 0.903125 0.1488833746898263 0.0921875 0.18610421836228289
405 0.0671875 0.6823821339950372 0.08125 0.22084367245657568
302 0.1546875 0.6650124069478908 0.09375 0.18610421836228289
309 0.2328125 0.6650124069478908 0.0671875 0.18858560794044665
313 0.315625 0.6823821339950372 0.0796875 0.22332506203473945
226 0.4078125 0.6650124069478908 0.1015625 0.18610421836228289
233 0.4953125 0.6650124069478908 0.0765625 0.19106699751861042
237 0.5859375 0.6823821339950372 0.0890625 0.22332506203473945
523 0.68125 0.6625310173697271 0.0984375 0.18610421836228289
530 0.765625 0.6674937965260546 0.0734375 0.19106699751861042
534 0.8546875 0.6823821339950372 0.0890625 0.22332506203473945