405 0.1078125 0.2009685230024213 0.0765625 0.20823244552058112
302 0.190625 0.18401937046004843 0.0875 0.1694915254237288
309 0.2625 0.1864406779661017 0.065625 0.17433414043583534
313 0.3421875 0.2009685230024213 0.0765625 0.20823244552058112
226 0.43125 0.18159806295399517 0.0953125 0.17433414043583534
233 0.5140625 0.1864406779661017 0.071875 0.17433414043583534
237 0.603125 0.2009685230024213 0.084375 0.20823244552058112
523 0.69375 0.18401937046004843 0.0953125 0.17191283292978207
530 0.7734375 0.1864406779661017 0.071875 0.1791767554479419
534 0.859375 0.2009685230024213 0.084375 0.2106537530266344
414 0.1125 0.6610169491525424 0.0890625 0.17191283292978207
421 0.1875 0.6634382566585957 0.065625 0.17675544794188863
425 0.26875 0.6779661016949152 0.0796875 0.20823244552058112
313 0.346875 0.6803874092009685 0.078125 0.20581113801452786
226 0.4359375 0.6610169491525424 0.0953125 0.17191283292978207
233 0.5203125 0.6634382566585957 0.0734375 0.17675544794188863
237 0.6078125 0.6803874092009685 0.084375 0.20823244552058112
523 0.6984375 0.6634382566585957 0.0953125 0.17191283292978207
530 0.778125 0.6634382566585957 0.0703125 0.17675544794188863
534 0.8640625 0.6803874092009685 0.084375 0.20823244552058112