414 0.10625 0.15503875968992248 0.0875 0.18087855297157623
421 0.1796875 0.15503875968992248 0.065625 0.1834625322997416
425 0.2578125 0.17054263565891473 0.075 0.21705426356589147
328 0.340625 0.165374677002584 0.0828125 0.20671834625322996
329 0.4265625 0.1731266149870801 0.0828125 0.21963824289405684
332 0.5234375 0.17054263565891473 0.1046875 0.2144702842377261
233 0.615625 0.15503875968992248 0.0703125 0.1834625322997416
237 0.7015625 0.1731266149870801 0.0828125 0.21705426356589147
523 0.7921875 0.1524547803617571 0.0921875 0.18087855297157623
530 0.86875 0.15503875968992248 0.06875 0.18863049095607234
534 0.1015625 0.661498708010336 0.08125 0.2144702842377261
414 0.1890625 0.6434108527131783 0.0890625 0.1834625322997416
421 0.2625 0.6434108527131783 0.0640625 0.18604651162790697
425 0.340625 0.661498708010336 0.0765625 0.21705426356589147
328 0.4234375 0.6563307493540051 0.0828125 0.2041343669250646
329 0.509375 0.6640826873385013 0.0828125 0.21963824289405684
332 0.60625 0.6589147286821705 0.103125 0.21188630490956073
439 0.7 0.6563307493540051 0.078125 0.20930232558139536
440 0.7796875 0.661498708010336 0.0765625 0.2222222222222222
523 0.865625 0.6434108527131783 0.09375 0.18087855297157623