530 0.1078125 0.1994949494949495 0.06875 0.17929292929292928
534 0.190625 0.21717171717171718 0.08125 0.21212121212121213
414 0.2765625 0.19696969696969696 0.0859375 0.17676767676767677
421 0.3484375 0.1994949494949495 0.0625 0.17929292929292928
425 0.428125 0.21717171717171718 0.0734375 0.21212121212121213
328 0.509375 0.20959595959595959 0.084375 0.1994949494949495
329 0.59375 0.21717171717171718 0.08125 0.21212121212121213
332 0.690625 0.21464646464646464 0.103125 0.20959595959595959
439 0.7828125 0.21212121212121213 0.075 0.20202020202020202
440 0.8609375 0.21717171717171718 0.075 0.21464646464646464
443 0.121875 0.6818181818181818 0.09375 0.20707070707070707
252 0.2125 0.6767676767676768 0.0796875 0.1994949494949495
414 0.2984375 0.6641414141414141 0.0859375 0.17676767676767677
421 0.371875 0.6666666666666666 0.0625 0.18181818181818182
425 0.45 0.6818181818181818 0.075 0.20959595959595959
328 0.53125 0.6767676767676768 0.0828125 0.19696969696969696
329 0.615625 0.6843434343434344 0.08125 0.21212121212121213
332 0.7125 0.6818181818181818 0.103125 0.20707070707070707
439 0.8046875 0.6742424242424242 0.078125 0.1994949494949495
440 0.884375 0.6818181818181818 0.0734375 0.21464646464646464