443 0.1109375 0.16791979949874686 0.1 0.22055137844611528
252 0.2078125 0.16290726817042606 0.084375 0.20802005012531327
253 0.29375 0.17042606516290726 0.0828125 0.22807017543859648
256 0.3875 0.16791979949874686 0.1046875 0.21804511278195488
494 0.4671875 0.16290726817042606 0.08125 0.20802005012531327
328 0.5546875 0.16290726817042606 0.0875 0.20802005012531327
329 0.6453125 0.16791979949874686 0.0875 0.22556390977443608
332 0.746875 0.16791979949874686 0.109375 0.21804511278195488
439 0.8453125 0.16040100250626566 0.08125 0.20802005012531327
440 0.1 0.6791979949874687 0.08125 0.22807017543859648
443 0.1921875 0.6766917293233082 0.1 0.22305764411027568
252 0.2890625 0.6691729323308271 0.0828125 0.21052631578947367
253 0.375 0.6766917293233082 0.0828125 0.22556390977443608
256 0.4703125 0.6741854636591479 0.1046875 0.21804511278195488
494 0.55 0.6691729323308271 0.0796875 0.20802005012531327
495 0.6203125 0.6766917293233082 0.0671875 0.22305764411027568
498 0.6921875 0.6741854636591479 0.096875 0.21804511278195488
366 0.79375 0.6716791979949874 0.0953125 0.21052631578947367
439 0.8828125 0.6691729323308271 0.08125 0.21052631578947367