440 0.0953125 0.20460358056265984 0.075 0.21994884910485935
443 0.1828125 0.2020460358056266 0.0953125 0.21483375959079284
252 0.275 0.1969309462915601 0.0796875 0.2020460358056266
253 0.35625 0.2071611253196931 0.0796875 0.21994884910485935
256 0.4484375 0.2020460358056266 0.0984375 0.21483375959079284
494 0.521875 0.1969309462915601 0.0765625 0.19948849104859334
495 0.5890625 0.20460358056265984 0.0640625 0.21994884910485935
498 0.6578125 0.2020460358056266 0.090625 0.20971867007672634
366 0.753125 0.1969309462915601 0.090625 0.20460358056265984
367 0.8484375 0.20460358056265984 0.0921875 0.21739130434782608
370 0.1125 0.6854219948849105 0.109375 0.20971867007672634
288 0.2125 0.680306905370844 0.0796875 0.2020460358056266
443 0.3046875 0.6854219948849105 0.096875 0.21739130434782608
252 0.3953125 0.680306905370844 0.078125 0.2020460358056266
253 0.4765625 0.690537084398977 0.08125 0.21994884910485935
256 0.56875 0.6854219948849105 0.0984375 0.21227621483375958
494 0.6421875 0.680306905370844 0.078125 0.20460358056265984
495 0.709375 0.6879795396419437 0.0640625 0.21994884910485935
498 0.778125 0.6854219948849105 0.0921875 0.21227621483375958