366 0.0828125 0.1658291457286432 0.0953125 0.21105527638190955
367 0.1828125 0.17336683417085427 0.0953125 0.228643216080402
370 0.290625 0.16834170854271358 0.115625 0.22110552763819097
288 0.3984375 0.16331658291457288 0.084375 0.21105527638190955
289 0.4875 0.1708542713567839 0.084375 0.228643216080402
292 0.584375 0.16834170854271358 0.10625 0.22110552763819097
253 0.6859375 0.1708542713567839 0.084375 0.22613065326633167
256 0.78125 0.16834170854271358 0.1046875 0.2185929648241206
494 0.8625 0.16331658291457288 0.0828125 0.21105527638190955
495 0.0625 0.6859296482412061 0.0703125 0.228643216080402
498 0.134375 0.6834170854271356 0.0984375 0.22110552763819097
366 0.2375 0.6758793969849246 0.0953125 0.21105527638190955
367 0.3359375 0.6859296482412061 0.096875 0.22613065326633167
370 0.4453125 0.6809045226130653 0.115625 0.2185929648241206
288 0.553125 0.6758793969849246 0.084375 0.2135678391959799
289 0.640625 0.6859296482412061 0.084375 0.228643216080402
292 0.740625 0.6809045226130653 0.10625 0.22110552763819097
548 0.84375 0.6758793969849246 0.0921875 0.21105527638190955