355 0.1296875 0.1738241308793456 0.09375 0.08997955010224949
411 0.18125 0.10224948875255624 0.028125 0.024539877300613498
297 0.2125 0.21063394683026584 0.0453125 0.15950920245398773
300 0.2796875 0.17586912065439672 0.0765625 0.08997955010224949
465 0.34375 0.1738241308793456 0.0453125 0.08588957055214724
437 0.4234375 0.2085889570552147 0.0921875 0.15950920245398773
374 0.5140625 0.17586912065439672 0.08125 0.08588957055214724
336 0.5328125 0.09815950920245399 0.0234375 0.028629856850715747
502 0.6078125 0.17586912065439672 0.078125 0.08793456032719836
187 0.6234375 0.25357873210633947 0.05 0.06134969325153374
296 0.6171875 0.09406952965235174 0.0625 0.06134969325153374
410 0.703125 0.1738241308793456 0.075 0.09202453987730061
296 0.7078125 0.09611451942740286 0.0609375 0.06339468302658487
411 0.753125 0.10224948875255624 0.0296875 0.022494887525562373
355 0.809375 0.17586912065439672 0.096875 0.08793456032719836
574 0.9109375 0.17586912065439672 0.0921875 0.08793456032719836
107 0.121875 0.6809815950920245 0.1046875 0.15950920245398773
232 0.23125 0.6850715746421268 0.1 0.1554192229038855
337 0.3265625 0.6523517382413088 0.08125 0.08793456032719836
574 0.421875 0.6523517382413088 0.090625 0.08793456032719836
224 0.5171875 0.6523517382413088 0.0828125 0.08588957055214724
574 0.6140625 0.6503067484662577 0.0921875 0.08793456032719836
360 0.68125 0.6584867075664622 0.028125 0.06952965235173825