549 0.0921875 0.22857142857142856 0.0890625 0.20714285714285716
495 0.1640625 0.22857142857142856 0.0671875 0.20714285714285716
498 0.2359375 0.2261904761904762 0.09375 0.2
366 0.334375 0.22142857142857142 0.0921875 0.19285714285714287
367 0.4296875 0.22857142857142856 0.09375 0.20714285714285716
370 0.5359375 0.2261904761904762 0.1125 0.2
288 0.640625 0.22142857142857142 0.08125 0.19285714285714287
289 0.725 0.22857142857142856 0.0828125 0.20952380952380953
292 0.821875 0.2261904761904762 0.1015625 0.20238095238095238
548 0.090625 0.6928571428571428 0.0890625 0.19285714285714287
549 0.1828125 0.7 0.0875 0.20952380952380953
552 0.2828125 0.6976190476190476 0.1078125 0.20238095238095238
512 0.3828125 0.6928571428571428 0.0796875 0.19285714285714287
513 0.4640625 0.7 0.0796875 0.20714285714285716
367 0.5546875 0.7 0.0953125 0.20714285714285716
370 0.6609375 0.6952380952380952 0.1125 0.20476190476190476
288 0.7640625 0.6928571428571428 0.0828125 0.19285714285714287
289 0.85 0.7 0.0828125 0.2119047619047619