292 0.1046875 0.18024691358024691 0.10625 0.21975308641975308
548 0.2078125 0.17530864197530865 0.0921875 0.2074074074074074
549 0.303125 0.18271604938271604 0.0921875 0.2222222222222222
552 0.40625 0.18024691358024691 0.1125 0.21481481481481482
512 0.509375 0.17530864197530865 0.08125 0.2074074074074074
513 0.59375 0.18271604938271604 0.0828125 0.2222222222222222
516 0.6875 0.17777777777777778 0.1046875 0.21728395061728395
566 0.7859375 0.17530864197530865 0.08125 0.20987654320987653
567 0.871875 0.18271604938271604 0.0796875 0.22469135802469137
570 0.1015625 0.6790123456790124 0.0984375 0.2123456790123457
384 0.2 0.6790123456790124 0.084375 0.2074074074074074
385 0.2890625 0.6864197530864198 0.0875 0.22469135802469137
548 0.3796875 0.6790123456790124 0.090625 0.2074074074074074
549 0.471875 0.6864197530864198 0.0921875 0.2271604938271605
552 0.5765625 0.6839506172839506 0.1109375 0.21728395061728395
512 0.6796875 0.6790123456790124 0.0828125 0.2074074074074074
513 0.7640625 0.6864197530864198 0.0828125 0.2222222222222222
516 0.859375 0.6839506172839506 0.1046875 0.21728395061728395