566 0.1140625 0.1763157894736842 0.0796875 0.2131578947368421
567 0.196875 0.18421052631578946 0.078125 0.22894736842105262
570 0.2890625 0.18157894736842106 0.0984375 0.2236842105263158
384 0.3828125 0.1763157894736842 0.08125 0.2131578947368421
385 0.46875 0.18421052631578946 0.0828125 0.22894736842105262
388 0.5609375 0.18157894736842106 0.1046875 0.22105263157894736
476 0.659375 0.1763157894736842 0.08125 0.2131578947368421
552 0.75625 0.18157894736842106 0.1078125 0.22105263157894736
512 0.8546875 0.1763157894736842 0.0796875 0.2131578947368421
513 0.115625 0.7026315789473684 0.08125 0.23157894736842105
516 0.2078125 0.7 0.1 0.2236842105263158
566 0.3015625 0.6921052631578948 0.08125 0.21052631578947367
567 0.3828125 0.7026315789473684 0.0796875 0.22894736842105262
570 0.475 0.6973684210526315 0.1 0.22105263157894736
384 0.56875 0.6947368421052632 0.08125 0.2131578947368421
385 0.653125 0.7 0.0828125 0.22894736842105262
388 0.7484375 0.7 0.103125 0.22105263157894736
476 0.8453125 0.6947368421052632 0.0796875 0.2131578947368421