477 0.0796875 0.16923076923076924 0.08125 0.23333333333333334
480 0.178125 0.16666666666666666 0.1046875 0.23076923076923078
516 0.2875 0.16666666666666666 0.1046875 0.2282051282051282
566 0.3859375 0.16153846153846155 0.084375 0.21794871794871795
567 0.471875 0.16923076923076924 0.08125 0.2358974358974359
570 0.5671875 0.16666666666666666 0.1015625 0.2282051282051282
384 0.6671875 0.16153846153846155 0.0875 0.21794871794871795
385 0.75625 0.1717948717948718 0.0859375 0.2358974358974359
388 0.8546875 0.16666666666666666 0.109375 0.23076923076923078
476 0.0796875 0.6820512820512821 0.084375 0.2153846153846154
477 0.1671875 0.6923076923076923 0.0828125 0.23333333333333334
480 0.265625 0.6897435897435897 0.103125 0.23076923076923078
271 0.365625 0.6846153846153846 0.084375 0.21794871794871795
272 0.453125 0.6923076923076923 0.0828125 0.23333333333333334
275 0.55 0.6897435897435897 0.1046875 0.2282051282051282
570 0.6609375 0.6871794871794872 0.103125 0.2282051282051282
384 0.759375 0.6846153846153846 0.0875 0.21794871794871795
385 0.85 0.6897435897435897 0.0875 0.2358974358974359