388 0.090625 0.189873417721519 0.103125 0.21518987341772153
476 0.1890625 0.1848101265822785 0.078125 0.20759493670886076
477 0.2734375 0.19240506329113924 0.0796875 0.22025316455696203
480 0.3671875 0.189873417721519 0.0984375 0.21772151898734177
271 0.4625 0.1848101265822785 0.08125 0.20759493670886076
272 0.546875 0.19240506329113924 0.0796875 0.22278481012658227
275 0.640625 0.189873417721519 0.0984375 0.21772151898734177
347 0.7359375 0.1848101265822785 0.0828125 0.20506329113924052
348 0.8234375 0.19240506329113924 0.0828125 0.21772151898734177
351 0.0921875 0.6810126582278481 0.1046875 0.21518987341772153
388 0.2015625 0.6810126582278481 0.1015625 0.21518987341772153
476 0.3 0.6759493670886076 0.08125 0.20506329113924052
477 0.384375 0.6835443037974683 0.0765625 0.22025316455696203
480 0.4765625 0.6810126582278481 0.1 0.21518987341772153
271 0.5734375 0.6784810126582278 0.0796875 0.20506329113924052
272 0.65625 0.6860759493670886 0.0796875 0.22025316455696203
275 0.7484375 0.6810126582278481 0.1 0.21772151898734177
347 0.8453125 0.6759493670886076 0.0828125 0.20506329113924052