348 0.1390625 0.1878453038674033 0.075 0.2154696132596685
351 0.225 0.1850828729281768 0.09375 0.212707182320442
584 0.315625 0.18232044198895028 0.08125 0.19889502762430938
585 0.4 0.1878453038674033 0.08125 0.21823204419889503
588 0.49375 0.1878453038674033 0.1 0.20994475138121546
457 0.5953125 0.17955801104972377 0.09375 0.20165745856353592
458 0.690625 0.1878453038674033 0.09375 0.21823204419889503
477 0.778125 0.1878453038674033 0.0703125 0.2154696132596685
480 0.146875 0.6740331491712708 0.0890625 0.212707182320442
271 0.2328125 0.6712707182320442 0.0734375 0.20441988950276244
272 0.3078125 0.6767955801104972 0.071875 0.2154696132596685
275 0.3921875 0.6740331491712708 0.0890625 0.212707182320442
347 0.478125 0.6685082872928176 0.0734375 0.20165745856353592
348 0.55625 0.6767955801104972 0.075 0.21823204419889503
351 0.6421875 0.6740331491712708 0.090625 0.20994475138121546
584 0.734375 0.6685082872928176 0.08125 0.20165745856353592
585 0.81875 0.6767955801104972 0.08125 0.2154696132596685