588 0.0953125 0.15046296296296297 0.11875 0.21296296296296297
457 0.2171875 0.14351851851851852 0.1125 0.2037037037037037
458 0.3328125 0.1527777777777778 0.1125 0.2175925925925926
461 0.4609375 0.14814814814814814 0.1375 0.21296296296296297
271 0.5765625 0.14351851851851852 0.084375 0.2013888888888889
272 0.6671875 0.1527777777777778 0.084375 0.2175925925925926
275 0.7671875 0.15046296296296297 0.1046875 0.21296296296296297
347 0.8734375 0.14351851851851852 0.0890625 0.2037037037037037
348 0.08125 0.6458333333333334 0.090625 0.2199074074074074
351 0.184375 0.6412037037037037 0.1109375 0.21296296296296297
584 0.2953125 0.6388888888888888 0.096875 0.2037037037037037
585 0.3953125 0.6458333333333334 0.0984375 0.2152777777777778
588 0.509375 0.6435185185185185 0.1203125 0.21064814814814814
457 0.6296875 0.6388888888888888 0.1125 0.2013888888888889
458 0.7453125 0.6458333333333334 0.1109375 0.2199074074074074
461 0.871875 0.6435185185185185 0.134375 0.21296296296296297