402 0.096875 0.1782178217821782 0.0796875 0.20544554455445543
403 0.178125 0.18564356435643564 0.078125 0.2202970297029703
347 0.2609375 0.17574257425742573 0.084375 0.20544554455445543
348 0.346875 0.18564356435643564 0.084375 0.21782178217821782
351 0.44375 0.1806930693069307 0.103125 0.21534653465346534
584 0.5484375 0.1782178217821782 0.090625 0.20544554455445543
585 0.64375 0.18316831683168316 0.090625 0.2202970297029703
588 0.746875 0.1806930693069307 0.1125 0.21287128712871287
457 0.8609375 0.1782178217821782 0.103125 0.2004950495049505
458 0.1125 0.6707920792079208 0.10625 0.2202970297029703
461 0.23125 0.6683168316831684 0.125 0.21287128712871287
402 0.3359375 0.6633663366336634 0.0796875 0.20297029702970298
403 0.4171875 0.6707920792079208 0.078125 0.2202970297029703
406 0.50625 0.6683168316831684 0.096875 0.21287128712871287
310 0.5953125 0.6633663366336634 0.0796875 0.20544554455445543
311 0.675 0.6707920792079208 0.078125 0.21782178217821782
314 0.7625 0.6658415841584159 0.0984375 0.21287128712871287
584 0.8625 0.6633663366336634 0.0921875 0.20297029702970298