585 0.1140625 0.18316831683168316 0.0953125 0.22277227722772278
588 0.2203125 0.1806930693069307 0.1125 0.21534653465346534
457 0.3359375 0.17574257425742573 0.1078125 0.2103960396039604
458 0.446875 0.18316831683168316 0.1078125 0.22277227722772278
461 0.5671875 0.1806930693069307 0.1265625 0.21782178217821782
402 0.6734375 0.17574257425742573 0.0828125 0.2079207920792079
403 0.7578125 0.18564356435643564 0.078125 0.22277227722772278
406 0.8484375 0.1806930693069307 0.0984375 0.2202970297029703
310 0.1015625 0.6707920792079208 0.0828125 0.2079207920792079
311 0.1828125 0.6782178217821783 0.078125 0.2202970297029703
314 0.2734375 0.6782178217821783 0.0984375 0.21782178217821782
234 0.3703125 0.6707920792079208 0.084375 0.2079207920792079
235 0.459375 0.6782178217821783 0.0859375 0.22277227722772278
238 0.5578125 0.6757425742574258 0.10625 0.21534653465346534
461 0.6796875 0.6757425742574258 0.128125 0.21782178217821782
402 0.7875 0.6683168316831684 0.08125 0.20544554455445543
403 0.8703125 0.6782178217821783 0.0765625 0.22277227722772278