406 0.0796875 0.15403422982885084 0.1015625 0.2176039119804401
310 0.171875 0.1491442542787286 0.0828125 0.20537897310513448
311 0.253125 0.15647921760391198 0.078125 0.22249388753056235
314 0.34375 0.15403422982885084 0.1 0.21515892420537897
234 0.4453125 0.1466992665036675 0.0859375 0.2078239608801956
235 0.534375 0.15647921760391198 0.0875 0.22493887530562348
238 0.634375 0.15403422982885084 0.1078125 0.21515892420537897
531 0.734375 0.1466992665036675 0.084375 0.2078239608801956
532 0.821875 0.15647921760391198 0.0859375 0.22249388753056235
535 0.0828125 0.6454767726161369 0.1078125 0.2176039119804401
531 0.1796875 0.6405867970660146 0.08125 0.2078239608801956
402 0.2609375 0.6405867970660146 0.08125 0.20537897310513448
403 0.3453125 0.6503667481662592 0.078125 0.22493887530562348
406 0.4375 0.6454767726161369 0.1015625 0.2176039119804401
310 0.5296875 0.6405867970660146 0.084375 0.20537897310513448
311 0.6109375 0.6503667481662592 0.0796875 0.22249388753056235
314 0.7015625 0.6479217603911981 0.1015625 0.2176039119804401
234 0.8015625 0.6405867970660146 0.0859375 0.2078239608801956
235 0.890625 0.6503667481662592 0.0859375 0.22493887530562348