238 0.1171875 0.1815856777493606 0.1046875 0.22250639386189258
531 0.215625 0.17647058823529413 0.08125 0.20971867007672634
532 0.3 0.18414322250639387 0.084375 0.22762148337595908
535 0.3953125 0.1815856777493606 0.1046875 0.21994884910485935
422 0.4875 0.17647058823529413 0.0796875 0.20971867007672634
423 0.571875 0.18414322250639387 0.0765625 0.22762148337595908
570 0.6625 0.17902813299232737 0.096875 0.21994884910485935
310 0.7515625 0.17647058823529413 0.078125 0.20971867007672634
311 0.83125 0.18414322250639387 0.078125 0.22506393861892582
314 0.1109375 0.6777493606138107 0.0984375 0.21994884910485935
234 0.2078125 0.670076726342711 0.084375 0.21227621483375958
235 0.2953125 0.680306905370844 0.084375 0.22762148337595908
238 0.3921875 0.6751918158567775 0.10625 0.22250639386189258
531 0.490625 0.670076726342711 0.08125 0.21227621483375958
532 0.5765625 0.6777493606138107 0.084375 0.23017902813299232
535 0.671875 0.6751918158567775 0.1046875 0.22250639386189258
422 0.7640625 0.670076726342711 0.08125 0.21483375959079284
423 0.8484375 0.6777493606138107 0.0796875 0.22506393861892582