426 0.103125 0.19642857142857142 0.0984375 0.21683673469387754
330 0.2078125 0.20918367346938777 0.1 0.2423469387755102
234 0.296875 0.1913265306122449 0.084375 0.20918367346938777
235 0.38125 0.1989795918367347 0.084375 0.22448979591836735
238 0.478125 0.19642857142857142 0.103125 0.21428571428571427
531 0.575 0.1913265306122449 0.08125 0.2066326530612245
532 0.659375 0.20153061224489796 0.08125 0.22193877551020408
535 0.753125 0.19642857142857142 0.1015625 0.2193877551020408
422 0.8453125 0.1913265306122449 0.078125 0.2066326530612245
423 0.09375 0.6938775510204082 0.0765625 0.22193877551020408
426 0.1828125 0.6887755102040817 0.0953125 0.21683673469387754
330 0.2859375 0.701530612244898 0.1 0.2423469387755102
441 0.378125 0.701530612244898 0.09375 0.23979591836734693
254 0.4703125 0.7040816326530612 0.09375 0.2423469387755102
496 0.54375 0.7040816326530612 0.0953125 0.2423469387755102
368 0.6421875 0.701530612244898 0.1078125 0.2423469387755102
531 0.7328125 0.6862244897959183 0.08125 0.2066326530612245
532 0.815625 0.6938775510204082 0.084375 0.22193877551020408