535 0.1015625 0.18298969072164947 0.1078125 0.22938144329896906
422 0.196875 0.17525773195876287 0.0828125 0.21649484536082475
423 0.28125 0.18298969072164947 0.0765625 0.2345360824742268
426 0.371875 0.18041237113402062 0.1 0.2268041237113402
330 0.4796875 0.19329896907216496 0.103125 0.2551546391752577
441 0.575 0.19329896907216496 0.096875 0.25257731958762886
254 0.66875 0.19329896907216496 0.1 0.2551546391752577
496 0.74375 0.19329896907216496 0.0984375 0.25257731958762886
368 0.846875 0.1958762886597938 0.109375 0.25257731958762886
290 0.1 0.7087628865979382 0.1 0.25257731958762886
550 0.2 0.7087628865979382 0.10625 0.25257731958762886
514 0.2984375 0.7087628865979382 0.0984375 0.25257731958762886
423 0.384375 0.6984536082474226 0.0796875 0.23195876288659795
426 0.4765625 0.6958762886597938 0.1 0.22422680412371135
330 0.5828125 0.7087628865979382 0.1015625 0.25257731958762886
441 0.6765625 0.7087628865979382 0.096875 0.25257731958762886
254 0.771875 0.7087628865979382 0.1 0.25257731958762886
496 0.8484375 0.7087628865979382 0.0984375 0.25