423 0.1015625 0.18292682926829268 0.0796875 0.22195121951219512
426 0.1953125 0.18048780487804877 0.1015625 0.21951219512195122
330 0.3046875 0.1926829268292683 0.1046875 0.23902439024390243
441 0.4015625 0.1902439024390244 0.096875 0.23902439024390243
254 0.496875 0.1902439024390244 0.1015625 0.23902439024390243
496 0.5734375 0.1926829268292683 0.1 0.23902439024390243
368 0.6765625 0.1902439024390244 0.1140625 0.23658536585365852
290 0.78125 0.1926829268292683 0.1015625 0.23902439024390243
550 0.884375 0.1902439024390244 0.1078125 0.24390243902439024
514 0.109375 0.6878048780487804 0.1 0.23902439024390243
568 0.2046875 0.6878048780487804 0.1 0.24146341463414633
386 0.3015625 0.6902439024390243 0.1 0.24146341463414633
478 0.4 0.6878048780487804 0.0984375 0.24146341463414633
273 0.496875 0.6902439024390243 0.1 0.23902439024390243
349 0.596875 0.6878048780487804 0.1015625 0.24390243902439024
426 0.6953125 0.675609756097561 0.1015625 0.21707317073170732
330 0.8046875 0.6878048780487804 0.103125 0.24146341463414633
441 0.9 0.6878048780487804 0.0984375 0.24146341463414633