254 0.109375 0.20050125313283207 0.0984375 0.24060150375939848
496 0.1828125 0.20050125313283207 0.0984375 0.24060150375939848
368 0.284375 0.20050125313283207 0.1109375 0.24310776942355888
290 0.3859375 0.20050125313283207 0.0984375 0.24310776942355888
550 0.484375 0.20300751879699247 0.1046875 0.24561403508771928
514 0.58125 0.20050125313283207 0.0984375 0.24310776942355888
568 0.671875 0.20050125313283207 0.096875 0.24310776942355888
386 0.765625 0.20050125313283207 0.1 0.24060150375939848
478 0.8625 0.20050125313283207 0.096875 0.24060150375939848
273 0.109375 0.6942355889724311 0.1 0.24310776942355888
349 0.20625 0.6967418546365914 0.0984375 0.24060150375939848
586 0.30625 0.6967418546365914 0.10625 0.24060150375939848
441 0.4015625 0.6917293233082706 0.0953125 0.24060150375939848
254 0.4953125 0.6942355889724311 0.096875 0.24060150375939848
496 0.5703125 0.6942355889724311 0.096875 0.24310776942355888
368 0.6703125 0.6967418546365914 0.109375 0.24310776942355888
290 0.7703125 0.6942355889724311 0.0984375 0.24060150375939848
550 0.8703125 0.6942355889724311 0.1046875 0.24060150375939848