514 0.109375 0.19899244332493704 0.096875 0.24433249370277077
568 0.203125 0.20151133501259447 0.096875 0.24181360201511334
386 0.296875 0.19899244332493704 0.0984375 0.24433249370277077
478 0.3921875 0.19899244332493704 0.096875 0.24181360201511334
273 0.4875 0.19899244332493704 0.1 0.24181360201511334
349 0.584375 0.19899244332493704 0.0984375 0.24433249370277077
586 0.684375 0.19899244332493704 0.10625 0.24433249370277077
459 0.796875 0.19899244332493704 0.1203125 0.24433249370277077
404 0.9 0.19899244332493704 0.0921875 0.24181360201511334
312 0.1046875 0.7002518891687658 0.0953125 0.24181360201511334
236 0.2015625 0.6977329974811083 0.1 0.24181360201511334
533 0.2953125 0.7002518891687658 0.0984375 0.24433249370277077
424 0.3875 0.6977329974811083 0.0953125 0.24181360201511334
568 0.4796875 0.6977329974811083 0.096875 0.24181360201511334
386 0.5734375 0.6977329974811083 0.0984375 0.24181360201511334
478 0.6703125 0.6977329974811083 0.0984375 0.24181360201511334
273 0.7640625 0.6977329974811083 0.0984375 0.24181360201511334
349 0.8609375 0.6977329974811083 0.0984375 0.24433249370277077