586 0.1234375 0.18766066838046272 0.1078125 0.2467866323907455
459 0.234375 0.18766066838046272 0.1203125 0.2467866323907455
404 0.3375 0.18766066838046272 0.09375 0.2493573264781491
312 0.425 0.18508997429305912 0.0953125 0.2467866323907455
533 0.5171875 0.18766066838046272 0.096875 0.2493573264781491
424 0.6078125 0.18508997429305912 0.0953125 0.2493573264781491
333 0.7140625 0.17480719794344474 0.121875 0.2210796915167095
321 0.8296875 0.15167095115681234 0.103125 0.17223650385604114
322 0.1296875 0.6658097686375322 0.1171875 0.17480719794344474
586 0.24375 0.7043701799485861 0.10625 0.2467866323907455
459 0.3546875 0.7017994858611826 0.1203125 0.2467866323907455
404 0.45625 0.7043701799485861 0.0953125 0.2467866323907455
312 0.54375 0.7017994858611826 0.0953125 0.2467866323907455
236 0.640625 0.7043701799485861 0.0984375 0.2467866323907455
533 0.7328125 0.7043701799485861 0.096875 0.2467866323907455
424 0.825 0.7017994858611826 0.096875 0.2442159383033419