333 0.1140625 0.17839195979899497 0.121875 0.22110552763819097
321 0.23125 0.15577889447236182 0.103125 0.16834170854271358
322 0.3484375 0.15326633165829145 0.1171875 0.1708542713567839
444 0.4671875 0.17839195979899497 0.1140625 0.2185929648241206
432 0.5734375 0.15326633165829145 0.096875 0.1708542713567839
433 0.6828125 0.15577889447236182 0.1109375 0.17336683417085427
257 0.7984375 0.17839195979899497 0.1171875 0.2185929648241206
245 0.103125 0.6683417085427136 0.1 0.1708542713567839
459 0.2203125 0.7060301507537688 0.121875 0.24371859296482412
404 0.3234375 0.7060301507537688 0.0953125 0.24371859296482412
312 0.4109375 0.7035175879396985 0.0953125 0.24120603015075376
236 0.50625 0.7060301507537688 0.1 0.24120603015075376
533 0.6015625 0.7060301507537688 0.096875 0.24371859296482412
424 0.69375 0.7060301507537688 0.0953125 0.24371859296482412
333 0.8 0.6934673366834171 0.1203125 0.22110552763819097