321 0.0875 0.13451776649746192 0.10625 0.1751269035532995
322 0.20625 0.13451776649746192 0.11875 0.17258883248730963
444 0.3265625 0.1598984771573604 0.1140625 0.22588832487309646
432 0.4359375 0.13451776649746192 0.0984375 0.1751269035532995
433 0.5484375 0.13451776649746192 0.1125 0.1751269035532995
257 0.665625 0.1598984771573604 0.1203125 0.22588832487309646
245 0.778125 0.13451776649746192 0.1015625 0.1751269035532995
246 0.8921875 0.13451776649746192 0.115625 0.1751269035532995
312 0.0765625 0.7030456852791879 0.1 0.24873096446700507
236 0.175 0.7030456852791879 0.1 0.2512690355329949
533 0.271875 0.7030456852791879 0.1 0.2512690355329949
424 0.3640625 0.7055837563451777 0.1 0.2512690355329949
333 0.4734375 0.6903553299492385 0.1234375 0.22588832487309646
321 0.590625 0.6675126903553299 0.10625 0.17258883248730963
322 0.7109375 0.6675126903553299 0.1203125 0.17766497461928935
444 0.83125 0.6903553299492385 0.115625 0.22588832487309646