432 0.10625 0.15274463007159905 0.0953125 0.162291169451074
433 0.2171875 0.1431980906921241 0.1078125 0.15990453460620524
257 0.33125 0.1766109785202864 0.11875 0.20763723150357996
245 0.440625 0.15274463007159905 0.0984375 0.162291169451074
246 0.5546875 0.15274463007159905 0.1140625 0.15990453460620524
499 0.65625 0.1766109785202864 0.1078125 0.20763723150357996
487 0.7515625 0.15274463007159905 0.078125 0.162291169451074
333 0.8578125 0.1766109785202864 0.121875 0.20763723150357996
321 0.1125 0.6420047732696897 0.1046875 0.15990453460620524
322 0.228125 0.6420047732696897 0.1171875 0.15990453460620524
444 0.346875 0.6634844868735084 0.1125 0.20763723150357996
433 0.4609375 0.6420047732696897 0.109375 0.15990453460620524
257 0.5765625 0.6634844868735084 0.11875 0.20763723150357996
245 0.6859375 0.6420047732696897 0.0984375 0.15990453460620524
246 0.7984375 0.6420047732696897 0.1125 0.15990453460620524
499 0.9 0.6634844868735084 0.1109375 0.2052505966587112