487 0.1015625 0.1543778801843318 0.0796875 0.1543778801843318
488 0.1921875 0.1543778801843318 0.09375 0.1543778801843318
371 0.30625 0.1774193548387097 0.1296875 0.20046082949308755
358 0.4296875 0.15207373271889402 0.1109375 0.15668202764976957
359 0.5546875 0.15207373271889402 0.125 0.15668202764976957
293 0.678125 0.1774193548387097 0.11875 0.20046082949308755
444 0.7984375 0.17511520737327188 0.1125 0.19815668202764977
433 0.115625 0.6244239631336406 0.109375 0.15668202764976957
257 0.2328125 0.6474654377880185 0.1171875 0.19815668202764977
245 0.3421875 0.6267281105990783 0.0984375 0.1543778801843318
246 0.453125 0.6267281105990783 0.1140625 0.1543778801843318
499 0.5546875 0.6474654377880185 0.109375 0.20276497695852536
487 0.65 0.6267281105990783 0.078125 0.15207373271889402
488 0.74375 0.6267281105990783 0.0953125 0.15668202764976957
371 0.85625 0.6474654377880185 0.128125 0.19815668202764977