358 0.13125 0.1590909090909091 0.109375 0.1691919191919192
359 0.2546875 0.1590909090909091 0.125 0.1717171717171717
293 0.378125 0.18434343434343434 0.11875 0.2196969696969697
281 0.4875 0.15656565656565657 0.1015625 0.1717171717171717
282 0.6015625 0.1590909090909091 0.1125 0.16666666666666666
553 0.721875 0.18181818181818182 0.1234375 0.21717171717171718
246 0.8421875 0.1590909090909091 0.1109375 0.1691919191919192
499 0.115625 0.6919191919191919 0.1109375 0.21717171717171718
487 0.209375 0.6691919191919192 0.08125 0.16666666666666666
488 0.3015625 0.6691919191919192 0.09375 0.1691919191919192
371 0.4140625 0.6919191919191919 0.128125 0.21717171717171718
358 0.5359375 0.6691919191919192 0.1109375 0.1691919191919192
359 0.659375 0.6691919191919192 0.1234375 0.1691919191919192
293 0.7828125 0.6919191919191919 0.1171875 0.21464646464646464
281 0.8921875 0.6691919191919192 0.1 0.1691919191919192