282 0.10625 0.1378504672897196 0.115625 0.16121495327102803
553 0.228125 0.16121495327102803 0.1234375 0.205607476635514
541 0.346875 0.14018691588785046 0.10625 0.16121495327102803
542 0.4671875 0.1425233644859813 0.121875 0.1588785046728972
517 0.5875 0.16355140186915887 0.1171875 0.205607476635514
505 0.6953125 0.14018691588785046 0.0984375 0.1588785046728972
499 0.7921875 0.16121495327102803 0.109375 0.205607476635514
487 0.8890625 0.14018691588785046 0.0796875 0.15654205607476634
488 0.09375 0.616822429906542 0.09375 0.1588785046728972
371 0.209375 0.6401869158878505 0.1296875 0.20327102803738317
359 0.3390625 0.6191588785046729 0.125 0.1588785046728972
293 0.4640625 0.6401869158878505 0.115625 0.20327102803738317
281 0.5765625 0.616822429906542 0.1015625 0.1588785046728972
282 0.6890625 0.616822429906542 0.1140625 0.1588785046728972
553 0.8125 0.6401869158878505 0.1234375 0.20327102803738317