541 0.1203125 0.15211970074812967 0.109375 0.17206982543640897
542 0.2421875 0.15211970074812967 0.1234375 0.16957605985037408
517 0.365625 0.17955112219451372 0.11875 0.22443890274314215
505 0.478125 0.15211970074812967 0.1 0.17206982543640897
506 0.590625 0.15211970074812967 0.115625 0.17206982543640897
571 0.7109375 0.1770573566084788 0.115625 0.22194513715710723
488 0.81875 0.15211970074812967 0.096875 0.1745635910224439
371 0.1296875 0.7007481296758105 0.13125 0.2194513715710723
359 0.2640625 0.6758104738154613 0.1296875 0.1770573566084788
293 0.39375 0.6982543640897756 0.1203125 0.22443890274314215
281 0.5078125 0.6758104738154613 0.1015625 0.17206982543640897
282 0.625 0.6758104738154613 0.11875 0.17206982543640897
553 0.75 0.7007481296758105 0.128125 0.22194513715710723
541 0.8703125 0.6758104738154613 0.1078125 0.17206982543640897