542 0.1265625 0.16511627906976745 0.11875 0.1558139534883721
517 0.24375 0.1883720930232558 0.1125 0.19767441860465115
505 0.35 0.16511627906976745 0.0953125 0.1558139534883721
506 0.459375 0.16511627906976745 0.109375 0.1558139534883721
571 0.5734375 0.1883720930232558 0.1125 0.2
559 0.678125 0.16511627906976745 0.0953125 0.15348837209302327
560 0.7859375 0.16511627906976745 0.1078125 0.1558139534883721
281 0.8921875 0.16511627906976745 0.0984375 0.1558139534883721
282 0.1234375 0.6302325581395349 0.1140625 0.1558139534883721
553 0.24375 0.6511627906976745 0.1203125 0.19534883720930232
541 0.359375 0.6302325581395349 0.1046875 0.15348837209302327
542 0.4765625 0.6302325581395349 0.1171875 0.1511627906976744
517 0.59375 0.6534883720930232 0.1125 0.19767441860465115
505 0.7015625 0.6302325581395349 0.0953125 0.15348837209302327
506 0.809375 0.6302325581395349 0.109375 0.15348837209302327