571 0.109375 0.15904139433551198 0.1296875 0.2178649237472767
559 0.234375 0.13507625272331156 0.1109375 0.16993464052287582
560 0.359375 0.13507625272331156 0.128125 0.16993464052287582
389 0.4921875 0.15904139433551198 0.1359375 0.21350762527233116
377 0.6203125 0.13725490196078433 0.115625 0.16775599128540306
378 0.75 0.13507625272331156 0.1328125 0.16993464052287582
481 0.8875 0.15904139433551198 0.1296875 0.21568627450980393
542 0.1140625 0.644880174291939 0.1390625 0.16775599128540306
517 0.2515625 0.6688453159041394 0.13125 0.22004357298474944
506 0.3828125 0.644880174291939 0.1265625 0.16775599128540306
571 0.515625 0.6688453159041394 0.1328125 0.2178649237472767
559 0.6390625 0.644880174291939 0.109375 0.16775599128540306
560 0.765625 0.644880174291939 0.1265625 0.16775599128540306
389 0.9 0.6688453159041394 0.134375 0.2178649237472767