377 0.159375 0.17814726840855108 0.1015625 0.16152019002375298
378 0.2734375 0.17814726840855108 0.115625 0.16152019002375298
481 0.3859375 0.1995249406175772 0.1 0.20665083135391923
469 0.49375 0.17814726840855108 0.096875 0.16152019002375298
470 0.60625 0.17577197149643706 0.1125 0.16152019002375298
276 0.7234375 0.1995249406175772 0.1140625 0.2042755344418052
264 0.834375 0.17577197149643706 0.096875 0.15914489311163896
265 0.1671875 0.66270783847981 0.1109375 0.16389548693586697
506 0.28125 0.66270783847981 0.1125 0.16152019002375298
571 0.396875 0.6864608076009501 0.115625 0.20665083135391923
559 0.5046875 0.66270783847981 0.096875 0.16152019002375298
560 0.615625 0.66270783847981 0.1125 0.16152019002375298
389 0.73125 0.684085510688836 0.11875 0.20665083135391923
377 0.84375 0.66270783847981 0.1 0.15914489311163896