378 0.1125 0.1696035242290749 0.1265625 0.16299559471365638
481 0.24375 0.19383259911894274 0.125 0.2092511013215859
469 0.365625 0.1696035242290749 0.10625 0.16079295154185022
470 0.4890625 0.1696035242290749 0.1234375 0.16079295154185022
276 0.615625 0.19162995594713655 0.1265625 0.20704845814977973
264 0.7359375 0.17180616740088106 0.10625 0.16519823788546256
265 0.859375 0.1696035242290749 0.121875 0.16299559471365638
352 0.115625 0.6850220264317181 0.13125 0.2092511013215859
340 0.240625 0.6629955947136564 0.1109375 0.16299559471365638
559 0.35625 0.6629955947136564 0.10625 0.16299559471365638
560 0.4765625 0.6629955947136564 0.1203125 0.16299559471365638
389 0.603125 0.6850220264317181 0.128125 0.20704845814977973
377 0.725 0.6629955947136564 0.109375 0.16299559471365638
378 0.85 0.6629955947136564 0.125 0.16299559471365638