481 0.1359375 0.16173120728929385 0.128125 0.2164009111617312
469 0.2578125 0.13895216400911162 0.1078125 0.17084282460136674
470 0.38125 0.13895216400911162 0.121875 0.16856492027334852
276 0.5109375 0.16173120728929385 0.1265625 0.21867881548974943
264 0.6328125 0.13895216400911162 0.10625 0.16856492027334852
265 0.7546875 0.13895216400911162 0.1234375 0.17084282460136674
352 0.8859375 0.16400911161731208 0.13125 0.21867881548974943
340 0.1265625 0.6514806378132119 0.1140625 0.16856492027334852
341 0.2546875 0.6514806378132119 0.1265625 0.17312072892938496
589 0.390625 0.6742596810933941 0.1390625 0.21867881548974943
389 0.5265625 0.6742596810933941 0.13125 0.2164009111617312
378 0.65625 0.6492027334851936 0.1265625 0.16856492027334852
481 0.7890625 0.6742596810933941 0.125 0.2164009111617312
469 0.9109375 0.6492027334851936 0.10625 0.17084282460136674