470 0.115625 0.1870824053452116 0.115625 0.1603563474387528
276 0.2375 0.21158129175946547 0.1203125 0.2026726057906459
264 0.3515625 0.18930957683741648 0.1 0.15812917594654788
265 0.46875 0.18930957683741648 0.1171875 0.15812917594654788
352 0.5921875 0.20935412026726058 0.1234375 0.2026726057906459
340 0.7109375 0.18930957683741648 0.10625 0.15812917594654788
341 0.83125 0.18930957683741648 0.1203125 0.15812917594654788
589 0.121875 0.6837416481069042 0.13125 0.2026726057906459
577 0.246875 0.6636971046770601 0.1125 0.15812917594654788
578 0.375 0.6636971046770601 0.128125 0.155902004454343
462 0.515625 0.6837416481069042 0.1484375 0.2026726057906459
482 0.6453125 0.6614699331848553 0.1 0.155902004454343
470 0.7625 0.6636971046770601 0.115625 0.15812917594654788
276 0.8828125 0.6837416481069042 0.1203125 0.2026726057906459