264 0.075 0.12949640287769784 0.1015625 0.17026378896882494
265 0.1921875 0.12949640287769784 0.1171875 0.16786570743405277
352 0.315625 0.1510791366906475 0.1234375 0.2182254196642686
340 0.4328125 0.12709832134292565 0.10625 0.17026378896882494
341 0.553125 0.12949640287769784 0.121875 0.17026378896882494
589 0.6828125 0.1510791366906475 0.13125 0.2182254196642686
577 0.8078125 0.12709832134292565 0.1140625 0.17026378896882494
578 0.0875 0.6402877697841727 0.1296875 0.16786570743405277
462 0.228125 0.6618705035971223 0.1453125 0.2182254196642686
449 0.36875 0.6378896882494005 0.128125 0.16546762589928057
450 0.509375 0.6402877697841727 0.14375 0.17026378896882494
352 0.646875 0.6618705035971223 0.1234375 0.22062350119904076
340 0.7640625 0.6402877697841727 0.10625 0.17026378896882494
341 0.884375 0.6378896882494005 0.1203125 0.17266187050359713