589 0.115625 0.171990171990172 0.1265625 0.21621621621621623
577 0.2359375 0.14987714987714987 0.1078125 0.16461916461916462
578 0.3578125 0.14742014742014742 0.1234375 0.16461916461916462
462 0.4921875 0.171990171990172 0.1390625 0.21375921375921375
449 0.6265625 0.14742014742014742 0.1234375 0.16707616707616707
450 0.7625 0.14742014742014742 0.1375 0.16707616707616707
407 0.890625 0.171990171990172 0.1109375 0.21375921375921375
395 0.1 0.6486486486486487 0.09375 0.16707616707616707
396 0.2078125 0.6486486486486487 0.109375 0.16707616707616707
315 0.315625 0.6732186732186732 0.1125 0.21375921375921375
303 0.4203125 0.6486486486486487 0.09375 0.16461916461916462
304 0.525 0.6511056511056511 0.1078125 0.16461916461916462
341 0.640625 0.6486486486486487 0.115625 0.16216216216216217
589 0.7640625 0.6732186732186732 0.125 0.2113022113022113
577 0.884375 0.6486486486486487 0.109375 0.16461916461916462