578 0.109375 0.13488372093023257 0.13125 0.16744186046511628
462 0.2546875 0.15813953488372093 0.15 0.21627906976744185
449 0.396875 0.13488372093023257 0.1328125 0.1697674418604651
450 0.54375 0.13488372093023257 0.1484375 0.17209302325581396
407 0.6796875 0.15813953488372093 0.11875 0.21627906976744185
395 0.7921875 0.13488372093023257 0.1015625 0.1697674418604651
396 0.90625 0.13488372093023257 0.115625 0.1697674418604651
315 0.1015625 0.6651162790697674 0.11875 0.2186046511627907
303 0.2125 0.6441860465116279 0.1015625 0.16511627906976745
304 0.325 0.6441860465116279 0.115625 0.16744186046511628
239 0.45 0.6651162790697674 0.128125 0.2186046511627907
227 0.5703125 0.641860465116279 0.1078125 0.16744186046511628
577 0.690625 0.6441860465116279 0.1171875 0.16511627906976745
578 0.8203125 0.641860465116279 0.13125 0.1697674418604651