462 0.1171875 0.16971279373368145 0.134375 0.2193211488250653
449 0.2453125 0.1462140992167102 0.11875 0.16971279373368145
450 0.375 0.14360313315926893 0.1328125 0.1671018276762402
407 0.4984375 0.16971279373368145 0.10625 0.21671018276762402
395 0.5984375 0.14360313315926893 0.090625 0.17232375979112272
396 0.7015625 0.14360313315926893 0.103125 0.16971279373368145
315 0.80625 0.16971279373368145 0.1078125 0.21671018276762402
303 0.0921875 0.6553524804177546 0.090625 0.16971279373368145
304 0.19375 0.6553524804177546 0.103125 0.1671018276762402
239 0.303125 0.6788511749347258 0.1140625 0.22193211488250653
227 0.4125 0.6553524804177546 0.0984375 0.16971279373368145
228 0.521875 0.6553524804177546 0.1109375 0.16971279373368145
536 0.6359375 0.6788511749347258 0.1125 0.21671018276762402
449 0.7546875 0.6579634464751958 0.1171875 0.16971279373368145