450 0.115625 0.1382488479262673 0.1484375 0.17050691244239632
407 0.2546875 0.16129032258064516 0.1203125 0.22119815668202766
396 0.3765625 0.1359447004608295 0.1171875 0.16820276497695852
315 0.496875 0.16359447004608296 0.121875 0.21889400921658986
303 0.609375 0.1382488479262673 0.103125 0.17050691244239632
304 0.725 0.1382488479262673 0.1171875 0.17050691244239632
239 0.85 0.16129032258064516 0.1296875 0.21889400921658986
227 0.096875 0.6497695852534562 0.1109375 0.17050691244239632
228 0.221875 0.6497695852534562 0.125 0.17050691244239632
536 0.35 0.6751152073732719 0.1265625 0.21658986175115208
524 0.4703125 0.652073732718894 0.1078125 0.16820276497695852
525 0.5921875 0.6497695852534562 0.1234375 0.16820276497695852
427 0.71875 0.6751152073732719 0.121875 0.22119815668202766
407 0.8421875 0.6728110599078341 0.1203125 0.21889400921658986