396 0.1078125 0.13970588235294118 0.1125 0.17401960784313725
315 0.2234375 0.1642156862745098 0.115625 0.22303921568627452
303 0.33125 0.13970588235294118 0.0984375 0.17401960784313725
304 0.4421875 0.13970588235294118 0.1125 0.17401960784313725
239 0.5625 0.1642156862745098 0.1234375 0.22303921568627452
227 0.68125 0.13970588235294118 0.1046875 0.17401960784313725
228 0.8 0.13970588235294118 0.1203125 0.17401960784313725
536 0.921875 0.1642156862745098 0.1234375 0.22303921568627452
524 0.103125 0.6519607843137255 0.10625 0.1715686274509804
525 0.2203125 0.6519607843137255 0.1203125 0.17401960784313725
427 0.340625 0.6764705882352942 0.1171875 0.22303921568627452
415 0.4515625 0.6544117647058824 0.1 0.17401960784313725
416 0.5640625 0.6519607843137255 0.1140625 0.1715686274509804
184 0.66875 0.6519607843137255 0.0984375 0.17401960784313725
239 0.78125 0.6764705882352942 0.125 0.22058823529411764
227 0.8984375 0.6519607843137255 0.10625 0.17401960784313725