228 0.1171875 0.13942307692307693 0.1203125 0.16826923076923078
536 0.2390625 0.16346153846153846 0.121875 0.21634615384615385
524 0.3546875 0.13942307692307693 0.1046875 0.17067307692307693
525 0.471875 0.13942307692307693 0.11875 0.17067307692307693
427 0.590625 0.16346153846153846 0.115625 0.21634615384615385
524 0.703125 0.14182692307692307 0.1046875 0.17067307692307693
525 0.8203125 0.13942307692307693 0.1203125 0.16826923076923078
427 0.1140625 0.6730769230769231 0.1171875 0.21875
415 0.225 0.6490384615384616 0.0984375 0.17067307692307693
416 0.3390625 0.6490384615384616 0.1125 0.17067307692307693
184 0.440625 0.6514423076923077 0.096875 0.16826923076923078
181 0.5375 0.6490384615384616 0.0984375 0.16346153846153846
521 0.6359375 0.6225961538461539 0.0875 0.11298076923076923
168 0.6484375 0.7235576923076923 0.0640625 0.12259615384615384
556 0.7171875 0.6129807692307693 0.0703125 0.09375
165 0.7234375 0.7163461538461539 0.0828125 0.11057692307692307
484 0.7921875 0.6153846153846154 0.053125 0.09615384615384616
175 0.790625 0.71875 0.084375 0.10817307692307693
209 0.8765625 0.6466346153846154 0.0953125 0.16105769230769232