228 0.1109375 0.1702127659574468 0.121875 0.16784869976359337
536 0.234375 0.1938534278959811 0.121875 0.21749408983451538
524 0.3484375 0.16784869976359337 0.103125 0.16548463356973994
525 0.4671875 0.1702127659574468 0.11875 0.1702127659574468
427 0.58125 0.1938534278959811 0.1046875 0.21749408983451538
415 0.6875 0.1702127659574468 0.0984375 0.16784869976359337
416 0.8 0.1702127659574468 0.1140625 0.16784869976359337
323 0.90625 0.16784869976359337 0.096875 0.16312056737588654
520 0.090625 0.6312056737588653 0.0828125 0.09456264775413711
168 0.1125 0.7399527186761229 0.065625 0.12056737588652482
574 0.190625 0.6312056737588653 0.0859375 0.09456264775413711
165 0.2015625 0.735224586288416 0.0859375 0.1111111111111111
466 0.2859375 0.6312056737588653 0.0734375 0.09456264775413711
175 0.290625 0.7375886524822695 0.0859375 0.10874704491725769
209 0.3796875 0.6643026004728132 0.096875 0.16312056737588654
200 0.471875 0.6666666666666666 0.0953125 0.16312056737588654
502 0.5609375 0.6312056737588653 0.0734375 0.09456264775413711
174 0.578125 0.7423167848699763 0.071875 0.11583924349881797
524 0.665625 0.6690307328605201 0.1046875 0.16784869976359337
525 0.784375 0.6690307328605201 0.1171875 0.1702127659574468
427 0.90625 0.6926713947990544 0.1171875 0.21513002364066194