415 0.0890625 0.13493975903614458 0.1 0.1710843373493976
416 0.2046875 0.13493975903614458 0.115625 0.17349397590361446
181 0.309375 0.13253012048192772 0.1 0.16626506024096385
261 0.4015625 0.09879518072289156 0.0734375 0.0963855421686747
168 0.4203125 0.20963855421686747 0.065625 0.12289156626506025
260 0.4921875 0.0963855421686747 0.075 0.0963855421686747
175 0.5015625 0.20481927710843373 0.0859375 0.1108433734939759
209 0.590625 0.13253012048192772 0.096875 0.16626506024096385
200 0.684375 0.13253012048192772 0.09375 0.1686746987951807
300 0.771875 0.09879518072289156 0.06875 0.0963855421686747
174 0.784375 0.21204819277108433 0.0703125 0.12048192771084337
337 0.8609375 0.09879518072289156 0.0765625 0.09397590361445783
171 0.86875 0.20722891566265061 0.0859375 0.10843373493975904
355 0.084375 0.619277108433735 0.0875 0.09879518072289156
188 0.096875 0.7253012048192771 0.084375 0.1108433734939759
374 0.1796875 0.619277108433735 0.075 0.0963855421686747
195 0.1875 0.727710843373494 0.084375 0.10602409638554217
412 0.26875 0.619277108433735 0.06875 0.0963855421686747
160 0.271875 0.727710843373494 0.084375 0.10602409638554217
415 0.3671875 0.6578313253012048 0.0984375 0.17349397590361446
416 0.48125 0.6578313253012048 0.1140625 0.1710843373493976
181 0.5875 0.653012048192771 0.1 0.16626506024096385
242 0.6796875 0.619277108433735 0.0734375 0.0963855421686747
175 0.6875 0.727710843373494 0.084375 0.10843373493975904
209 0.7765625 0.653012048192771 0.0984375 0.1686746987951807
200 0.86875 0.653012048192771 0.09375 0.16626506024096385