88 0.125 0.25757575757575757 0.1046875 0.1553030303030303
174 0.153125 0.4393939393939394 0.0703125 0.1893939393939394
224 0.2296875 0.25757575757575757 0.078125 0.15151515151515152
171 0.2390625 0.42803030303030304 0.0875 0.17424242424242425
410 0.3203125 0.25757575757575757 0.0703125 0.1553030303030303
188 0.325 0.42424242424242425 0.0859375 0.17424242424242425
392 0.40625 0.2537878787878788 0.0703125 0.1553030303030303
160 0.4109375 0.42803030303030304 0.0859375 0.17803030303030304
521 0.4921875 0.2689393939393939 0.0765625 0.18181818181818182
216 0.503125 0.38636363636363635 0.046875 0.09090909090909091
556 0.5796875 0.25757575757575757 0.071875 0.15151515151515152
220 0.59375 0.4356060606060606 0.071875 0.1856060606060606
484 0.6578125 0.25757575757575757 0.05625 0.15151515151515152
217 0.65625 0.4318181818181818 0.0859375 0.16666666666666666
182 0.7484375 0.32575757575757575 0.1015625 0.2916666666666667