181 0.0953125 0.15158924205378974 0.096875 0.17114914425427874
521 0.1859375 0.1271393643031785 0.075 0.11735941320293398
175 0.1921875 0.2273838630806846 0.0828125 0.1100244498777506
209 0.28125 0.15403422982885084 0.096875 0.1687041564792176
556 0.3703125 0.11735941320293398 0.071875 0.10024449877750612
174 0.3859375 0.23227383863080683 0.06875 0.1198044009779951
484 0.4484375 0.11735941320293398 0.053125 0.09535452322738386
171 0.4453125 0.2273838630806846 0.084375 0.1100244498777506
520 0.5296875 0.1198044009779951 0.0828125 0.10268948655256724
188 0.540625 0.2273838630806846 0.0859375 0.11491442542787286
574 0.628125 0.1198044009779951 0.0859375 0.097799511002445
195 0.6390625 0.2273838630806846 0.0859375 0.10757946210268948
466 0.7234375 0.11735941320293398 0.0734375 0.097799511002445
160 0.728125 0.2273838630806846 0.0859375 0.11246943765281174
318 0.8125 0.1198044009779951 0.0796875 0.10024449877750612
220 0.8296875 0.23227383863080683 0.071875 0.12224938875305623
502 0.903125 0.1198044009779951 0.075 0.10024449877750612
217 0.909375 0.2273838630806846 0.084375 0.11246943765281174
182 0.09375 0.6723716381418093 0.0984375 0.18581907090464547
183 0.2015625 0.6797066014669927 0.1109375 0.1980440097799511
185 0.3171875 0.6625916870415648 0.1203125 0.17114914425427874
261 0.4203125 0.6308068459657702 0.0734375 0.10024449877750612
166 0.4328125 0.7457212713936431 0.0734375 0.1271393643031785
260 0.5078125 0.6308068459657702 0.075 0.10024449877750612
167 0.5234375 0.7555012224938875 0.1015625 0.15158924205378974
300 0.603125 0.6308068459657702 0.0703125 0.10024449877750612
174 0.615625 0.7457212713936431 0.06875 0.12224938875305623
337 0.6921875 0.6308068459657702 0.0765625 0.097799511002445
171 0.6984375 0.7383863080684596 0.0859375 0.10757946210268948
355 0.7875 0.6308068459657702 0.0875 0.09535452322738386
188 0.8015625 0.7383863080684596 0.0875 0.11491442542787286
374 0.8828125 0.6308068459657702 0.0765625 0.10024449877750612
195 0.890625 0.7408312958435208 0.0859375 0.11246943765281174