412 0.0734375 0.0985576923076923 0.0703125 0.0985576923076923
160 0.078125 0.20432692307692307 0.0859375 0.11057692307692307
242 0.159375 0.0985576923076923 0.075 0.09615384615384616
220 0.1765625 0.21153846153846154 0.071875 0.1201923076923077
445 0.2640625 0.0985576923076923 0.1015625 0.0985576923076923
217 0.2828125 0.20673076923076922 0.0875 0.10817307692307693
182 0.375 0.14423076923076922 0.0984375 0.18509615384615385
183 0.4828125 0.1466346153846154 0.1140625 0.1971153846153846
185 0.5984375 0.13221153846153846 0.125 0.16826923076923078
224 0.703125 0.09615384615384616 0.078125 0.0985576923076923
166 0.71875 0.21153846153846154 0.0734375 0.12980769230769232
410 0.7921875 0.09615384615384616 0.071875 0.0985576923076923
167 0.8046875 0.22115384615384615 0.103125 0.1466346153846154
186 0.103125 0.6538461538461539 0.1375 0.17548076923076922
392 0.2078125 0.6153846153846154 0.06875 0.09615384615384616
176 0.21875 0.7331730769230769 0.0734375 0.12740384615384615
521 0.29375 0.625 0.075 0.11298076923076923
177 0.309375 0.7427884615384616 0.103125 0.14423076923076922
556 0.39375 0.6153846153846154 0.0703125 0.09375
171 0.3984375 0.7235576923076923 0.0859375 0.10817307692307693
484 0.46875 0.6177884615384616 0.0546875 0.09615384615384616
188 0.465625 0.7235576923076923 0.084375 0.11298076923076923
520 0.553125 0.6177884615384616 0.08125 0.0985576923076923
195 0.5640625 0.7235576923076923 0.0859375 0.11057692307692307
574 0.6515625 0.6177884615384616 0.0859375 0.10096153846153846
220 0.671875 0.7307692307692307 0.0734375 0.1201923076923077
466 0.7484375 0.6177884615384616 0.0734375 0.10096153846153846
217 0.753125 0.7259615384615384 0.0859375 0.10817307692307693
182 0.8453125 0.6610576923076923 0.1 0.18269230769230768