183 0.1203125 0.16585365853658537 0.1109375 0.1902439024390244
185 0.234375 0.14878048780487804 0.1171875 0.16341463414634147
318 0.3375 0.11707317073170732 0.078125 0.0951219512195122
166 0.3515625 0.22926829268292684 0.071875 0.12682926829268293
502 0.4234375 0.11707317073170732 0.071875 0.0951219512195122
167 0.4375 0.23658536585365852 0.0984375 0.14146341463414633
186 0.546875 0.15121951219512195 0.13125 0.16829268292682928
261 0.6515625 0.11707317073170732 0.0703125 0.0951219512195122
176 0.6625 0.22926829268292684 0.071875 0.11951219512195121
260 0.7375 0.11707317073170732 0.075 0.0951219512195122
177 0.7515625 0.24146341463414633 0.0984375 0.14146341463414633
210 0.8390625 0.15853658536585366 0.0921875 0.17804878048780487
211 0.11875 0.6731707317073171 0.1109375 0.1926829268292683
300 0.20625 0.624390243902439 0.06875 0.0951219512195122
220 0.21875 0.7341463414634146 0.0703125 0.11707317073170732
337 0.290625 0.624390243902439 0.0734375 0.0975609756097561
217 0.3015625 0.7268292682926829 0.08125 0.1048780487804878
182 0.3890625 0.6658536585365854 0.0953125 0.18048780487804877
183 0.4921875 0.6731707317073171 0.1125 0.1926829268292683
185 0.603125 0.6560975609756098 0.1203125 0.16829268292682928
355 0.7125 0.6219512195121951 0.084375 0.09268292682926829
166 0.73125 0.7365853658536585 0.0703125 0.12682926829268293
374 0.803125 0.624390243902439 0.0734375 0.0975609756097561
167 0.81875 0.7439024390243902 0.0984375 0.14146341463414633