186 0.128125 0.14004914004914004 0.1375 0.1769041769041769
412 0.2328125 0.10319410319410319 0.06875 0.09828009828009827
176 0.2421875 0.22113022113022113 0.0734375 0.12776412776412777
242 0.3171875 0.10565110565110565 0.0734375 0.09828009828009827
177 0.33125 0.2285012285012285 0.1015625 0.14742014742014742
210 0.421875 0.14742014742014742 0.0953125 0.18181818181818182
211 0.5234375 0.1547911547911548 0.1140625 0.19656019656019655
213 0.6359375 0.1375921375921376 0.115625 0.16953316953316952
214 0.7625 0.14004914004914004 0.1328125 0.17936117936117937
201 0.8703125 0.14742014742014742 0.0890625 0.18181818181818182
202 0.1109375 0.6756756756756757 0.1140625 0.1941031941031941
204 0.221875 0.6584766584766585 0.109375 0.16953316953316952
446 0.33125 0.6240786240786241 0.1 0.10073710073710074
172 0.35625 0.742014742014742 0.0734375 0.12776412776412777
186 0.4578125 0.6609336609336609 0.1359375 0.17444717444717445
224 0.5671875 0.6240786240786241 0.0765625 0.09582309582309582
176 0.5796875 0.7395577395577395 0.071875 0.12530712530712532
410 0.653125 0.6240786240786241 0.0703125 0.09828009828009827
177 0.665625 0.7493857493857494 0.1015625 0.14496314496314497
210 0.7546875 0.6683046683046683 0.09375 0.18181818181818182
211 0.8578125 0.6756756756756757 0.1109375 0.20147420147420148