214 0.1125 0.15529411764705883 0.1328125 0.16941176470588235
201 0.221875 0.1623529411764706 0.0828125 0.17647058823529413
202 0.315625 0.16941176470588235 0.109375 0.19058823529411764
204 0.425 0.15058823529411763 0.1109375 0.16470588235294117
392 0.5203125 0.1223529411764706 0.0671875 0.09411764705882353
172 0.53125 0.23529411764705882 0.0734375 0.12
521 0.6046875 0.12941176470588237 0.0734375 0.11058823529411765
173 0.61875 0.24235294117647058 0.1 0.13647058823529412
205 0.7265625 0.15529411764705883 0.125 0.16941176470588235
556 0.8265625 0.12 0.0703125 0.09176470588235294
189 0.8375 0.23058823529411765 0.071875 0.12
484 0.9015625 0.12 0.05625 0.09411764705882353
190 0.9046875 0.24 0.1 0.1388235294117647
210 0.0953125 0.6588235294117647 0.09375 0.17411764705882352
211 0.1953125 0.6658823529411765 0.1140625 0.18588235294117647
213 0.3078125 0.6494117647058824 0.1171875 0.1623529411764706
214 0.4328125 0.6541176470588236 0.13125 0.16705882352941176
201 0.5421875 0.6588235294117647 0.0859375 0.17647058823529413
202 0.6375 0.6658823529411765 0.1078125 0.18823529411764706
204 0.7453125 0.6494117647058824 0.109375 0.16470588235294117
520 0.846875 0.6188235294117647 0.0796875 0.09411764705882353
172 0.8640625 0.7294117647058823 0.0734375 0.12