574 0.0828125 0.07951807228915662 0.0828125 0.09397590361445783
173 0.1015625 0.2 0.1 0.13734939759036144
205 0.2078125 0.11325301204819277 0.1234375 0.1710843373493976
466 0.3078125 0.0819277108433735 0.06875 0.09156626506024096
189 0.3203125 0.19036144578313252 0.0703125 0.12530120481927712
318 0.3953125 0.0819277108433735 0.0765625 0.09397590361445783
190 0.4109375 0.2 0.1 0.14216867469879518
502 0.4921875 0.07951807228915662 0.06875 0.09397590361445783
196 0.5046875 0.1927710843373494 0.0703125 0.12048192771084337
261 0.578125 0.0819277108433735 0.0703125 0.09156626506024096
197 0.5921875 0.20240963855421687 0.1 0.13734939759036144
260 0.675 0.07951807228915662 0.0734375 0.0963855421686747
161 0.6890625 0.1927710843373494 0.071875 0.12289156626506025
214 0.7875 0.11325301204819277 0.1296875 0.1710843373493976
201 0.8953125 0.12289156626506025 0.0859375 0.1783132530120482
202 0.0859375 0.6289156626506024 0.1125 0.1927710843373494
204 0.1953125 0.6144578313253012 0.109375 0.16626506024096385
300 0.2875 0.5807228915662651 0.06875 0.09397590361445783
172 0.296875 0.691566265060241 0.0703125 0.12289156626506025
337 0.371875 0.5807228915662651 0.075 0.09397590361445783
173 0.3859375 0.7012048192771084 0.1 0.13734939759036144
205 0.4921875 0.6144578313253012 0.1234375 0.17349397590361446
355 0.5984375 0.5807228915662651 0.0859375 0.09397590361445783
189 0.6171875 0.691566265060241 0.0703125 0.12289156626506025
374 0.6890625 0.5807228915662651 0.0734375 0.09397590361445783
190 0.7046875 0.7012048192771084 0.0984375 0.13975903614457832
412 0.7859375 0.5807228915662651 0.0671875 0.0963855421686747
196 0.7953125 0.6939759036144578 0.0703125 0.12048192771084337
242 0.86875 0.5807228915662651 0.071875 0.09156626506024096
197 0.8828125 0.7036144578313253 0.0984375 0.13734939759036144