446 0.1046875 0.14878048780487804 0.096875 0.0975609756097561
161 0.128125 0.26097560975609757 0.0703125 0.12439024390243902
224 0.203125 0.14878048780487804 0.0765625 0.0975609756097561
162 0.21875 0.2707317073170732 0.1 0.14146341463414633
410 0.2984375 0.15121951219512195 0.0703125 0.0951219512195122
172 0.3078125 0.26097560975609757 0.0703125 0.12195121951219512
392 0.3796875 0.14878048780487804 0.0671875 0.1
173 0.390625 0.2707317073170732 0.0984375 0.14146341463414633
202 0.48125 0.1975609756097561 0.1109375 0.1951219512195122
204 0.5875 0.18292682926829268 0.109375 0.16829268292682928
521 0.6828125 0.15609756097560976 0.0734375 0.11463414634146342
172 0.696875 0.2634146341463415 0.071875 0.12195121951219512
556 0.76875 0.14634146341463414 0.0703125 0.1
173 0.7796875 0.2707317073170732 0.1 0.13902439024390245
205 0.884375 0.18292682926829268 0.1234375 0.17317073170731706
484 0.0796875 0.6439024390243903 0.05625 0.0951219512195122
189 0.084375 0.7536585365853659 0.0703125 0.12195121951219512
520 0.1609375 0.6439024390243903 0.08125 0.0975609756097561
190 0.178125 0.7634146341463415 0.1 0.14390243902439023
574 0.2625 0.6414634146341464 0.0828125 0.09268292682926829
196 0.2828125 0.7560975609756098 0.0703125 0.12195121951219512
466 0.3578125 0.6439024390243903 0.0703125 0.0975609756097561
197 0.3703125 0.7658536585365854 0.1 0.14146341463414633
318 0.453125 0.6439024390243903 0.0765625 0.0975609756097561
161 0.46875 0.7536585365853659 0.071875 0.12439024390243902
502 0.5390625 0.6439024390243903 0.075 0.1
162 0.553125 0.7634146341463415 0.096875 0.13902439024390245
261 0.6359375 0.6439024390243903 0.071875 0.0951219512195122
218 0.6484375 0.7560975609756098 0.0703125 0.12195121951219512
260 0.721875 0.6414634146341464 0.075 0.0975609756097561
219 0.7359375 0.7634146341463415 0.1 0.14390243902439023