300 0.134375 0.12259615384615384 0.06875 0.09134615384615384
173 0.14375 0.24278846153846154 0.1 0.13942307692307693
205 0.25 0.15625 0.1234375 0.16826923076923078
337 0.3484375 0.12259615384615384 0.0734375 0.09375
189 0.3625 0.23076923076923078 0.0703125 0.12259615384615384
355 0.4421875 0.12259615384615384 0.084375 0.09375
190 0.4625 0.2403846153846154 0.1 0.13942307692307693
374 0.54375 0.12259615384615384 0.075 0.09134615384615384
196 0.5578125 0.23317307692307693 0.0703125 0.1201923076923077
412 0.628125 0.12259615384615384 0.0671875 0.09134615384615384
197 0.640625 0.24278846153846154 0.0984375 0.13701923076923078
242 0.7203125 0.12259615384615384 0.071875 0.09615384615384616
161 0.734375 0.23076923076923078 0.071875 0.1201923076923077
446 0.81875 0.12259615384615384 0.096875 0.09134615384615384
162 0.84375 0.2403846153846154 0.0984375 0.1346153846153846
224 0.140625 0.6105769230769231 0.0765625 0.09375
218 0.153125 0.7211538461538461 0.0703125 0.11778846153846154
410 0.225 0.6105769230769231 0.06875 0.09375
219 0.2359375 0.7307692307692307 0.0984375 0.13701923076923078
392 0.315625 0.6105769230769231 0.0671875 0.09375
196 0.3265625 0.7211538461538461 0.0703125 0.11778846153846154