392 0.125 0.13559322033898305 0.0859375 0.09416195856873823
197 0.1390625 0.256120527306968 0.1265625 0.1374764595103578
224 0.2453125 0.13559322033898305 0.0953125 0.09416195856873823
161 0.2640625 0.24670433145009416 0.090625 0.11864406779661017
224 0.359375 0.13559322033898305 0.09375 0.096045197740113
162 0.3765625 0.2542372881355932 0.1265625 0.1374764595103578
521 0.4796875 0.1431261770244821 0.09375 0.11299435028248588
218 0.4984375 0.24670433145009416 0.090625 0.12052730696798493
521 0.590625 0.14500941619585686 0.0921875 0.1111111111111111
219 0.6078125 0.256120527306968 0.1265625 0.1374764595103578
224 0.1296875 0.623352165725047 0.0953125 0.09416195856873823
162 0.1484375 0.7419962335216572 0.1265625 0.1393596986817326
521 0.2515625 0.632768361581921 0.0921875 0.11299435028248588
218 0.26875 0.7344632768361582 0.0890625 0.11864406779661017
521 0.3625 0.632768361581921 0.0921875 0.10922787193973635
219 0.3796875 0.743879472693032 0.1265625 0.13559322033898305