81 0.115625 0.15730337078651685 0.084375 0.15280898876404495
67 0.203125 0.15730337078651685 0.084375 0.1550561797752809
138 0.290625 0.15730337078651685 0.090625 0.15730337078651685
3 0.390625 0.15056179775280898 0.1078125 0.15730337078651685
2 0.5 0.15280898876404495 0.1078125 0.15730337078651685
7 0.6140625 0.15280898876404495 0.1109375 0.15730337078651685
87 0.728125 0.1550561797752809 0.1109375 0.15280898876404495
73 0.8390625 0.15280898876404495 0.1109375 0.15056179775280898
144 0.1296875 0.6202247191011236 0.1109375 0.1550561797752809
94 0.253125 0.6224719101123596 0.121875 0.15955056179775282
74 0.3734375 0.6224719101123596 0.1234375 0.15730337078651685
145 0.4984375 0.6224719101123596 0.1265625 0.15730337078651685
78 0.603125 0.6224719101123596 0.0921875 0.15056179775280898
64 0.6921875 0.6224719101123596 0.09375 0.15056179775280898
135 0.7875 0.6224719101123596 0.0921875 0.15280898876404495
79 0.88125 0.6314606741573033 0.0890625 0.16404494382022472