360 0.10625 0.12694300518134716 0.0234375 0.07512953367875648
297 0.1484375 0.15803108808290156 0.0375 0.16580310880829016
574 0.2109375 0.12176165803108809 0.075 0.09067357512953368
297 0.275 0.15803108808290156 0.0390625 0.16580310880829016
410 0.33125 0.12176165803108809 0.0625 0.09326424870466321
192 0.3359375 0.20207253886010362 0.0609375 0.05958549222797927
465 0.3890625 0.12176165803108809 0.0375 0.09067357512953368
297 0.4359375 0.16062176165803108 0.0375 0.16580310880829016
556 0.49375 0.12176165803108809 0.0640625 0.09067357512953368
297 0.5515625 0.16062176165803108 0.0375 0.16580310880829016
466 0.6109375 0.11917098445595854 0.0640625 0.09326424870466321
412 0.6796875 0.12176165803108809 0.0625 0.09067357512953368
336 0.6921875 0.04404145077720207 0.0203125 0.03367875647668394
17 0.76875 0.15284974093264247 0.1 0.16580310880829016
543 0.1390625 0.6528497409326425 0.0875 0.15803108808290156
392 0.2203125 0.6191709844559585 0.0625 0.09067357512953368
199 0.2890625 0.6191709844559585 0.0640625 0.09067357512953368
336 0.303125 0.5414507772020726 0.0203125 0.031088082901554404
15 0.3828125 0.6476683937823834 0.1015625 0.16580310880829016
360 0.45 0.6269430051813472 0.0234375 0.07253886010362694
364 0.51875 0.655440414507772 0.0921875 0.16321243523316062
286 0.609375 0.655440414507772 0.0796875 0.16321243523316062
336 0.6984375 0.5414507772020726 0.0203125 0.031088082901554404
410 0.759375 0.6191709844559585 0.0625 0.09326424870466321
326 0.840625 0.655440414507772 0.0828125 0.16321243523316062
502 0.684375 0.6217616580310881 0.0640625 0.09067357512953368