65 0.1265625 0.18536585365853658 0.084375 0.17560975609756097
136 0.2140625 0.18292682926829268 0.084375 0.17317073170731706
80 0.30625 0.1902439024390244 0.1046875 0.18292682926829268
66 0.4015625 0.1878048780487805 0.10625 0.18536585365853658
81 0.4984375 0.18048780487804877 0.08125 0.16341463414634147
67 0.578125 0.17804878048780487 0.0796875 0.16097560975609757
138 0.6640625 0.17804878048780487 0.0859375 0.16341463414634147
3 0.759375 0.17317073170731706 0.103125 0.16097560975609757
2 0.865625 0.17317073170731706 0.103125 0.16585365853658537
7 0.14375 0.6609756097560976 0.1078125 0.16341463414634147
87 0.253125 0.6634146341463415 0.1046875 0.16097560975609757
73 0.359375 0.6609756097560976 0.1046875 0.16097560975609757
144 0.471875 0.6609756097560976 0.109375 0.16097560975609757
94 0.5890625 0.6634146341463415 0.11875 0.16829268292682928
74 0.7046875 0.6634146341463415 0.1203125 0.16585365853658537
145 0.8265625 0.6634146341463415 0.1234375 0.16585365853658537