78 0.06875 0.14414414414414414 0.096875 0.1554054054054054
64 0.159375 0.14414414414414414 0.096875 0.15765765765765766
135 0.259375 0.14414414414414414 0.096875 0.1554054054054054
79 0.3578125 0.15315315315315314 0.0890625 0.17117117117117117
65 0.4453125 0.15315315315315314 0.0890625 0.17117117117117117
136 0.540625 0.15090090090090091 0.090625 0.17342342342342343
80 0.6390625 0.15990990990990991 0.1140625 0.18468468468468469
66 0.740625 0.15990990990990991 0.115625 0.18693693693693694
67 0.8421875 0.1463963963963964 0.0875 0.16216216216216217
138 0.0765625 0.6306306306306306 0.0921875 0.16441441441441443
3 0.178125 0.6261261261261262 0.1109375 0.16441441441441443
2 0.2921875 0.6238738738738738 0.109375 0.16441441441441443
7 0.4109375 0.6261261261261262 0.115625 0.16441441441441443
87 0.5296875 0.6261261261261262 0.1140625 0.15990990990990991
73 0.64375 0.6261261261261262 0.1125 0.15990990990990991
144 0.7640625 0.6283783783783784 0.1171875 0.15990990990990991
94 0.890625 0.6306306306306306 0.128125 0.16666666666666666