74 0.10625 0.167816091954023 0.1234375 0.1632183908045977
145 0.2328125 0.167816091954023 0.125 0.1632183908045977
78 0.3390625 0.16551724137931034 0.0890625 0.15402298850574714
64 0.425 0.167816091954023 0.0921875 0.15402298850574714
135 0.5234375 0.167816091954023 0.0953125 0.15632183908045977
79 0.6171875 0.17471264367816092 0.0859375 0.17011494252873563
65 0.703125 0.1724137931034483 0.0859375 0.1724137931034483
136 0.79375 0.17471264367816092 0.0890625 0.1724137931034483
80 0.890625 0.18160919540229886 0.1109375 0.18160919540229886
66 0.090625 0.6597701149425287 0.1109375 0.18160919540229886
137 0.2 0.6597701149425287 0.109375 0.18160919540229886
67 0.296875 0.6482758620689655 0.0828125 0.16091954022988506
138 0.3859375 0.6459770114942529 0.090625 0.15862068965517243
3 0.4859375 0.6413793103448275 0.109375 0.16091954022988506
2 0.596875 0.6413793103448275 0.1078125 0.16091954022988506
7 0.7109375 0.6436781609195402 0.1125 0.1632183908045977
87 0.828125 0.6436781609195402 0.109375 0.16091954022988506