73 0.10625 0.14153132250580047 0.109375 0.16009280742459397
144 0.221875 0.13921113689095127 0.1140625 0.16009280742459397
87 0.3453125 0.14385150812064965 0.1234375 0.16473317865429235
74 0.465625 0.14385150812064965 0.1234375 0.16241299303944315
145 0.5921875 0.14385150812064965 0.1265625 0.16241299303944315
78 0.696875 0.14153132250580047 0.09375 0.15777262180974477
64 0.784375 0.14153132250580047 0.09375 0.1554524361948956
135 0.88125 0.14153132250580047 0.0921875 0.1554524361948956
79 0.0984375 0.6334106728538283 0.0875 0.1716937354988399
65 0.18125 0.6334106728538283 0.0875 0.1716937354988399
136 0.275 0.6334106728538283 0.0875 0.1740139211136891
80 0.36875 0.6403712296983759 0.1109375 0.18561484918793503
66 0.4703125 0.6403712296983759 0.1109375 0.18561484918793503
137 0.578125 0.6380510440835266 0.1109375 0.18561484918793503
67 0.675 0.6264501160092807 0.0828125 0.15777262180974477
3 0.771875 0.6218097447795824 0.1078125 0.16241299303944315
2 0.88125 0.6218097447795824 0.1078125 0.16241299303944315