154 0.1 0.14027149321266968 0.1171875 0.16515837104072398
87 0.2234375 0.13574660633484162 0.1140625 0.16063348416289594
73 0.3359375 0.1425339366515837 0.1140625 0.16289592760180996
144 0.4578125 0.1425339366515837 0.11875 0.16289592760180996
94 0.5859375 0.14479638009049775 0.128125 0.16515837104072398
74 0.7109375 0.14479638009049775 0.1296875 0.167420814479638
145 0.8453125 0.14479638009049775 0.13125 0.16515837104072398
78 0.08125 0.6357466063348416 0.0953125 0.15610859728506787
64 0.175 0.6334841628959276 0.096875 0.1583710407239819
135 0.275 0.6357466063348416 0.0984375 0.1583710407239819
79 0.3734375 0.6425339366515838 0.090625 0.17420814479638008
65 0.4640625 0.6425339366515838 0.090625 0.17420814479638008
136 0.559375 0.6425339366515838 0.09375 0.17420814479638008
80 0.659375 0.6493212669683258 0.1140625 0.18778280542986425
66 0.7625 0.6493212669683258 0.1140625 0.18778280542986425
137 0.8765625 0.6493212669683258 0.1171875 0.18778280542986425