137 0.090625 0.15121951219512195 0.1140625 0.2
76 0.190625 0.14146341463414633 0.0796875 0.16829268292682928
62 0.26875 0.13902439024390245 0.0796875 0.17073170731707318
133 0.353125 0.13902439024390245 0.0859375 0.17317073170731706
77 0.4484375 0.14634146341463414 0.096875 0.18292682926829268
63 0.540625 0.14634146341463414 0.0953125 0.18536585365853658
134 0.6359375 0.14634146341463414 0.1015625 0.1902439024390244
82 0.7203125 0.14878048780487804 0.071875 0.1878048780487805
68 0.8046875 0.14878048780487804 0.078125 0.1902439024390244
139 0.8859375 0.14878048780487804 0.0765625 0.1926829268292683
86 0.0828125 0.675609756097561 0.0859375 0.21951219512195122
72 0.1671875 0.675609756097561 0.0859375 0.22195121951219512
143 0.2578125 0.675609756097561 0.090625 0.22195121951219512
83 0.3453125 0.6707317073170732 0.084375 0.2073170731707317
69 0.428125 0.6682926829268293 0.084375 0.2121951219512195
140 0.51875 0.6682926829268293 0.0875 0.2121951219512195
84 0.6078125 0.6780487804878049 0.084375 0.22439024390243903
70 0.690625 0.6780487804878049 0.0828125 0.22682926829268293
137 0.7859375 0.6609756097560976 0.1140625 0.1951219512195122
76 0.8828125 0.6487804878048781 0.0828125 0.17073170731707318