62 0.0953125 0.1485148514851485 0.0734375 0.16584158415841585
133 0.175 0.1485148514851485 0.0796875 0.16831683168316833
77 0.2640625 0.15594059405940594 0.09375 0.1782178217821782
63 0.3515625 0.15594059405940594 0.090625 0.1806930693069307
134 0.4453125 0.15594059405940594 0.096875 0.1806930693069307
82 0.525 0.15841584158415842 0.0703125 0.18316831683168316
68 0.6046875 0.15594059405940594 0.0734375 0.18316831683168316
139 0.68125 0.15594059405940594 0.0734375 0.18564356435643564
86 0.76875 0.17326732673267325 0.08125 0.21534653465346534
72 0.85 0.17326732673267325 0.0796875 0.21782178217821782
143 0.1015625 0.6658415841584159 0.0859375 0.21782178217821782
83 0.1859375 0.6633663366336634 0.0828125 0.20297029702970298
69 0.265625 0.6608910891089109 0.08125 0.20544554455445543
140 0.3515625 0.6608910891089109 0.084375 0.20544554455445543
84 0.4359375 0.6683168316831684 0.08125 0.2202970297029703
70 0.5171875 0.6707920792079208 0.078125 0.21782178217821782
76 0.5953125 0.6435643564356436 0.0765625 0.16584158415841585
62 0.6734375 0.6410891089108911 0.0734375 0.16831683168316833
133 0.753125 0.6410891089108911 0.08125 0.16584158415841585
77 0.8421875 0.6485148514851485 0.09375 0.1782178217821782