82 0.0640625 0.15609756097560976 0.071875 0.1926829268292683
68 0.15 0.15609756097560976 0.0796875 0.1951219512195122
139 0.23125 0.15609756097560976 0.078125 0.1951219512195122
86 0.325 0.17560975609756097 0.0859375 0.22682926829268293
72 0.4109375 0.17317073170731706 0.0859375 0.22682926829268293
143 0.5015625 0.17317073170731706 0.0921875 0.22926829268292684
83 0.590625 0.16829268292682928 0.0859375 0.2146341463414634
69 0.6765625 0.16585365853658537 0.0859375 0.2146341463414634
140 0.7671875 0.16585365853658537 0.0890625 0.21951219512195122
84 0.8578125 0.17804878048780487 0.0859375 0.23414634146341465
70 0.0671875 0.6804878048780488 0.084375 0.23414634146341465
76 0.1515625 0.6560975609756098 0.0828125 0.17560975609756097
62 0.234375 0.6560975609756098 0.078125 0.17560975609756097
133 0.31875 0.6536585365853659 0.0875 0.17317073170731706
77 0.4140625 0.6634146341463415 0.1 0.1926829268292683
63 0.5078125 0.6609756097560976 0.1 0.1878048780487805
134 0.6046875 0.6609756097560976 0.1046875 0.1926829268292683
82 0.690625 0.6658536585365854 0.0765625 0.1926829268292683
68 0.775 0.6634146341463415 0.078125 0.1951219512195122
139 0.8578125 0.6634146341463415 0.0765625 0.1926829268292683