86 0.125 0.1909307875894988 0.084375 0.21241050119331742
72 0.209375 0.1909307875894988 0.0828125 0.21479713603818615
143 0.2984375 0.1909307875894988 0.0875 0.21479713603818615
83 0.3859375 0.18615751789976134 0.0828125 0.20286396181384247
69 0.4671875 0.18615751789976134 0.0828125 0.20286396181384247
140 0.55625 0.18615751789976134 0.0875 0.2052505966587112
84 0.64375 0.1957040572792363 0.08125 0.21957040572792363
70 0.7265625 0.19331742243436753 0.08125 0.21957040572792363
76 0.809375 0.16706443914081145 0.0796875 0.16467780429594273
62 0.8875 0.16706443914081145 0.0765625 0.16467780429594273
133 0.125 0.6515513126491647 0.084375 0.16706443914081145
77 0.2171875 0.6587112171837709 0.096875 0.17899761336515513
63 0.309375 0.6587112171837709 0.09375 0.17899761336515513
134 0.4046875 0.6587112171837709 0.1015625 0.18138424821002386
82 0.4875 0.6610978520286396 0.071875 0.18138424821002386
68 0.5703125 0.6610978520286396 0.078125 0.18377088305489261
139 0.65 0.6610978520286396 0.0765625 0.18615751789976134
86 0.7390625 0.6754176610978521 0.084375 0.21241050119331742
72 0.8234375 0.6754176610978521 0.08125 0.2171837708830549
143 0.9125 0.6778042959427207 0.0890625 0.2171837708830549