83 0.0859375 0.17557251908396945 0.0796875 0.20865139949109415
69 0.165625 0.17302798982188294 0.08125 0.20865139949109415
140 0.2515625 0.17557251908396945 0.084375 0.21119592875318066
84 0.3359375 0.18575063613231552 0.0796875 0.22646310432569974
70 0.4171875 0.18575063613231552 0.078125 0.22646310432569974
141 0.5 0.183206106870229 0.084375 0.22900763358778625
85 0.5921875 0.19338422391857507 0.096875 0.24427480916030533
71 0.6796875 0.19338422391857507 0.0953125 0.24681933842239187
142 0.7765625 0.19338422391857507 0.1 0.24427480916030533
141 0.865625 0.183206106870229 0.084375 0.23155216284987276
85 0.09375 0.6615776081424937 0.096875 0.24427480916030533
71 0.1828125 0.6590330788804071 0.0953125 0.24427480916030533
141 0.2703125 0.648854961832061 0.084375 0.22900763358778625
71 0.3578125 0.6590330788804071 0.0953125 0.24427480916030533
71 0.4484375 0.6590330788804071 0.0953125 0.24427480916030533
88 0.53125 0.5903307888040712 0.0734375 0.10687022900763359
110 0.615625 0.6183206106870229 0.0796875 0.178117048346056
95 0.7015625 0.6234096692111959 0.0875 0.17302798982188294
5 0.7984375 0.6157760814249363 0.103125 0.17302798982188294