374 0.1203125 0.15904139433551198 0.0765625 0.08714596949891068
297 0.1875 0.19389978213507625 0.04375 0.15904139433551198
410 0.253125 0.15904139433551198 0.071875 0.0915032679738562
215 0.25625 0.2374727668845316 0.0640625 0.058823529411764705
465 0.31875 0.15904139433551198 0.040625 0.08714596949891068
466 0.3890625 0.16122004357298475 0.0734375 0.08932461873638345
336 0.4046875 0.08278867102396514 0.0234375 0.02832244008714597
300 0.471875 0.15904139433551198 0.06875 0.08714596949891068
296 0.4734375 0.0784313725490196 0.059375 0.06100217864923747
297 0.5421875 0.19389978213507625 0.0453125 0.15904139433551198
261 0.609375 0.15904139433551198 0.075 0.08496732026143791
392 0.6875 0.15904139433551198 0.0703125 0.08932461873638345
296 0.690625 0.08061002178649238 0.059375 0.06318082788671024
411 0.8421875 0.08496732026143791 0.028125 0.023965141612200435
502 0.1171875 0.6383442265795207 0.075 0.08714596949891068
556 0.2 0.6383442265795207 0.071875 0.08714596949891068
180 0.259375 0.6775599128540305 0.040625 0.16775599128540306
446 0.7875 0.15904139433551198 0.103125 0.08932461873638345