4 0.1046875 0.17824074074074073 0.115625 0.16203703703703703
130 0.2140625 0.18055555555555555 0.109375 0.1574074074074074
116 0.328125 0.18055555555555555 0.1109375 0.16435185185185186
101 0.4484375 0.18055555555555555 0.1171875 0.1597222222222222
131 0.565625 0.18518518518518517 0.1234375 0.16435185185185186
117 0.6890625 0.18287037037037038 0.125 0.16898148148148148
102 0.81875 0.18287037037037038 0.1296875 0.16435185185185186
121 0.91875 0.18287037037037038 0.0953125 0.1574074074074074
91 0.09375 0.6712962962962963 0.0953125 0.1597222222222222
122 0.184375 0.6805555555555556 0.0859375 0.1736111111111111
108 0.2703125 0.6759259259259259 0.0859375 0.18287037037037038
92 0.3640625 0.6782407407407407 0.0921875 0.1736111111111111
123 0.4546875 0.6875 0.1125 0.1875
88 0.55 0.6435185185185185 0.0765625 0.10185185185185185
110 0.6390625 0.6712962962962963 0.0828125 0.16898148148148148
95 0.7296875 0.6736111111111112 0.09375 0.16435185185185186
4 0.8375 0.6689814814814815 0.115625 0.16203703703703703