130 0.096875 0.14786967418546365 0.1078125 0.16791979949874686
116 0.2046875 0.14536340852130325 0.10625 0.17042606516290726
101 0.3203125 0.14786967418546365 0.1109375 0.16791979949874686
131 0.434375 0.15037593984962405 0.11875 0.17042606516290726
117 0.553125 0.14786967418546365 0.11875 0.17543859649122806
102 0.678125 0.15037593984962405 0.1234375 0.17293233082706766
121 0.7734375 0.14786967418546365 0.090625 0.16541353383458646
91 0.8703125 0.14786967418546365 0.090625 0.16290726817042606
122 0.0859375 0.6666666666666666 0.0859375 0.18045112781954886
108 0.1703125 0.6641604010025063 0.0828125 0.19047619047619047
92 0.259375 0.6666666666666666 0.0890625 0.18045112781954886
123 0.346875 0.6741854636591479 0.10625 0.19047619047619047
109 0.4453125 0.6691729323308271 0.109375 0.20050125313283207
88 0.5375 0.631578947368421 0.0734375 0.10526315789473684
110 0.6234375 0.6591478696741855 0.08125 0.17543859649122806
95 0.7109375 0.6616541353383458 0.0890625 0.17042606516290726
4 0.8140625 0.6541353383458647 0.1125 0.17293233082706766