130 0.1375 0.15980629539951574 0.1046875 0.15980629539951574
116 0.24375 0.15980629539951574 0.1046875 0.162227602905569
101 0.3578125 0.15980629539951574 0.1125 0.162227602905569
131 0.4703125 0.162227602905569 0.121875 0.1694915254237288
153 0.5859375 0.162227602905569 0.1203125 0.1694915254237288
102 0.7109375 0.16464891041162227 0.125 0.16707021791767554
121 0.8046875 0.162227602905569 0.090625 0.15738498789346247
91 0.9015625 0.162227602905569 0.0921875 0.15738498789346247
122 0.125 0.6561743341404358 0.0859375 0.17191283292978207
108 0.2078125 0.6537530266343826 0.0859375 0.1791767554479419
92 0.2984375 0.6561743341404358 0.0890625 0.17433414043583534
123 0.384375 0.6610169491525424 0.10625 0.1864406779661017
109 0.48125 0.6585956416464891 0.10625 0.1937046004842615
88 0.571875 0.6198547215496368 0.0734375 0.09927360774818401
110 0.65625 0.6464891041162227 0.0796875 0.1694915254237288
95 0.7421875 0.6513317191283293 0.090625 0.16464891041162227
4 0.84375 0.6464891041162227 0.1125 0.16464891041162227