116 0.1140625 0.16507177033492823 0.109375 0.16985645933014354
101 0.2328125 0.1674641148325359 0.115625 0.16507177033492823
131 0.35 0.16985645933014354 0.121875 0.16985645933014354
117 0.4734375 0.1674641148325359 0.1234375 0.17464114832535885
102 0.6015625 0.16985645933014354 0.128125 0.1722488038277512
121 0.7015625 0.1674641148325359 0.09375 0.16267942583732056
91 0.8 0.1674641148325359 0.0953125 0.16028708133971292
122 0.8890625 0.17703349282296652 0.0859375 0.17942583732057416
108 0.1015625 0.6746411483253588 0.0875 0.18421052631578946
92 0.1953125 0.6794258373205742 0.090625 0.17942583732057416
123 0.2859375 0.6842105263157895 0.1109375 0.18899521531100477
109 0.3875 0.6818181818181818 0.109375 0.19856459330143542
93 0.496875 0.6818181818181818 0.1109375 0.19138755980861244