88 0.1265625 0.14146341463414633 0.0734375 0.1048780487804878
110 0.2109375 0.16829268292682928 0.0796875 0.17317073170731706
95 0.3 0.17073170731707318 0.0890625 0.16585365853658537
4 0.4015625 0.16341463414634147 0.1109375 0.16829268292682928
116 0.5125 0.16585365853658537 0.10625 0.16829268292682928
101 0.628125 0.16585365853658537 0.1140625 0.16341463414634147
131 0.7421875 0.16829268292682928 0.11875 0.16829268292682928
117 0.8625 0.16829268292682928 0.1203125 0.17317073170731706
102 0.1515625 0.6682926829268293 0.125 0.16829268292682928
91 0.2609375 0.6658536585365854 0.090625 0.16097560975609757
122 0.346875 0.6731707317073171 0.084375 0.17560975609756097
108 0.4328125 0.6707317073170732 0.0828125 0.18292682926829268
92 0.521875 0.6731707317073171 0.090625 0.17560975609756097
123 0.6109375 0.6780487804878049 0.1078125 0.1878048780487805
109 0.7078125 0.6780487804878049 0.1078125 0.1926829268292683
93 0.815625 0.6804878048780488 0.1078125 0.1902439024390244
119 0.90625 0.6682926829268293 0.0703125 0.16585365853658537