109 0.0921875 0.16820276497695852 0.1109375 0.1912442396313364
93 0.203125 0.17050691244239632 0.1109375 0.18433179723502305
119 0.2953125 0.15898617511520738 0.0734375 0.15898617511520738
105 0.371875 0.1543778801843318 0.075 0.16589861751152074
89 0.45625 0.15898617511520738 0.084375 0.15898617511520738
120 0.5453125 0.16589861751152074 0.0890625 0.1728110599078341
106 0.634375 0.16129032258064516 0.0921875 0.17972350230414746
90 0.728125 0.16589861751152074 0.1046875 0.1728110599078341
125 0.8125 0.16589861751152074 0.0734375 0.17511520737327188
111 0.8875 0.16359447004608296 0.0671875 0.18433179723502305
96 0.0875 0.6405529953917051 0.0765625 0.1774193548387097
129 0.175 0.6543778801843319 0.078125 0.20506912442396313
115 0.25625 0.6543778801843319 0.0796875 0.21658986175115208
100 0.3453125 0.6566820276497696 0.0890625 0.2073732718894009
93 0.446875 0.6474654377880185 0.1109375 0.18433179723502305
119 0.5390625 0.6336405529953917 0.075 0.15898617511520738
105 0.6171875 0.6290322580645161 0.0734375 0.16820276497695852
89 0.7015625 0.6336405529953917 0.0859375 0.16129032258064516
120 0.7890625 0.6382488479262672 0.0890625 0.1728110599078341
106 0.8796875 0.6359447004608295 0.090625 0.18202764976958524