90 0.1296875 0.18205128205128204 0.096875 0.18461538461538463
125 0.2109375 0.18205128205128204 0.06875 0.18717948717948718
111 0.28125 0.1794871794871795 0.0640625 0.19487179487179487
96 0.3609375 0.18205128205128204 0.0734375 0.18717948717948718
129 0.4453125 0.2 0.0734375 0.2205128205128205
115 0.5234375 0.19487179487179487 0.078125 0.23076923076923078
100 0.6078125 0.19743589743589743 0.0859375 0.21794871794871795
126 0.6875 0.19230769230769232 0.0796875 0.21025641025641026
93 0.7796875 0.18461538461538463 0.1046875 0.19743589743589743
119 0.86875 0.17435897435897435 0.0703125 0.16923076923076924
105 0.1171875 0.6692307692307692 0.071875 0.17692307692307693
89 0.196875 0.6692307692307692 0.0828125 0.1717948717948718
120 0.2828125 0.676923076923077 0.0890625 0.18461538461538463
106 0.36875 0.6743589743589744 0.0875 0.18974358974358974
90 0.459375 0.6794871794871795 0.0984375 0.18205128205128204
111 0.5390625 0.676923076923077 0.065625 0.19487179487179487
96 0.6171875 0.6794871794871795 0.071875 0.18461538461538463
129 0.7015625 0.6948717948717948 0.0765625 0.2205128205128205
115 0.78125 0.6923076923076923 0.078125 0.23076923076923078
100 0.865625 0.6974358974358974 0.0859375 0.2205128205128205