126 0.0984375 0.1748768472906404 0.0765625 0.19458128078817735
112 0.175 0.1724137931034483 0.0765625 0.19950738916256158
119 0.2484375 0.15517241379310345 0.0703125 0.16009852216748768
105 0.321875 0.15270935960591134 0.0703125 0.16502463054187191
89 0.4 0.15517241379310345 0.0796875 0.15763546798029557
120 0.4828125 0.1625615763546798 0.084375 0.1724137931034483
106 0.565625 0.16009852216748768 0.084375 0.17733990147783252
90 0.6546875 0.1625615763546798 0.0953125 0.1724137931034483
111 0.73125 0.1625615763546798 0.0625 0.17980295566502463
96 0.8078125 0.16502463054187191 0.0703125 0.1748768472906404
129 0.1015625 0.645320197044335 0.0765625 0.20689655172413793
115 0.1796875 0.6428571428571429 0.078125 0.21428571428571427
100 0.2625 0.645320197044335 0.0828125 0.2044334975369458
126 0.3375 0.6403940886699507 0.0765625 0.19458128078817735
112 0.4140625 0.6354679802955665 0.075 0.2019704433497537
97 0.496875 0.6379310344827587 0.08125 0.19458128078817735
119 0.5734375 0.6206896551724138 0.0703125 0.15763546798029557
105 0.6484375 0.6182266009852216 0.06875 0.16502463054187191
89 0.7234375 0.6206896551724138 0.078125 0.16009852216748768
126 0.7984375 0.6403940886699507 0.0765625 0.19704433497536947
112 0.875 0.6354679802955665 0.078125 0.2019704433497537