97 0.121875 0.21534653465346534 0.08125 0.1905940594059406
127 0.1984375 0.22277227722772278 0.0703125 0.20297029702970298
113 0.271875 0.2202970297029703 0.071875 0.2103960396039604
98 0.3484375 0.22277227722772278 0.0796875 0.20297029702970298
128 0.4296875 0.23267326732673269 0.0890625 0.2202970297029703
114 0.5140625 0.22772277227722773 0.0890625 0.22772277227722773
99 0.603125 0.2301980198019802 0.0953125 0.21782178217821782
52 0.690625 0.19801980198019803 0.0875 0.15346534653465346
1 0.7875 0.19306930693069307 0.1078125 0.15594059405940594
126 0.1125 0.6831683168316832 0.075 0.18811881188118812
112 0.1859375 0.6806930693069307 0.075 0.19554455445544555
97 0.2671875 0.6831683168316832 0.0796875 0.1905940594059406
127 0.3421875 0.6905940594059405 0.071875 0.20544554455445543
113 0.4171875 0.6856435643564357 0.071875 0.2103960396039604
98 0.49375 0.6905940594059405 0.0796875 0.20544554455445543
128 0.575 0.698019801980198 0.0890625 0.2202970297029703
114 0.6578125 0.6955445544554455 0.0890625 0.22772277227722773
99 0.7484375 0.698019801980198 0.0953125 0.2202970297029703
52 0.834375 0.6658415841584159 0.0875 0.15594059405940594