1 0.1078125 0.1295843520782396 0.1140625 0.16381418092909536
0 0.21875 0.1271393643031785 0.1015625 0.16136919315403422
58 0.3296875 0.13202933985330073 0.1125 0.15892420537897312
43 0.4421875 0.1295843520782396 0.103125 0.15647921760391198
112 0.534375 0.1491442542787286 0.078125 0.20537897310513448
97 0.61875 0.15158924205378974 0.084375 0.1980440097799511
127 0.6984375 0.15892420537897312 0.075 0.21026894865525672
113 0.775 0.15647921760391198 0.0765625 0.2176039119804401
98 0.8578125 0.15892420537897312 0.084375 0.21271393643031786
128 0.0921875 0.6503667481662592 0.0921875 0.2273838630806846
114 0.18125 0.6479217603911981 0.09375 0.23471882640586797
99 0.2734375 0.6528117359413202 0.0984375 0.22982885085574573
1 0.375 0.6112469437652812 0.1109375 0.16136919315403422
0 0.4859375 0.6112469437652812 0.1 0.15892420537897312
58 0.596875 0.6136919315403423 0.1140625 0.15892420537897312
43 0.7078125 0.6136919315403423 0.103125 0.15892420537897312
59 0.828125 0.6161369193154034 0.125 0.16136919315403422