44 0.1265625 0.1859903381642512 0.1203125 0.16908212560386474
97 0.2328125 0.20772946859903382 0.0890625 0.2028985507246377
127 0.3171875 0.21739130434782608 0.0765625 0.21497584541062803
113 0.3953125 0.21256038647342995 0.078125 0.21980676328502416
98 0.4796875 0.21497584541062803 0.0859375 0.21739130434782608
128 0.5640625 0.2246376811594203 0.0953125 0.23429951690821257
114 0.65625 0.2222222222222222 0.096875 0.24154589371980675
99 0.7515625 0.2246376811594203 0.1015625 0.23429951690821257
1 0.85625 0.18357487922705315 0.1140625 0.16183574879227053
0 0.1203125 0.6690821256038647 0.10625 0.16666666666666666
58 0.2359375 0.6690821256038647 0.1171875 0.1642512077294686
43 0.3515625 0.6690821256038647 0.1078125 0.16183574879227053
59 0.475 0.6714975845410628 0.1296875 0.16666666666666666
44 0.6 0.6739130434782609 0.11875 0.16666666666666666
49 0.7078125 0.6714975845410628 0.0921875 0.1570048309178744
127 0.796875 0.7004830917874396 0.0765625 0.21256038647342995
113 0.8765625 0.6956521739130435 0.075 0.2222222222222222