98 0.06875 0.15254237288135594 0.0921875 0.23002421307506055
1 0.178125 0.12106537530266344 0.1234375 0.1791767554479419
0 0.2984375 0.11864406779661017 0.109375 0.17675544794188863
58 0.421875 0.12106537530266344 0.125 0.17433414043583534
43 0.54375 0.12106537530266344 0.1125 0.17191283292978207
59 0.675 0.1234866828087167 0.1375 0.17675544794188863
44 0.80625 0.1234866828087167 0.128125 0.17433414043583534
49 0.0703125 0.6513317191283293 0.0984375 0.1694915254237288
34 0.1671875 0.6464891041162227 0.096875 0.16707021791767554
50 0.271875 0.6561743341404358 0.1 0.1864406779661017
35 0.3671875 0.6585956416464891 0.0890625 0.18401937046004843
51 0.4734375 0.6658595641646489 0.115625 0.19854721549636803
127 0.571875 0.6803874092009685 0.0796875 0.22760290556900725
113 0.65625 0.6755447941888619 0.0828125 0.23728813559322035
98 0.746875 0.6803874092009685 0.09375 0.23002421307506055
1 0.853125 0.6440677966101694 0.121875 0.17433414043583534