0 0.0984375 0.14962593516209477 0.1046875 0.16957605985037408
58 0.2125 0.15211970074812967 0.115625 0.16458852867830423
43 0.3265625 0.14962593516209477 0.10625 0.16708229426433915
59 0.45 0.1546134663341646 0.128125 0.17206982543640897
44 0.575 0.1546134663341646 0.1203125 0.17206982543640897
49 0.6828125 0.15211970074812967 0.09375 0.16209476309226933
34 0.771875 0.15211970074812967 0.090625 0.16209476309226933
50 0.86875 0.16209476309226933 0.0921875 0.17955112219451372
35 0.0859375 0.6683291770573566 0.084375 0.17955112219451372
51 0.1859375 0.6733167082294265 0.109375 0.19201995012468828
0 0.29375 0.655860349127182 0.1015625 0.17206982543640897
58 0.409375 0.6583541147132169 0.115625 0.16458852867830423
43 0.5234375 0.6583541147132169 0.10625 0.16708229426433915
59 0.6453125 0.6608478802992519 0.1296875 0.16708229426433915
44 0.7703125 0.6583541147132169 0.11875 0.17206982543640897
49 0.878125 0.6583541147132169 0.09375 0.16209476309226933