34 0.090625 0.15180722891566265 0.0953125 0.163855421686747
50 0.1921875 0.1614457831325301 0.096875 0.18072289156626506
35 0.2859375 0.15903614457831325 0.0890625 0.1783132530120482
51 0.3875 0.1686746987951807 0.1109375 0.18795180722891566
36 0.49375 0.16626506024096385 0.109375 0.19518072289156627
47 0.59375 0.1566265060240964 0.0921875 0.1710843373493976
32 0.68125 0.15421686746987953 0.078125 0.16626506024096385
48 0.775 0.1614457831325301 0.109375 0.18313253012048192
58 0.884375 0.15180722891566265 0.11875 0.163855421686747
43 0.10625 0.6578313253012048 0.1125 0.1686746987951807
59 0.2328125 0.6578313253012048 0.1328125 0.1710843373493976
44 0.3625 0.6602409638554216 0.125 0.1710843373493976
49 0.4734375 0.6578313253012048 0.0984375 0.163855421686747
34 0.5671875 0.6602409638554216 0.0953125 0.163855421686747
50 0.6671875 0.6674698795180722 0.0953125 0.1783132530120482
35 0.7609375 0.6674698795180722 0.0875 0.18313253012048192
51 0.865625 0.6746987951807228 0.1140625 0.19518072289156627