36 0.13125 0.1917808219178082 0.109375 0.1780821917808219
47 0.23125 0.18036529680365296 0.0890625 0.1552511415525114
32 0.315625 0.18036529680365296 0.0765625 0.15753424657534246
48 0.409375 0.1872146118721461 0.1046875 0.1689497716894977
33 0.50625 0.1872146118721461 0.090625 0.16666666666666666
49 0.596875 0.1780821917808219 0.0953125 0.1506849315068493
34 0.6875 0.1780821917808219 0.0921875 0.14840182648401826
50 0.7859375 0.18493150684931506 0.0953125 0.1643835616438356
35 0.878125 0.18493150684931506 0.084375 0.16210045662100456
51 0.140625 0.6621004566210046 0.109375 0.1780821917808219
36 0.24375 0.6621004566210046 0.109375 0.17579908675799086
47 0.3421875 0.6506849315068494 0.0875 0.15753424657534246
32 0.428125 0.6506849315068494 0.0765625 0.15753424657534246
48 0.5203125 0.6575342465753424 0.1078125 0.1689497716894977
33 0.6171875 0.6575342465753424 0.0921875 0.1689497716894977
53 0.7015625 0.6598173515981736 0.08125 0.17123287671232876
38 0.7859375 0.6575342465753424 0.0671875 0.17123287671232876
57 0.8765625 0.6735159817351598 0.09375 0.2009132420091324