42 0.1046875 0.1895734597156398 0.0796875 0.20616113744075829
36 0.190625 0.17772511848341233 0.109375 0.1848341232227488
47 0.2890625 0.16824644549763032 0.0875 0.16113744075829384
32 0.3734375 0.16824644549763032 0.0765625 0.15876777251184834
48 0.4640625 0.17298578199052134 0.10625 0.17298578199052134
33 0.5609375 0.17298578199052134 0.0921875 0.17298578199052134
53 0.64375 0.17535545023696683 0.0796875 0.17772511848341233
38 0.7265625 0.17535545023696683 0.0671875 0.17535545023696683
57 0.815625 0.1895734597156398 0.0921875 0.20853080568720378
42 0.90625 0.19194312796208532 0.0796875 0.20853080568720378
54 0.10625 0.6611374407582938 0.0921875 0.1990521327014218
39 0.19375 0.6611374407582938 0.08125 0.1990521327014218
55 0.28125 0.6682464454976303 0.0921875 0.2109004739336493
40 0.3703125 0.6682464454976303 0.0796875 0.2132701421800948
56 0.4625 0.6753554502369669 0.10625 0.22748815165876776
41 0.5609375 0.6753554502369669 0.096875 0.22985781990521326
47 0.6484375 0.6421800947867299 0.0875 0.16113744075829384
32 0.7328125 0.6421800947867299 0.0765625 0.16113744075829384
48 0.8234375 0.6492890995260664 0.10625 0.17535545023696683