33 0.1046875 0.16071428571428573 0.0921875 0.1836734693877551
53 0.1875 0.16326530612244897 0.0796875 0.1913265306122449
38 0.271875 0.16071428571428573 0.0671875 0.18877551020408162
57 0.359375 0.17857142857142858 0.0921875 0.22193877551020408
42 0.4484375 0.1760204081632653 0.078125 0.2193877551020408
54 0.5359375 0.17346938775510204 0.090625 0.21173469387755103
39 0.621875 0.17346938775510204 0.08125 0.20918367346938777
55 0.709375 0.18112244897959184 0.090625 0.22704081632653061
40 0.796875 0.18112244897959184 0.0796875 0.22704081632653061
56 0.890625 0.18877551020408162 0.10625 0.2423469387755102
41 0.103125 0.6913265306122449 0.096875 0.24489795918367346
147 0.1796875 0.6147959183673469 0.071875 0.10204081632653061
33 0.26875 0.6607142857142857 0.090625 0.18622448979591838
53 0.35 0.6632653061224489 0.08125 0.18877551020408162
38 0.4359375 0.6632653061224489 0.0671875 0.18877551020408162
57 0.5234375 0.6785714285714286 0.0921875 0.2193877551020408
42 0.6125 0.6785714285714286 0.0796875 0.22193877551020408
54 0.6984375 0.6760204081632653 0.0921875 0.20918367346938777
39 0.784375 0.6760204081632653 0.08125 0.21173469387755103
55 0.871875 0.6836734693877551 0.0921875 0.22704081632653061