40 0.1171875 0.17493472584856398 0.0765625 0.2245430809399478
56 0.20625 0.18276762402088773 0.1015625 0.2402088772845953
41 0.3 0.18276762402088773 0.0921875 0.24281984334203655
147 0.371875 0.10704960835509138 0.06875 0.09921671018276762
158 0.3890625 0.2245430809399478 0.0625 0.1122715404699739
151 0.4578125 0.14360313315926893 0.084375 0.17493472584856398
132 0.5375 0.10966057441253264 0.0703125 0.09660574412532637
155 0.54375 0.2193211488250653 0.078125 0.10443864229765012
53 0.6234375 0.15404699738903394 0.078125 0.18798955613577023
38 0.7046875 0.15404699738903394 0.065625 0.18798955613577023
57 0.790625 0.16971279373368145 0.0890625 0.2193211488250653
42 0.878125 0.16971279373368145 0.0765625 0.22193211488250653
54 0.121875 0.6631853785900783 0.090625 0.21148825065274152
39 0.2046875 0.6631853785900783 0.0796875 0.21148825065274152
55 0.2890625 0.6710182767624021 0.0875 0.2245430809399478
40 0.375 0.6710182767624021 0.0765625 0.2245430809399478
56 0.4640625 0.6814621409921671 0.103125 0.24281984334203655
41 0.55625 0.6814621409921671 0.09375 0.2402088772845953
147 0.6296875 0.6031331592689295 0.0703125 0.10182767624020887
158 0.6453125 0.720626631853786 0.0625 0.11488250652741515
151 0.715625 0.639686684073107 0.08125 0.17493472584856398
132 0.79375 0.6135770234986945 0.0703125 0.11488250652741515
155 0.8015625 0.7154046997389034 0.078125 0.10443864229765012
148 0.8765625 0.6370757180156658 0.0875 0.16971279373368145