54 0.11875 0.17054263565891473 0.090625 0.21705426356589147
39 0.20625 0.1731266149870801 0.0828125 0.21705426356589147
55 0.2953125 0.18087855297157623 0.09375 0.23255813953488372
40 0.3859375 0.17829457364341086 0.08125 0.2351421188630491
56 0.48125 0.19121447028423771 0.1078125 0.2532299741602067
41 0.5796875 0.19121447028423771 0.1 0.2532299741602067
147 0.65625 0.1111111111111111 0.075 0.10594315245478036
151 0.7375 0.14728682170542637 0.090625 0.18087855297157623
132 0.8203125 0.11886304909560723 0.0703125 0.11627906976744186
155 0.828125 0.22739018087855298 0.0828125 0.10594315245478036
148 0.909375 0.14470284237726097 0.090625 0.17571059431524547
132 0.1109375 0.6408268733850129 0.075 0.11886304909560723
156 0.125 0.7571059431524548 0.0703125 0.12661498708010335
149 0.2 0.6744186046511628 0.0875 0.19638242894056848
132 0.2859375 0.6408268733850129 0.075 0.12144702842377261
157 0.3 0.7648578811369509 0.1 0.1421188630490956
150 0.3890625 0.6821705426356589 0.1109375 0.20930232558139536
152 0.4953125 0.6666666666666666 0.1125 0.17571059431524547
151 0.5953125 0.6692506459948321 0.0875 0.18087855297157623
132 0.678125 0.6408268733850129 0.075 0.11627906976744186
157 0.69375 0.7648578811369509 0.0984375 0.13953488372093023
148 0.775 0.6666666666666666 0.09375 0.17829457364341086
132 0.865625 0.6408268733850129 0.075 0.11886304909560723
156 0.88125 0.7571059431524548 0.071875 0.12144702842377261