108 0.11875 0.16179775280898875 0.090625 0.1707865168539326
132 0.2046875 0.13258426966292136 0.075 0.10561797752808989
157 0.2203125 0.24269662921348314 0.0984375 0.12359550561797752
151 0.3109375 0.16853932584269662 0.1125 0.18202247191011237
152 0.415625 0.1550561797752809 0.1125 0.1550561797752809
153 0.534375 0.15730337078651685 0.1265625 0.15955056179775282
260 0.6375 0.12808988764044943 0.0734375 0.0853932584269663
298 0.63125 0.04943820224719101 0.0546875 0.060674157303370786
223 0.7 0.1303370786516854 0.0203125 0.060674157303370786
27 0.7453125 0.12134831460674157 0.05 0.09887640449438202
223 0.7953125 0.1303370786516854 0.021875 0.060674157303370786
151 0.859375 0.15730337078651685 0.090625 0.15955056179775282
132 0.1203125 0.6022471910112359 0.075 0.10337078651685393
155 0.1265625 0.6966292134831461 0.0828125 0.09213483146067415
148 0.20625 0.6247191011235955 0.09375 0.1550561797752809
132 0.2984375 0.6022471910112359 0.0765625 0.10561797752808989
156 0.3125 0.7033707865168539 0.0703125 0.10786516853932585
149 0.3875 0.6314606741573033 0.090625 0.1707865168539326
132 0.4734375 0.6022471910112359 0.075 0.10337078651685393
157 0.4890625 0.7123595505617978 0.1015625 0.12134831460674157
150 0.578125 0.6382022471910113 0.109375 0.18202247191011237
152 0.684375 0.6247191011235955 0.1125 0.1550561797752809
153 0.8015625 0.6247191011235955 0.1265625 0.16179775280898875
300 0.8984375 0.5932584269662922 0.0671875 0.0853932584269663
298 0.8890625 0.5168539325842697 0.05625 0.060674157303370786