223 0.0796875 0.16470588235294117 0.0203125 0.058823529411764705
27 0.1234375 0.15529411764705883 0.046875 0.0988235294117647
223 0.1734375 0.1623529411764706 0.0203125 0.0611764705882353
132 0.2328125 0.16705882352941176 0.0734375 0.10352941176470588
156 0.246875 0.26823529411764707 0.06875 0.10823529411764705
149 0.31875 0.1976470588235294 0.0859375 0.17411764705882352
132 0.4 0.16705882352941176 0.071875 0.10352941176470588
157 0.4171875 0.2776470588235294 0.096875 0.12705882352941175
150 0.5015625 0.2023529411764706 0.10625 0.18352941176470589
152 0.6046875 0.19058823529411764 0.1046875 0.15529411764705883
153 0.71875 0.19294117647058823 0.1203125 0.16
337 0.8171875 0.1623529411764706 0.071875 0.09411764705882353
298 0.809375 0.08235294117647059 0.0546875 0.0611764705882353
223 0.8765625 0.1623529411764706 0.0203125 0.058823529411764705
26 0.9125 0.16 0.0328125 0.08470588235294117
132 0.1015625 0.6376470588235295 0.071875 0.10352941176470588
156 0.115625 0.7411764705882353 0.06875 0.10823529411764705
149 0.1890625 0.6705882352941176 0.0859375 0.17411764705882352
132 0.2703125 0.6376470588235295 0.071875 0.10352941176470588
157 0.2859375 0.7505882352941177 0.0953125 0.1223529411764706
150 0.3703125 0.6752941176470588 0.1078125 0.18352941176470589
152 0.4734375 0.6611764705882353 0.1078125 0.15294117647058825
153 0.5875 0.6635294117647059 0.11875 0.16
153 0.703125 0.6635294117647059 0.1171875 0.15764705882352942