20 0.0921875 0.16864608076009502 0.1125 0.171021377672209
518 0.2109375 0.171021377672209 0.1140625 0.16864608076009502
555 0.3421875 0.17339667458432304 0.134375 0.17339667458432304
20 0.446875 0.166270783847981 0.109375 0.171021377672209
20 0.5421875 0.16864608076009502 0.109375 0.171021377672209
20 0.6390625 0.16864608076009502 0.109375 0.17339667458432304
435 0.7421875 0.17814726840855108 0.0890625 0.18052256532066507
225 0.8328125 0.17339667458432304 0.0859375 0.171021377672209
522 0.9203125 0.17339667458432304 0.0859375 0.16864608076009502
331 0.103125 0.7125890736342043 0.09375 0.22327790973871733
442 0.19375 0.7102137767220903 0.084375 0.2209026128266033
244 0.2890625 0.6912114014251781 0.103125 0.18527315914489312
251 0.3734375 0.6935866983372921 0.075 0.1876484560570071
255 0.465625 0.7102137767220903 0.0890625 0.2209026128266033
486 0.5515625 0.6912114014251781 0.078125 0.18052256532066507
493 0.6125 0.6935866983372921 0.059375 0.1828978622327791
497 0.6828125 0.7102137767220903 0.0734375 0.21852731591448932
365 0.7671875 0.6935866983372921 0.0890625 0.1876484560570071
369 0.871875 0.7102137767220903 0.103125 0.21852731591448932