569 0.109375 0.1896551724137931 0.08125 0.21182266009852216
376 0.2 0.1724137931034483 0.096875 0.1748768472906404
383 0.2796875 0.1748768472906404 0.0703125 0.17980295566502463
387 0.36875 0.1896551724137931 0.084375 0.20935960591133004
475 0.45 0.1748768472906404 0.06875 0.18226600985221675
583 0.534375 0.1748768472906404 0.0796875 0.17733990147783252
302 0.628125 0.1748768472906404 0.090625 0.17980295566502463
289 0.7109375 0.1921182266009852 0.0828125 0.21921182266009853
292 0.80625 0.1896551724137931 0.1046875 0.21182266009852216
548 0.909375 0.18472906403940886 0.0890625 0.2044334975369458
549 0.1140625 0.6896551724137931 0.0890625 0.21674876847290642
552 0.215625 0.6847290640394089 0.109375 0.21428571428571427
512 0.315625 0.6822660098522167 0.08125 0.2019704433497537
513 0.3984375 0.6896551724137931 0.08125 0.21921182266009853
516 0.490625 0.6847290640394089 0.1015625 0.21182266009852216
566 0.5859375 0.6822660098522167 0.08125 0.2019704433497537
567 0.66875 0.6896551724137931 0.078125 0.21921182266009853
570 0.7609375 0.687192118226601 0.0984375 0.20935960591133004
406 0.8640625 0.687192118226601 0.096875 0.21182266009852216