422 0.11875 0.21153846153846154 0.084375 0.20673076923076922
290 0.2125 0.22596153846153846 0.103125 0.23798076923076922
550 0.3140625 0.22596153846153846 0.10625 0.23798076923076922
514 0.4125 0.2283653846153846 0.1 0.23557692307692307
568 0.5078125 0.2283653846153846 0.0984375 0.23557692307692307
386 0.6015625 0.22596153846153846 0.1015625 0.2403846153846154
478 0.7 0.22596153846153846 0.1 0.23798076923076922
273 0.7953125 0.22596153846153846 0.1 0.23557692307692307
349 0.8953125 0.2283653846153846 0.1015625 0.23557692307692307
586 0.1359375 0.7139423076923077 0.109375 0.23557692307692307
459 0.2484375 0.7139423076923077 0.121875 0.23798076923076922
404 0.353125 0.7115384615384616 0.1 0.23798076923076922
236 0.4515625 0.7115384615384616 0.1015625 0.23557692307692307
181 0.5421875 0.6754807692307693 0.0953125 0.15865384615384615
397 0.6328125 0.6730769230769231 0.09375 0.15865384615384615
183 0.7390625 0.6899038461538461 0.1109375 0.19230769230769232
185 0.853125 0.6730769230769231 0.115625 0.16346153846153846