242 0.1 0.11578947368421053 0.06875 0.1
166 0.1125 0.22894736842105262 0.0671875 0.12894736842105264
242 0.18125 0.11842105263157894 0.06875 0.1
167 0.1953125 0.2394736842105263 0.090625 0.14736842105263157
183 0.2875 0.16578947368421051 0.10625 0.19473684210526315
260 0.3765625 0.11578947368421053 0.06875 0.09473684210526316
176 0.3890625 0.23157894736842105 0.0671875 0.12368421052631579
260 0.459375 0.11842105263157894 0.0703125 0.09473684210526316
177 0.471875 0.24210526315789474 0.09375 0.14210526315789473
210 0.55625 0.16052631578947368 0.0859375 0.18157894736842106
211 0.6484375 0.16578947368421051 0.103125 0.19210526315789472
213 0.7546875 0.15 0.109375 0.17105263157894737
213 0.8625 0.14736842105263157 0.109375 0.17105263157894737
214 0.125 0.6657894736842105 0.11875 0.1736842105263158
201 0.225 0.6736842105263158 0.0796875 0.18421052631578946
521 0.3015625 0.6394736842105263 0.06875 0.11315789473684211
218 0.3140625 0.7473684210526316 0.065625 0.12105263157894737
521 0.3828125 0.6394736842105263 0.06875 0.11315789473684211
219 0.3953125 0.7552631578947369 0.09375 0.14473684210526316
103 0.4703125 0.6605263157894737 0.0640625 0.15526315789473685
7 0.5640625 0.6631578947368421 0.1046875 0.17105263157894737
103 0.653125 0.6605263157894737 0.065625 0.15526315789473685
94 0.75 0.6657894736842105 0.115625 0.1763157894736842
63 0.8515625 0.6736842105263158 0.0890625 0.18421052631578946