134 0.1171875 0.15897435897435896 0.0953125 0.18717948717948718
141 0.2046875 0.1794871794871795 0.0828125 0.2230769230769231
85 0.2921875 0.18974358974358974 0.096875 0.24358974358974358
71 0.3796875 0.18974358974358974 0.09375 0.24102564102564103
141 0.465625 0.1794871794871795 0.0828125 0.2282051282051282
85 0.5546875 0.18974358974358974 0.0953125 0.24102564102564103
85 0.64375 0.18974358974358974 0.0953125 0.24102564102564103
142 0.7359375 0.18717948717948718 0.0984375 0.24358974358974358
132 0.8234375 0.12307692307692308 0.0828125 0.11282051282051282
155 0.825 0.22564102564102564 0.078125 0.1
149 0.10625 0.6538461538461539 0.0859375 0.18717948717948718
142 0.2 0.6897435897435897 0.0984375 0.24358974358974358
142 0.29375 0.6871794871794872 0.0953125 0.23846153846153847
142 0.3875 0.6871794871794872 0.0984375 0.23846153846153847
150 0.475 0.6615384615384615 0.10625 0.2
29 0.553125 0.6205128205128205 0.0578125 0.09230769230769231
445 0.64375 0.6461538461538462 0.10625 0.1717948717948718
29 0.725 0.6230769230769231 0.0546875 0.09743589743589744
445 0.8171875 0.6461538461538462 0.1046875 0.16923076923076924
29 0.8984375 0.6230769230769231 0.0578125 0.08974358974358974