355 0.134375 0.15151515151515152 0.090625 0.08874458874458875
222 0.146875 0.07142857142857142 0.025 0.030303030303030304
336 0.165625 0.0735930735930736 0.021875 0.030303030303030304
260 0.2390625 0.15151515151515152 0.078125 0.08658008658008658
194 0.2546875 0.24025974025974026 0.0484375 0.0735930735930736
22 0.3515625 0.17965367965367965 0.1234375 0.16233766233766234
360 0.434375 0.15584415584415584 0.025 0.07142857142857142
260 0.5 0.15151515151515152 0.0796875 0.09090909090909091
222 0.5046875 0.07142857142857142 0.0234375 0.030303030303030304
355 0.596875 0.15151515151515152 0.090625 0.09307359307359307
336 0.621875 0.0735930735930736 0.0234375 0.02813852813852814
207 0.6515625 0.06060606060606061 0.03125 0.06493506493506493
360 0.6734375 0.15584415584415584 0.028125 0.07142857142857142
374 0.7390625 0.15151515151515152 0.078125 0.08658008658008658
17 0.840625 0.17965367965367965 0.1125 0.16017316017316016
466 0.13125 0.6363636363636364 0.0734375 0.09090909090909091
222 0.1328125 0.5562770562770563 0.0234375 0.030303030303030304
355 0.2265625 0.6363636363636364 0.090625 0.08874458874458875
222 0.2375 0.5562770562770563 0.025 0.030303030303030304
336 0.25625 0.5584415584415584 0.0234375 0.032467532467532464
180 0.30625 0.6731601731601732 0.040625 0.16666666666666666
360 0.3515625 0.6406926406926406 0.0234375 0.06926406926406926
360 0.3734375 0.6406926406926406 0.025 0.07142857142857142
297 0.4203125 0.670995670995671 0.0421875 0.16233766233766234
261 0.4875 0.6363636363636364 0.075 0.09090909090909091
297 0.5546875 0.670995670995671 0.04375 0.15800865800865802
556 0.621875 0.6341991341991342 0.071875 0.09090909090909091
297 0.6875 0.670995670995671 0.04375 0.16017316017316016
355 0.7625 0.6363636363636364 0.090625 0.09090909090909091