297 0.0953125 0.16957605985037408 0.040625 0.16708229426433915
466 0.15625 0.13216957605985039 0.0671875 0.08977556109725686
222 0.159375 0.04738154613466334 0.021875 0.032418952618453865
465 0.21875 0.12967581047381546 0.040625 0.09226932668329177
17 0.2984375 0.1596009975062344 0.103125 0.16708229426433915
22 0.4125 0.16209476309226933 0.1109375 0.16708229426433915
364 0.5265625 0.16708229426433915 0.1 0.16708229426433915
222 0.525 0.04738154613466334 0.0234375 0.032418952618453865
510 0.6203125 0.16708229426433915 0.0828125 0.16209476309226933
21 0.715625 0.16209476309226933 0.103125 0.16708229426433915
318 0.1109375 0.6334164588528678 0.0734375 0.09476309226932668
355 0.1984375 0.6359102244389028 0.0828125 0.09476309226932668
208 0.2828125 0.6359102244389028 0.0828125 0.09226932668329177
484 0.35 0.6359102244389028 0.0484375 0.09226932668329177
337 0.415625 0.6359102244389028 0.071875 0.09226932668329177
556 0.4953125 0.6359102244389028 0.065625 0.09725685785536159
374 0.5703125 0.6359102244389028 0.071875 0.09226932668329177
297 0.6328125 0.6733167082294265 0.040625 0.16957605985037408
410 0.6921875 0.6334164588528678 0.065625 0.09476309226932668
194 0.7046875 0.7281795511221946 0.04375 0.0798004987531172
297 0.75625 0.6708229426433915 0.040625 0.16957605985037408
410 0.815625 0.6334164588528678 0.065625 0.09476309226932668
318 0.8921875 0.6334164588528678 0.0734375 0.09226932668329177
336 0.9109375 0.5536159600997507 0.0203125 0.032418952618453865