318 0.1140625 0.1571072319201995 0.071875 0.08977556109725686
260 0.1921875 0.1571072319201995 0.0703125 0.09226932668329177
296 0.196875 0.07481296758104738 0.0515625 0.06234413965087282
300 0.2671875 0.1546134663341646 0.0625 0.08977556109725686
336 0.2796875 0.0773067331670823 0.01875 0.029925187032418952
411 0.30625 0.0798004987531172 0.025 0.022443890274314215
326 0.3578125 0.18952618453865336 0.0859375 0.1596009975062344
355 0.4421875 0.1546134663341646 0.078125 0.09226932668329177
484 0.5125 0.1571072319201995 0.0484375 0.08977556109725686
318 0.5796875 0.1571072319201995 0.071875 0.09226932668329177
336 0.596875 0.0773067331670823 0.0203125 0.029925187032418952
411 0.625 0.0798004987531172 0.0234375 0.02493765586034913
502 0.6640625 0.1546134663341646 0.065625 0.08977556109725686
224 0.7390625 0.1546134663341646 0.06875 0.09226932668329177
296 0.7453125 0.07481296758104738 0.0515625 0.06234413965087282
17 0.834375 0.18453865336658354 0.1 0.16209476309226933
556 0.1109375 0.6433915211970075 0.065625 0.08977556109725686
336 0.1234375 0.5660847880299252 0.0203125 0.02743142144638404
556 0.1875 0.6433915211970075 0.0640625 0.08977556109725686
336 0.2015625 0.5660847880299252 0.0203125 0.029925187032418952
520 0.26875 0.6433915211970075 0.0734375 0.08977556109725686
410 0.3453125 0.6433915211970075 0.0640625 0.09476309226932668
192 0.35 0.7206982543640897 0.0609375 0.057356608478802994
374 0.421875 0.6458852867830424 0.06875 0.09226932668329177
336 0.4375 0.5660847880299252 0.0203125 0.029925187032418952
392 0.4984375 0.6433915211970075 0.0625 0.09226932668329177
22 0.5921875 0.6708229426433915 0.1078125 0.1596009975062344
360 0.6640625 0.6483790523690773 0.0234375 0.07231920199501247
360 0.684375 0.6483790523690773 0.021875 0.07481296758104738