221 0.09375 0.13317191283292978 0.05 0.16464891041162227
297 0.1578125 0.15738498789346247 0.0421875 0.16464891041162227
337 0.21875 0.12106537530266344 0.071875 0.09200968523002422
222 0.225 0.0387409200968523 0.021875 0.029055690072639227
229 0.3125 0.15254237288135594 0.09375 0.1549636803874092
455 0.41875 0.1549636803874092 0.109375 0.162227602905569
510 0.5203125 0.1549636803874092 0.084375 0.162227602905569
15 0.61875 0.15012106537530268 0.10625 0.16464891041162227
466 0.715625 0.12106537530266344 0.06875 0.09200968523002422
222 0.7171875 0.0387409200968523 0.0234375 0.031476997578692496
355 0.803125 0.12106537530266344 0.0828125 0.09200968523002422
222 0.8140625 0.0387409200968523 0.0234375 0.03389830508474576
336 0.83125 0.04116222760290557 0.0203125 0.031476997578692496
180 0.878125 0.15980629539951574 0.0375 0.17433414043583534
502 0.1125 0.6198547215496368 0.0703125 0.09200968523002422
582 0.1265625 0.7288135593220338 0.0703125 0.1162227602905569
364 0.2125 0.6537530266343826 0.0984375 0.15980629539951574
207 0.259375 0.5278450363196125 0.028125 0.06053268765133172
261 0.3078125 0.6198547215496368 0.0703125 0.09200968523002422
261 0.384375 0.6198547215496368 0.06875 0.09200968523002422
392 0.4609375 0.6198547215496368 0.0640625 0.09200968523002422
159 0.46875 0.6997578692493946 0.0515625 0.05569007263922518
455 0.559375 0.6537530266343826 0.1078125 0.162227602905569
374 0.653125 0.6198547215496368 0.071875 0.08958837772397095
564 0.7390625 0.6537530266343826 0.0828125 0.162227602905569