318 0.1 0.1318407960199005 0.075 0.0945273631840796
336 0.11875 0.04975124378109453 0.0203125 0.029850746268656716
411 0.146875 0.05223880597014925 0.0265625 0.024875621890547265
502 0.1890625 0.1318407960199005 0.06875 0.09701492537313433
336 0.2046875 0.05223880597014925 0.021875 0.03233830845771144
502 0.2703125 0.1318407960199005 0.06875 0.09701492537313433
336 0.2875 0.04975124378109453 0.021875 0.029850746268656716
180 0.3328125 0.17412935323383086 0.0390625 0.17661691542288557
355 0.4015625 0.1318407960199005 0.084375 0.0945273631840796
336 0.4234375 0.04975124378109453 0.021875 0.03233830845771144
286 0.5 0.16666666666666666 0.0859375 0.1691542288557214
297 0.5671875 0.1691542288557214 0.0421875 0.17412935323383086
374 0.6296875 0.1318407960199005 0.071875 0.0945273631840796
169 0.6421875 0.21144278606965175 0.053125 0.05970149253731343
502 0.7109375 0.1318407960199005 0.0703125 0.0945273631840796
360 0.7671875 0.13681592039800994 0.0234375 0.07462686567164178
360 0.7875 0.13681592039800994 0.0234375 0.07960199004975124
60 0.8484375 0.13930348258706468 0.078125 0.11194029850746269
411 0.890625 0.05223880597014925 0.0265625 0.024875621890547265
355 0.103125 0.6442786069651741 0.084375 0.09203980099502487
410 0.1875 0.6417910447761194 0.0671875 0.09701492537313433
318 0.265625 0.6417910447761194 0.075 0.09701492537313433
410 0.3453125 0.6417910447761194 0.0671875 0.09701492537313433
556 0.421875 0.6442786069651741 0.0671875 0.09203980099502487
336 0.434375 0.5597014925373134 0.021875 0.03233830845771144
547 0.5078125 0.6890547263681592 0.078125 0.1890547263681592
336 0.5296875 0.5621890547263682 0.0203125 0.03233830845771144
520 0.6015625 0.6442786069651741 0.0765625 0.09701492537313433
410 0.68125 0.6417910447761194 0.0671875 0.0945273631840796
300 0.6953125 0.7263681592039801 0.0453125 0.05721393034825871
296 0.6875 0.5572139303482587 0.053125 0.06467661691542288
297 0.7515625 0.681592039800995 0.0421875 0.17164179104477612
261 0.8140625 0.6442786069651741 0.0703125 0.0945273631840796
360 0.86875 0.6492537313432836 0.0234375 0.07960199004975124