382 0.1109375 0.18414322250639387 0.084375 0.16624040920716113
411 0.153125 0.06905370843989769 0.025 0.02557544757033248
308 0.1984375 0.18414322250639387 0.078125 0.16624040920716113
180 0.2546875 0.18925831202046037 0.0359375 0.17391304347826086
318 0.31875 0.1483375959079284 0.0734375 0.09462915601023018
336 0.3375 0.06649616368286446 0.021875 0.03324808184143223
411 0.3640625 0.06905370843989769 0.025 0.02557544757033248
466 0.409375 0.1483375959079284 0.0671875 0.09462915601023018
336 0.4234375 0.06649616368286446 0.021875 0.030690537084398978
411 0.45 0.07161125319693094 0.025 0.02557544757033248
300 0.4890625 0.1483375959079284 0.0625 0.09718670076726342
336 0.503125 0.06649616368286446 0.021875 0.030690537084398978
207 0.528125 0.05115089514066496 0.028125 0.06649616368286446
556 0.5734375 0.1483375959079284 0.065625 0.09207161125319693
546 0.659375 0.18414322250639387 0.0890625 0.16879795396419436
355 0.109375 0.639386189258312 0.0828125 0.09718670076726342
411 0.1546875 0.5575447570332481 0.025 0.02557544757033248
297 0.1828125 0.6751918158567775 0.0390625 0.17135549872122763
300 0.2390625 0.639386189258312 0.065625 0.09974424552429667
465 0.2953125 0.6368286445012787 0.040625 0.09462915601023018
392 0.35625 0.639386189258312 0.0640625 0.09718670076726342
412 0.428125 0.6368286445012787 0.0640625 0.09718670076726342
297 0.4875 0.6751918158567775 0.040625 0.17135549872122763
410 0.546875 0.6368286445012787 0.0640625 0.09718670076726342
484 0.5640625 0.7212276214833759 0.0375 0.0639386189258312
465 0.60625 0.639386189258312 0.0390625 0.09718670076726342
520 0.675 0.639386189258312 0.0765625 0.09462915601023018
336 0.69375 0.5575447570332481 0.021875 0.030690537084398978
374 0.759375 0.639386189258312 0.0703125 0.09718670076726342
17 0.8515625 0.6675191815856778 0.1015625 0.17391304347826086