546 0.121875 0.2 0.09375 0.1619047619047619
300 0.203125 0.16666666666666666 0.065625 0.09285714285714286
502 0.2796875 0.16666666666666666 0.06875 0.09047619047619047
192 0.284375 0.24523809523809523 0.0640625 0.05714285714285714
411 0.321875 0.09047619047619047 0.0265625 0.02619047619047619
297 0.3515625 0.20238095238095238 0.0421875 0.16428571428571428
300 0.4109375 0.16666666666666666 0.0671875 0.09285714285714286
465 0.46875 0.16666666666666666 0.0421875 0.0880952380952381
437 0.540625 0.2 0.0828125 0.16428571428571428
374 0.621875 0.16666666666666666 0.071875 0.09047619047619047
336 0.6390625 0.08571428571428572 0.0234375 0.03333333333333333
502 0.70625 0.16666666666666666 0.0703125 0.09523809523809523
193 0.7171875 0.24523809523809523 0.0546875 0.05714285714285714
574 0.7953125 0.16666666666666666 0.08125 0.09285714285714286
411 0.8390625 0.09047619047619047 0.025 0.023809523809523808
484 0.0984375 0.6666666666666666 0.0515625 0.09047619047619047
296 0.09375 0.5833333333333334 0.05625 0.06428571428571428
502 0.171875 0.6642857142857143 0.0703125 0.09285714285714286
194 0.1859375 0.7571428571428571 0.0453125 0.0761904761904762
336 0.1921875 0.5880952380952381 0.021875 0.030952380952380953
412 0.25625 0.6666666666666666 0.06875 0.09285714285714286
411 0.2953125 0.5904761904761905 0.028125 0.02619047619047619
297 0.325 0.7023809523809523 0.0421875 0.16666666666666666
300 0.384375 0.6666666666666666 0.0671875 0.09047619047619047
465 0.4421875 0.6666666666666666 0.0390625 0.09047619047619047
318 0.5109375 0.6666666666666666 0.0765625 0.09047619047619047
318 0.5984375 0.6642857142857143 0.084375 0.09047619047619047
208 0.6890625 0.6666666666666666 0.084375 0.09285714285714286
484 0.7546875 0.6666666666666666 0.053125 0.09285714285714286
337 0.8265625 0.6666666666666666 0.0734375 0.09047619047619047
556 0.9078125 0.6666666666666666 0.06875 0.09285714285714286