360 0.0828125 0.14578587699316628 0.0234375 0.0683371298405467
360 0.1046875 0.14578587699316628 0.025 0.07061503416856492
30 0.175 0.13895216400911162 0.09375 0.09339407744874716
207 0.2171875 0.05466970387243736 0.0296875 0.05922551252847381
300 0.259375 0.14123006833712984 0.0640625 0.08656036446469248
437 0.3390625 0.17312072892938496 0.08125 0.15261958997722094
374 0.41875 0.14350797266514806 0.071875 0.08428246013667426
336 0.434375 0.0683371298405467 0.0203125 0.029612756264236904
502 0.5015625 0.14350797266514806 0.06875 0.08656036446469248
193 0.5109375 0.2164009111617312 0.053125 0.05466970387243736
574 0.5875 0.14350797266514806 0.0796875 0.08656036446469248
411 0.63125 0.07061503416856492 0.0265625 0.02050113895216401
355 0.6796875 0.14350797266514806 0.0828125 0.08428246013667426
411 0.7265625 0.07061503416856492 0.0265625 0.02050113895216401
297 0.7546875 0.1776765375854214 0.040625 0.1548974943052392
300 0.8125 0.14350797266514806 0.0640625 0.08428246013667426
465 0.86875 0.14123006833712984 0.0421875 0.08656036446469248
355 0.1109375 0.6082004555808656 0.0828125 0.08428246013667426
355 0.2015625 0.6082004555808656 0.0828125 0.08200455580865604
297 0.271875 0.6400911161731208 0.0421875 0.1548974943052392
412 0.3296875 0.6059225512528473 0.0640625 0.08656036446469248
502 0.4046875 0.6059225512528473 0.06875 0.08656036446469248
336 0.4203125 0.5353075170842825 0.021875 0.029612756264236904
411 0.4484375 0.5353075170842825 0.025 0.02050113895216401
374 0.4921875 0.6082004555808656 0.071875 0.08656036446469248
300 0.565625 0.6082004555808656 0.0625 0.0888382687927107
336 0.5796875 0.5330296127562643 0.021875 0.02733485193621868
410 0.746875 0.6082004555808656 0.0671875 0.08656036446469248
543 0.75 0.7038724373576309 0.08125 0.10022779043280182
336 0.7671875 0.5330296127562643 0.021875 0.03189066059225513
318 0.8359375 0.6082004555808656 0.078125 0.0888382687927107
336 0.853125 0.5330296127562643 0.021875 0.029612756264236904
411 0.8828125 0.5375854214123007 0.028125 0.022779043280182234
446 0.6578125 0.6059225512528473 0.0953125 0.09111617312072894