374 0.090625 0.14285714285714285 0.0765625 0.09297052154195011
17 0.190625 0.17233560090702948 0.1125 0.1655328798185941
260 0.29375 0.14285714285714285 0.0765625 0.09750566893424037
222 0.2984375 0.05895691609977324 0.0265625 0.034013605442176874
336 0.3171875 0.06349206349206349 0.021875 0.027210884353741496
355 0.3953125 0.14285714285714285 0.0890625 0.09297052154195011
336 0.41875 0.06349206349206349 0.0234375 0.031746031746031744
207 0.446875 0.049886621315192746 0.03125 0.06349206349206349
360 0.471875 0.14512471655328799 0.025 0.07256235827664399
400 0.5390625 0.17913832199546487 0.0875 0.1655328798185941
374 0.625 0.14285714285714285 0.078125 0.09750566893424037
297 0.0734375 0.6780045351473923 0.0453125 0.1655328798185941
261 0.1421875 0.6439909297052154 0.075 0.09297052154195011
297 0.2078125 0.6802721088435374 0.0453125 0.1655328798185941
556 0.271875 0.6439909297052154 0.0734375 0.09297052154195011
297 0.3390625 0.6780045351473923 0.04375 0.16326530612244897
355 0.4109375 0.6417233560090703 0.0890625 0.09297052154195011
364 0.5171875 0.6757369614512472 0.103125 0.1655328798185941
286 0.6203125 0.6757369614512472 0.0921875 0.15873015873015872
412 0.7046875 0.6439909297052154 0.0703125 0.09070294784580499
411 0.74375 0.5668934240362812 0.0265625 0.022675736961451247
297 0.7765625 0.6780045351473923 0.0421875 0.1655328798185941
300 0.8359375 0.6417233560090703 0.0703125 0.09297052154195011
465 0.8984375 0.6417233560090703 0.04375 0.09070294784580499